1663196022402 0.0 0
1663196022726 0.15810324251651764 1
1663196023013 2.801461935043335 2
1663196023268 21.881834030151367 3
1663196023513 44.693912506103516 4
1663196023757 69.85948181152344 5
1663196023998 123.22801208496094 6
1663196024241 186.5667724609375 7
1663196024487 261.7453308105469 8
1663196024752 353.0722961425781 9
1663196024998 462.6217346191406 10
1663196025239 555.8065795898438 11
1663196025484 678.0130615234375 12
1663196025726 853.3587036132812 13
1663196025972 1118.68896484375 14
1663196026219 1437.1947021484375 15
1663196026462 1861.2330322265625 16
1663196026706 2398.87939453125 17
1663196026947 3141.120361328125 18
1663196027188 4125.88916015625 19
1663196027434 5485.97021484375 20
1663196027678 7380.53857421875 21
1663196027928 9932.4462890625 22
1663196028174 13110.8623046875 23
1663196028418 17438.990234375 24
1663196028660 23516.462890625 25
1663196028903 31927.42578125 26
1663196029149 42308.81640625 27
1663196029394 54373.7734375 28
1663196029638 70297.1015625 29
1663196029882 89881.34375 30
1663196030127 117684.6875 31
1663196030372 162802.328125 32
1663196030618 225262.3125 33
1663196030861 342776.21875 34
1663196031104 495003.15625 35
1663196031349 798734.75 36
1663196031595 1240502.0 37
1663196031836 1809708.75 38
1663196032081 2741201.25 39
1663196032329 4008093.75 40
1663196032571 6301692.0 41
1663196032817 9564034.0 42
1663196033061 14549501.0 43
1663196033307 22482976.0 44
1663196033550 33525836.0 45
1663196033814 47775148.0 46
1663196034076 59812236.0 47
1663196034321 74511608.0 48
1663196034562 96793416.0 49
1663196034807 127246880.0 50
1663196035051 179391120.0 51
1663196035293 269513376.0 52
1663196035539 388982016.0 53
1663196035783 565566272.0 54
1663196036028 846996800.0 55
1663196036274 1244804864.0 56
1663196036516 1889902336.0 57
1663196036761 2695507968.0 58
1663196037004 3918077184.0 59
1663196037251 5532219904.0 60
1663196037501 8728682496.0 61
1663196037747 13640166400.0 62
1663196037987 21003722752.0 63
1663196038231 31301263360.0 64
1663196038476 46239113216.0 65
1663196038722 65204371456.0 66
1663196038970 91001241600.0 67
1663196039212 123955085312.0 68
