1663196022401 0.1656240075826645 0
1663196022724 0.23511606454849243 1
1663196023012 0.7340193390846252 2
1663196023267 0.9999998807907104 3
1663196023512 1.0 4
1663196023756 1.0 5
1663196023997 1.0 6
1663196024239 1.0 7
1663196024485 1.0 8
1663196024751 1.0 9
1663196024997 1.0 10
1663196025238 1.0 11
1663196025483 1.0 12
1663196025724 1.0 13
1663196025971 1.0 14
1663196026217 1.0 15
1663196026461 1.0 16
1663196026704 1.0 17
1663196026945 1.0 18
1663196027186 1.0 19
1663196027432 1.0 20
1663196027677 1.0 21
1663196027927 1.0 22
1663196028173 1.0 23
1663196028417 1.0 24
1663196028659 1.0 25
1663196028902 1.0 26
1663196029148 1.0 27
1663196029393 1.0 28
1663196029637 1.0 29
1663196029881 1.0 30
1663196030125 1.0 31
1663196030370 1.0 32
1663196030617 1.0 33
1663196030860 1.0 34
1663196031103 1.0 35
1663196031348 1.0 36
1663196031593 1.0 37
1663196031835 1.0 38
1663196032079 1.0 39
1663196032327 1.0 40
1663196032570 1.0 41
1663196032815 1.0 42
1663196033060 1.0 43
1663196033306 1.0 44
1663196033549 1.0 45
1663196033812 1.0 46
1663196034075 1.0 47
1663196034319 1.0 48
1663196034561 1.0 49
1663196034806 1.0 50
1663196035050 1.0 51
1663196035291 1.0 52
1663196035538 1.0 53
1663196035781 1.0 54
1663196036027 1.0 55
1663196036273 1.0 56
1663196036514 1.0 57
1663196036760 1.0 58
1663196037003 1.0 59
1663196037250 1.0 60
1663196037500 1.0 61
1663196037745 1.0 62
1663196037986 1.0 63
1663196038230 1.0 64
1663196038474 1.0 65
1663196038721 1.0 66
1663196038969 1.0 67
1663196039211 1.0 68
