1663196022416 0.032915253192186356 0
1663196022740 0.03587750717997551 1
1663196023027 0.04426901414990425 2
1663196023280 0.05256842449307442 3
1663196023526 0.04830494150519371 4
1663196023769 0.043623484671115875 5
1663196024010 0.04142432287335396 6
1663196024253 0.037068504840135574 7
1663196024499 0.02888207510113716 8
1663196024764 0.02492465451359749 9
1663196025010 0.016495531424880028 10
1663196025251 0.017193561419844627 11
1663196025496 0.019427651539444923 12
1663196025738 0.022947967052459717 13
1663196025984 0.02153712511062622 14
1663196026231 0.022657036781311035 15
1663196026474 0.02260093204677105 16
1663196026718 0.024311406537890434 17
1663196026959 0.02488846145570278 18
1663196027200 0.026473915204405785 19
1663196027446 0.028278058394789696 20
1663196027691 0.028905613347887993 21
1663196027940 0.027092283591628075 22
1663196028186 0.027828628197312355 23
1663196028430 0.029467403888702393 24
1663196028672 0.030588436871767044 25
1663196028915 0.02813827432692051 26
1663196029161 0.024471212178468704 27
1663196029406 0.024479258805513382 28
1663196029650 0.022968262434005737 29
1663196029894 0.025067675858736038 30
1663196030139 0.031207341700792313 31
1663196030383 0.032528042793273926 32
1663196030630 0.04546838998794556 33
1663196030873 0.041945260018110275 34
1663196031116 0.05899855121970177 35
1663196031361 0.05759922415018082 36
1663196031606 0.04899170622229576 37
1663196031848 0.05373156815767288 38
1663196032093 0.04868388921022415 39
1663196032341 0.05933227762579918 40
1663196032583 0.05553267151117325 41
1663196032829 0.055873364210128784 42
1663196033073 0.0585007444024086 43
1663196033319 0.05321403965353966 44
1663196033562 0.04534980654716492 45
1663196033827 0.02591974101960659 46
1663196034088 0.022778166458010674 47
1663196034333 0.025787895545363426 48
1663196034574 0.026583535596728325 49
1663196034819 0.03442459926009178 50
1663196035063 0.044065315276384354 51
1663196035305 0.04169663414359093 52
1663196035551 0.04352211579680443 53
1663196035794 0.048510026186704636 54
1663196036040 0.04712725803256035 55
1663196036286 0.05232396349310875 56
1663196036528 0.0440697968006134 57
1663196036773 0.045790959149599075 58
1663196037016 0.04147017002105713 59
1663196037263 0.057018399238586426 60
1663196037513 0.05872434377670288 61
1663196037758 0.05792517587542534 62
1663196037999 0.05301067978143692 63
1663196038244 0.050840843468904495 64
1663196038488 0.043082863092422485 65
1663196038734 0.04005412384867668 66
1663196038982 0.03560367226600647 67
1663196039224 0.02821364440023899 68
