1663196022417 0.0 0
1663196022741 9.222210884094238 1
1663196023028 19.56307029724121 2
1663196023282 31.8436336517334 3
1663196023527 63.27783966064453 4
1663196023770 111.50856018066406 5
1663196024011 176.09356689453125 6
1663196024254 266.7531433105469 7
1663196024500 383.6402587890625 8
1663196024765 511.8663635253906 9
1663196025011 663.3292236328125 10
1663196025252 796.7252197265625 11
1663196025497 975.4511108398438 12
1663196025739 1230.623291015625 13
1663196025985 1610.5147705078125 14
1663196026232 2064.144775390625 15
1663196026476 2671.94580078125 16
1663196026719 3447.497314453125 17
1663196026960 4517.4189453125 18
1663196027201 5931.1279296875 19
1663196027447 7881.92822265625 20
1663196027692 10605.1591796875 21
1663196027941 14276.4091796875 22
1663196028187 18844.076171875 23
1663196028431 25061.359375 24
1663196028674 33794.98046875 25
1663196028916 45885.625 26
1663196029162 60805.96875 27
1663196029407 78142.90625 28
1663196029651 101025.3515625 29
1663196029895 129171.421875 30
1663196030140 169130.234375 31
1663196030385 233969.609375 32
1663196030631 323729.625 33
1663196030874 492612.15625 34
1663196031117 711382.0 35
1663196031362 1147878.625 36
1663196031608 1782752.375 37
1663196031849 2600770.5 38
1663196032094 3939436.25 39
1663196032342 5760114.0 40
1663196032584 9056275.0 41
1663196032830 13744657.0 42
1663196033074 20909364.0 43
1663196033320 32310714.0 44
1663196033563 48180596.0 45
1663196033828 68658544.0 46
1663196034089 85957328.0 47
1663196034334 107082072.0 48
1663196034575 139103680.0 49
1663196034820 182868992.0 50
1663196035064 257806288.0 51
1663196035306 387322048.0 52
1663196035552 559013760.0 53
1663196035796 812785216.0 54
1663196036041 1217237376.0 55
1663196036287 1788932224.0 56
1663196036529 2716013056.0 57
1663196036774 3873769216.0 58
1663196037017 5630740992.0 59
1663196037265 7950458880.0 60
1663196037514 12544185344.0 61
1663196037760 19602507776.0 62
1663196038000 30184902656.0 63
1663196038245 44983640064.0 64
1663196038489 66451030016.0 65
1663196038735 93706436608.0 66
1663196038983 130779693056.0 67
1663196039225 178138234880.0 68
