1663196022418 0.0 0
1663196022742 0.15810324251651764 1
1663196023029 2.801461935043335 2
1663196023283 21.881834030151367 3
1663196023528 44.693912506103516 4
1663196023771 69.85948181152344 5
1663196024012 123.22801208496094 6
1663196024255 186.5667724609375 7
1663196024501 261.7453308105469 8
1663196024767 353.0722961425781 9
1663196025012 462.6217346191406 10
1663196025253 555.8065795898438 11
1663196025498 678.0130615234375 12
1663196025740 853.3587036132812 13
1663196025986 1118.68896484375 14
1663196026233 1437.1947021484375 15
1663196026477 1861.2330322265625 16
1663196026720 2398.87939453125 17
1663196026961 3141.120361328125 18
1663196027202 4125.88916015625 19
1663196027448 5485.97021484375 20
1663196027693 7380.53857421875 21
1663196027942 9932.4462890625 22
1663196028188 13110.8623046875 23
1663196028432 17438.990234375 24
1663196028675 23516.462890625 25
1663196028917 31927.42578125 26
1663196029163 42308.81640625 27
1663196029408 54373.7734375 28
1663196029652 70297.1015625 29
1663196029896 89881.34375 30
1663196030141 117684.6875 31
1663196030386 162802.328125 32
1663196030632 225262.3125 33
1663196030875 342776.21875 34
1663196031119 495003.15625 35
1663196031363 798734.75 36
1663196031609 1240502.0 37
1663196031850 1809708.75 38
1663196032095 2741201.25 39
1663196032343 4008093.75 40
1663196032586 6301692.0 41
1663196032831 9564034.0 42
1663196033076 14549501.0 43
1663196033321 22482976.0 44
1663196033564 33525836.0 45
1663196033829 47775148.0 46
1663196034090 59812236.0 47
1663196034335 74511608.0 48
1663196034576 96793416.0 49
1663196034821 127246880.0 50
1663196035065 179391120.0 51
1663196035307 269513376.0 52
1663196035553 388982016.0 53
1663196035797 565566272.0 54
1663196036043 846996800.0 55
1663196036288 1244804864.0 56
1663196036530 1889902336.0 57
1663196036775 2695507968.0 58
1663196037018 3918077184.0 59
1663196037266 5532219904.0 60
1663196037515 8728682496.0 61
1663196037761 13640166400.0 62
1663196038001 21003722752.0 63
1663196038246 31301263360.0 64
1663196038490 46239113216.0 65
1663196038736 65204371456.0 66
1663196038984 91001241600.0 67
1663196039226 123955085312.0 68
