1663196022413 6.434728622436523 0
1663196022737 6.790286540985107 1
1663196023024 7.404696464538574 2
1663196023278 8.039472579956055 3
1663196023523 7.742291450500488 4
1663196023767 7.429474830627441 5
1663196024008 7.27301549911499 6
1663196024251 6.895158290863037 7
1663196024497 6.1717095375061035 8
1663196024762 6.01629114151001 9
1663196025008 5.079817295074463 10
1663196025249 5.146289825439453 11
1663196025494 4.938032150268555 12
1663196025736 5.807282447814941 13
1663196025982 5.6272292137146 14
1663196026229 5.262014389038086 15
1663196026472 5.193941116333008 16
1663196026715 5.5683770179748535 17
1663196026957 5.634649753570557 18
1663196027198 5.915952682495117 19
1663196027444 6.241550922393799 20
1663196027688 6.324335098266602 21
1663196027938 6.056965351104736 22
1663196028184 6.765791893005371 23
1663196028428 7.004883766174316 24
1663196028670 7.25150728225708 25
1663196028913 6.965274810791016 26
1663196029159 6.220069885253906 27
1663196029404 6.264615535736084 28
1663196029648 5.837314605712891 29
1663196029892 6.007441997528076 30
1663196030136 6.84194278717041 31
1663196030381 6.916955947875977 32
1663196030628 8.021087646484375 33
1663196030871 7.643769264221191 34
1663196031114 9.040290832519531 35
1663196031359 8.817922592163086 36
1663196031604 8.080033302307129 37
1663196031846 8.407832145690918 38
1663196032091 7.930415153503418 39
1663196032339 8.890474319458008 40
1663196032581 8.595698356628418 41
1663196032826 8.69157600402832 42
1663196033071 8.950460433959961 43
1663196033317 8.595917701721191 44
1663196033560 7.86652946472168 45
1663196033824 6.619484901428223 46
1663196034086 6.016019344329834 47
1663196034331 6.167637825012207 48
1663196034572 6.139133930206299 49
1663196034817 7.229580879211426 50
1663196035061 8.20546817779541 51
1663196035302 7.88129186630249 52
1663196035549 7.911653518676758 53
1663196035792 8.320476531982422 54
1663196036038 8.097322463989258 55
1663196036284 8.611324310302734 56
1663196036526 7.836952209472656 57
1663196036771 8.037506103515625 58
1663196037014 7.627714157104492 59
1663196037261 8.572877883911133 60
1663196037511 8.68332290649414 61
1663196037756 8.587797164916992 62
1663196037997 8.35891342163086 63
1663196038241 8.300405502319336 64
1663196038485 7.896224021911621 65
1663196038732 7.676908016204834 66
1663196038980 7.3909711837768555 67
1663196039222 6.818305969238281 68
