1663196022404 0.1656240075826645 0
1663196022727 0.19870279729366302 1
1663196023015 0.29032936692237854 2
1663196023269 0.37046685814857483 3
1663196023514 0.3407520055770874 4
1663196023758 0.31648707389831543 5
1663196023999 0.30099397897720337 6
1663196024242 0.24154208600521088 7
1663196024488 0.12835410237312317 8
1663196024753 0.07666696608066559 9
1663196024999 0.018393827602267265 10
1663196025240 0.012913553975522518 11
1663196025485 0.004851864650845528 12
1663196025727 0.0018207645043730736 13
1663196025973 0.0010646864539012313 14
1663196026220 0.0004593222984112799 15
1663196026463 0.00034393343958072364 16
1663196026707 0.00035636703250929713 17
1663196026948 0.0003584290388971567 18
1663196027189 0.00027031218633055687 19
1663196027435 0.00023732220870442688 20
1663196027679 0.00024200328334700316 21
1663196027929 0.0002591892844066024 22
1663196028175 0.0006755006616003811 23
1663196028419 0.0005622929311357439 24
1663196028662 0.0008127451874315739 25
1663196028904 0.0028453075792640448 26
1663196029150 0.0064811743795871735 27
1663196029395 0.011120365932583809 28
1663196029639 0.01561713870614767 29
1663196029883 0.030763383954763412 30
1663196030128 0.04583995044231415 31
1663196030373 0.052057214081287384 32
1663196030619 0.06804291158914566 33
1663196030862 0.0678539052605629 34
1663196031106 0.06854705512523651 35
1663196031350 0.0817699059844017 36
1663196031596 0.07374924421310425 37
1663196031837 0.06582856178283691 38
1663196032082 0.07864516228437424 39
1663196032330 0.1107756495475769 40
1663196032573 0.09730706363916397 41
1663196032818 0.07128816843032837 42
1663196033062 0.07046123594045639 43
1663196033308 0.06977482885122299 44
1663196033551 0.06318549811840057 45
1663196033815 0.0042839618399739265 46
1663196034077 0.00624837726354599 47
1663196034322 0.006720646284520626 48
1663196034563 0.010971609503030777 49
1663196034808 0.01782345212996006 50
1663196035052 0.021469425410032272 51
1663196035294 0.021317947655916214 52
1663196035540 0.028431197628378868 53
1663196035784 0.025501858443021774 54
1663196036030 0.022598538547754288 55
1663196036275 0.018904242664575577 56
1663196036517 0.02060714364051819 57
1663196036762 0.0134412357583642 58
1663196037005 0.019287338480353355 59
1663196037253 0.010896428488194942 60
1663196037503 0.012360158376395702 61
1663196037748 0.01300202775746584 62
1663196037988 0.01674141176044941 63
1663196038232 0.011612706817686558 64
1663196038477 0.01479802094399929 65
1663196038723 0.014334678649902344 66
1663196038971 0.014269186183810234 67
1663196039213 0.011824977584183216 68
