1663196022415 0.670847475528717 0
1663196022738 0.6412249207496643 1
1663196023025 0.5573098659515381 2
1663196023279 0.4743157923221588 3
1663196023524 0.5169506072998047 4
1663196023768 0.5637651681900024 5
1663196024009 0.585756778717041 6
1663196024252 0.6293149590492249 7
1663196024498 0.711179256439209 8
1663196024763 0.7507534623146057 9
1663196025009 0.8350446820259094 10
1663196025250 0.8280643820762634 11
1663196025495 0.8057234883308411 12
1663196025737 0.7705203294754028 13
1663196025983 0.7846287488937378 14
1663196026230 0.7734296321868896 15
1663196026473 0.7739906907081604 16
1663196026717 0.7568859457969666 17
1663196026958 0.7511153817176819 18
1663196027199 0.7352608442306519 19
1663196027445 0.7172194123268127 20
1663196027690 0.710943877696991 21
1663196027939 0.729077160358429 22
1663196028185 0.7217137217521667 23
1663196028429 0.7053259611129761 24
1663196028671 0.6941156387329102 25
1663196028914 0.7186172604560852 26
1663196029160 0.7552878856658936 27
1663196029405 0.7552074193954468 28
1663196029649 0.7703173756599426 29
1663196029893 0.7493232488632202 30
1663196030137 0.6879265904426575 31
1663196030382 0.6747195720672607 32
1663196030629 0.5453161001205444 33
1663196030872 0.5805473923683167 34
1663196031115 0.4100145399570465 35
1663196031360 0.4240078032016754 36
1663196031605 0.5100829601287842 37
1663196031847 0.4626843333244324 38
1663196032092 0.5131611227989197 39
1663196032340 0.4066772162914276 40
1663196032582 0.4446732699871063 41
1663196032827 0.44126635789871216 42
1663196033072 0.4149925410747528 43
1663196033318 0.4678595960140228 44
1663196033561 0.5465019345283508 45
1663196033826 0.7408025860786438 46
1663196034087 0.7722183465957642 47
1663196034332 0.7421210408210754 48
1663196034573 0.7341646552085876 49
1663196034818 0.655754029750824 50
1663196035062 0.5593468546867371 51
1663196035304 0.5830336809158325 52
1663196035550 0.5647788643836975 53
1663196035793 0.514899730682373 54
1663196036039 0.5287274122238159 55
1663196036285 0.4767603576183319 56
1663196036527 0.559302031993866 57
1663196036772 0.5420904159545898 58
1663196037015 0.5852982997894287 59
1663196037262 0.42981600761413574 60
1663196037512 0.4127565622329712 61
1663196037757 0.420748233795166 62
1663196037998 0.469893217086792 63
1663196038242 0.49159154295921326 64
1663196038486 0.5691713690757751 65
1663196038733 0.5994587540626526 66
1663196038981 0.6439632773399353 67
1663196039223 0.7178635597229004 68
