1663196022405 0.1656240075826645 0
1663196022729 0.23511606454849243 1
1663196023016 0.7340193390846252 2
1663196023270 0.9999998807907104 3
1663196023516 1.0 4
1663196023759 1.0 5
1663196024000 1.0 6
1663196024243 1.0 7
1663196024489 1.0 8
1663196024755 1.0 9
1663196025000 1.0 10
1663196025241 1.0 11
1663196025486 1.0 12
1663196025728 1.0 13
1663196025974 1.0 14
1663196026221 1.0 15
1663196026464 1.0 16
1663196026708 1.0 17
1663196026949 1.0 18
1663196027190 1.0 19
1663196027436 1.0 20
1663196027680 1.0 21
1663196027930 1.0 22
1663196028176 1.0 23
1663196028420 1.0 24
1663196028663 1.0 25
1663196028905 1.0 26
1663196029151 1.0 27
1663196029396 1.0 28
1663196029640 1.0 29
1663196029884 1.0 30
1663196030129 1.0 31
1663196030374 1.0 32
1663196030620 1.0 33
1663196030864 1.0 34
1663196031107 1.0 35
1663196031351 1.0 36
1663196031597 1.0 37
1663196031838 1.0 38
1663196032083 1.0 39
1663196032331 1.0 40
1663196032574 1.0 41
1663196032819 1.0 42
1663196033064 1.0 43
1663196033309 1.0 44
1663196033553 1.0 45
1663196033816 1.0 46
1663196034078 1.0 47
1663196034323 1.0 48
1663196034564 1.0 49
1663196034809 1.0 50
1663196035053 1.0 51
1663196035295 1.0 52
1663196035541 1.0 53
1663196035785 1.0 54
1663196036031 1.0 55
1663196036276 1.0 56
1663196036518 1.0 57
1663196036763 1.0 58
1663196037006 1.0 59
1663196037254 1.0 60
1663196037504 1.0 61
1663196037749 1.0 62
1663196037989 1.0 63
1663196038233 1.0 64
1663196038478 1.0 65
1663196038724 1.0 66
1663196038972 1.0 67
1663196039214 1.0 68
