1663196022408 0.2400047332048416 0
1663196022732 0.3011860251426697 1
1663196023020 0.7558518648147583 2
1663196023274 0.9999998807907104 3
1663196023519 1.0 4
1663196023762 1.0 5
1663196024003 1.0 6
1663196024246 1.0 7
1663196024492 1.0 8
1663196024758 1.0 9
1663196025003 1.0 10
1663196025245 1.0 11
1663196025489 1.0 12
1663196025731 1.0 13
1663196025977 1.0 14
1663196026224 1.0 15
1663196026468 1.0 16
1663196026711 1.0 17
1663196026952 1.0 18
1663196027193 1.0 19
1663196027439 1.0 20
1663196027684 1.0 21
1663196027934 1.0 22
1663196028180 1.0 23
1663196028424 1.0 24
1663196028666 1.0 25
1663196028909 1.0 26
1663196029154 1.0 27
1663196029399 1.0 28
1663196029643 1.0 29
1663196029888 1.0 30
1663196030132 1.0 31
1663196030377 1.0 32
1663196030623 1.0 33
1663196030867 1.0 34
1663196031110 1.0 35
1663196031355 1.0 36
1663196031600 1.0 37
1663196031842 1.0 38
1663196032086 1.0 39
1663196032334 1.0 40
1663196032577 1.0 41
1663196032822 1.0 42
1663196033067 1.0 43
1663196033312 1.0 44
1663196033556 1.0 45
1663196033819 1.0 46
1663196034081 1.0 47
1663196034326 1.0 48
1663196034568 1.0 49
1663196034813 1.0 50
1663196035056 1.0 51
1663196035298 1.0 52
1663196035544 1.0 53
1663196035788 1.0 54
1663196036034 1.0 55
1663196036280 1.0 56
1663196036521 1.0 57
1663196036766 1.0 58
1663196037010 1.0 59
1663196037257 1.0 60
1663196037507 1.0 61
1663196037752 1.0 62
1663196037992 1.0 63
1663196038237 1.0 64
1663196038481 1.0 65
1663196038727 1.0 66
1663196038976 1.0 67
1663196039218 1.0 68
