1663196022412 6.434728622436523 0
1663196022736 6.948390007019043 1
1663196023023 10.206158638000488 2
1663196023277 29.921306610107422 3
1663196023522 52.43620300292969 4
1663196023766 77.28895568847656 5
1663196024007 130.5010223388672 6
1663196024250 193.46192932128906 7
1663196024496 267.8642272949219 8
1663196024761 358.603759765625 9
1663196025007 466.5233459472656 10
1663196025248 559.4390258789062 11
1663196025493 680.925048828125 12
1663196025734 855.6607666015625 13
1663196025981 1120.39892578125 14
1663196026227 1438.150146484375 15
1663196026471 1861.83837890625 16
1663196026714 2399.7099609375 17
1663196026956 3141.999755859375 18
1663196027197 4126.7001953125 19
1663196027442 5486.83447265625 20
1663196027687 7381.46533203125 21
1663196027937 9933.259765625 22
1663196028183 13112.6376953125 23
1663196028427 17440.779296875 24
1663196028669 23518.826171875 25
1663196028912 31930.796875 26
1663196029158 42312.59375 27
1663196029403 54378.06640625 28
1663196029647 70301.5078125 29
1663196029891 89886.40625 30
1663196030135 117690.3046875 31
1663196030380 162808.0625 32
1663196030627 225268.765625 33
1663196030870 342782.4375 34
1663196031113 495010.25 35
1663196031358 798741.8125 36
1663196031603 1240508.5 37
1663196031845 1809715.375 38
1663196032090 2741207.75 39
1663196032337 4008101.5 40
1663196032580 6301699.5 41
1663196032825 9564041.0 42
1663196033070 14549508.0 43
1663196033315 22482982.0 44
1663196033559 33525842.0 45
1663196033823 47775152.0 46
1663196034085 59812240.0 47
1663196034330 74511608.0 48
1663196034571 96793424.0 49
1663196034816 127246888.0 50
1663196035060 179391120.0 51
1663196035301 269513376.0 52
1663196035548 388982016.0 53
1663196035791 565566272.0 54
1663196036037 846996800.0 55
1663196036283 1244804864.0 56
1663196036524 1889902336.0 57
1663196036770 2695507968.0 58
1663196037013 3918077184.0 59
1663196037260 5532219904.0 60
1663196037510 8728682496.0 61
1663196037755 13640166400.0 62
1663196037996 21003722752.0 63
1663196038240 31301263360.0 64
1663196038484 46239113216.0 65
1663196038731 65204371456.0 66
1663196038979 91001241600.0 67
1663196039221 123955085312.0 68
