1663196022407 6.434728622436523 0
1663196022731 6.948390007019043 1
1663196023018 10.206158638000488 2
1663196023273 29.921306610107422 3
1663196023518 52.43620300292969 4
1663196023761 77.28895568847656 5
1663196024002 130.5010223388672 6
1663196024245 193.46192932128906 7
1663196024491 267.8642272949219 8
1663196024757 358.603759765625 9
1663196025002 466.5233459472656 10
1663196025244 559.4390258789062 11
1663196025488 680.925048828125 12
1663196025730 855.6607666015625 13
1663196025976 1120.39892578125 14
1663196026223 1438.150146484375 15
1663196026467 1861.83837890625 16
1663196026710 2399.7099609375 17
1663196026951 3141.999755859375 18
1663196027192 4126.7001953125 19
1663196027438 5486.83447265625 20
1663196027683 7381.46533203125 21
1663196027933 9933.259765625 22
1663196028179 13112.6376953125 23
1663196028423 17440.779296875 24
1663196028665 23518.826171875 25
1663196028908 31930.796875 26
1663196029153 42312.59375 27
1663196029398 54378.06640625 28
1663196029642 70301.5078125 29
1663196029887 89886.40625 30
1663196030131 117690.3046875 31
1663196030376 162808.0625 32
1663196030622 225268.765625 33
1663196030866 342782.4375 34
1663196031109 495010.25 35
1663196031353 798741.8125 36
1663196031599 1240508.5 37
1663196031840 1809715.375 38
1663196032085 2741207.75 39
1663196032333 4008101.5 40
1663196032576 6301699.5 41
1663196032821 9564041.0 42
1663196033066 14549508.0 43
1663196033311 22482982.0 44
1663196033555 33525842.0 45
1663196033818 47775152.0 46
1663196034080 59812240.0 47
1663196034325 74511608.0 48
1663196034567 96793424.0 49
1663196034812 127246888.0 50
1663196035055 179391120.0 51
1663196035297 269513376.0 52
1663196035543 388982016.0 53
1663196035787 565566272.0 54
1663196036033 846996800.0 55
1663196036279 1244804864.0 56
1663196036520 1889902336.0 57
1663196036765 2695507968.0 58
1663196037009 3918077184.0 59
1663196037256 5532219904.0 60
1663196037506 8728682496.0 61
1663196037751 13640166400.0 62
1663196037991 21003722752.0 63
1663196038235 31301263360.0 64
1663196038480 46239113216.0 65
1663196038726 65204371456.0 66
1663196038974 91001241600.0 67
1663196039217 123955085312.0 68
