1663196022411 0.1656240075826645 0
1663196022735 0.23511606454849243 1
1663196023022 0.7340193390846252 2
1663196023276 0.9999998807907104 3
1663196023521 1.0 4
1663196023765 1.0 5
1663196024006 1.0 6
1663196024248 1.0 7
1663196024494 1.0 8
1663196024760 1.0 9
1663196025005 1.0 10
1663196025247 1.0 11
1663196025492 1.0 12
1663196025733 1.0 13
1663196025980 1.0 14
1663196026226 1.0 15
1663196026470 1.0 16
1663196026713 1.0 17
1663196026954 1.0 18
1663196027195 1.0 19
1663196027441 1.0 20
1663196027686 1.0 21
1663196027936 1.0 22
1663196028182 1.0 23
1663196028426 1.0 24
1663196028668 1.0 25
1663196028911 1.0 26
1663196029157 1.0 27
1663196029401 1.0 28
1663196029645 1.0 29
1663196029890 1.0 30
1663196030134 1.0 31
1663196030379 1.0 32
1663196030626 1.0 33
1663196030869 1.0 34
1663196031112 1.0 35
1663196031357 1.0 36
1663196031602 1.0 37
1663196031844 1.0 38
1663196032088 1.0 39
1663196032336 1.0 40
1663196032579 1.0 41
1663196032824 1.0 42
1663196033069 1.0 43
1663196033314 1.0 44
1663196033558 1.0 45
1663196033822 1.0 46
1663196034084 1.0 47
1663196034328 1.0 48
1663196034570 1.0 49
1663196034815 1.0 50
1663196035059 1.0 51
1663196035300 1.0 52
1663196035547 1.0 53
1663196035790 1.0 54
1663196036036 1.0 55
1663196036282 1.0 56
1663196036523 1.0 57
1663196036769 1.0 58
1663196037012 1.0 59
1663196037259 1.0 60
1663196037509 1.0 61
1663196037754 1.0 62
1663196037994 1.0 63
1663196038239 1.0 64
1663196038483 1.0 65
1663196038730 1.0 66
1663196038978 1.0 67
1663196039220 1.0 68
