1663196022410 36.55122756958008 0
1663196022734 41.91878890991211 1
1663196023021 47.51959228515625 2
1663196023275 59.09348678588867 3
1663196023520 79.71115112304688 4
1663196023763 121.783935546875 5
1663196024004 185.14547729492188 6
1663196024247 274.7293701171875 7
1663196024493 390.3268737792969 8
1663196024759 517.5552368164062 9
1663196025004 667.4226684570312 10
1663196025246 800.5228881835938 11
1663196025491 978.783203125 12
1663196025732 1233.613525390625 13
1663196025978 1612.8350830078125 14
1663196026225 2065.72216796875 15
1663196026469 2673.02001953125 16
1663196026712 3448.633544921875 17
1663196026953 4518.45703125 18
1663196027194 5932.05078125 19
1663196027440 7882.83447265625 20
1663196027685 10606.044921875 21
1663196027935 14277.1494140625 22
1663196028181 18845.478515625 23
1663196028425 25062.74609375 24
1663196028667 33796.75390625 25
1663196028910 45888.09375 26
1663196029155 60808.70703125 27
1663196029400 78146.0078125 28
1663196029644 101028.5390625 29
1663196029889 129175.0546875 30
1663196030133 169134.296875 31
1663196030378 233973.703125 32
1663196030625 323734.25 33
1663196030868 492616.65625 34
1663196031111 711387.1875 35
1663196031356 1147883.875 36
1663196031601 1782756.375 37
1663196031843 2600774.0 38
1663196032087 3939439.5 39
1663196032335 5760116.0 40
1663196032578 9056289.0 41
1663196032823 13744659.0 42
1663196033068 20909370.0 43
1663196033313 32310722.0 44
1663196033557 48180592.0 45
1663196033821 68658544.0 46
1663196034082 85957328.0 47
1663196034327 107082064.0 48
1663196034569 139103696.0 49
1663196034814 182868992.0 50
1663196035057 257806304.0 51
1663196035299 387322048.0 52
1663196035546 559013696.0 53
1663196035789 812785216.0 54
1663196036035 1217237376.0 55
1663196036281 1788932224.0 56
1663196036522 2716013056.0 57
1663196036767 3873769216.0 58
1663196037011 5630740992.0 59
1663196037258 7950458880.0 60
1663196037508 12544185344.0 61
1663196037753 19602507776.0 62
1663196037993 30184902656.0 63
1663196038238 44983640064.0 64
1663196038482 66451030016.0 65
1663196038728 93706436608.0 66
1663196038977 130779693056.0 67
1663196039219 178138234880.0 68
