1657483244263 0.06518902629613876 0
1657483244698 0.044625163078308105 1
1657483245066 0.11088120192289352 2
1657483245346 0.17452824115753174 3
1657483245621 0.31895074248313904 4
1657483245900 0.634790301322937 5
1657483246176 0.9688892364501953 6
1657483246455 0.9993172883987427 7
1657483246734 0.9999642372131348 8
1657483247012 0.9999655485153198 9
1657483247292 0.9999444484710693 10
1657483247566 0.9999822378158569 11
1657483247845 0.9999955892562866 12
1657483248121 0.9999998807907104 13
1657483248398 1.0 14
1657483248674 1.0 15
1657483248951 1.0 16
1657483249229 0.9999982118606567 17
1657483249507 0.9999799728393555 18
1657483249787 0.9999041557312012 19
1657483250069 0.9995508790016174 20
1657483250348 0.998773992061615 21
1657483250627 0.9937533736228943 22
1657483250891 0.9695304036140442 23
1657483251161 0.6007063984870911 24
1657483251440 0.04882300645112991 25
1657483251720 0.001529686851426959 26
1657483251992 1.3670391126652248e-05 27
1657483252269 1.2311471664361306e-06 28
1657483252546 2.6576205982564716e-06 29
1657483252822 0.00012850947678089142 30
1657483253096 0.015170454047620296 31
1657483253368 0.3482244312763214 32
1657483253634 0.9110164046287537 33
1657483253906 0.9991905093193054 34
1657483254172 0.9999752044677734 35
1657483254444 0.9999971389770508 36
1657483254716 0.9999996423721313 37
1657483254998 1.0 38
1657483255279 1.0 39
1657483255551 1.0 40
1657483255812 1.0 41
1657483256087 1.0 42
1657483256358 1.0 43
1657483256630 1.0 44
1657483256919 1.0 45
1657483257212 1.0 46
1657483257477 1.0 47
1657483257755 1.0 48
1657483258046 1.0 49
1657483258329 1.0 50
1657483258607 1.0 51
1657483258886 1.0 52
1657483259162 1.0 53
1657483259438 1.0 54
1657483259710 1.0 55
1657483259985 1.0 56
1657483260258 1.0 57
1657483260530 1.0 58
1657483260805 1.0 59
1657483261075 1.0 60
1657483261348 1.0 61
1657483261623 1.0 62
1657483261893 1.0 63
1657483262170 1.0 64
1657483262439 1.0 65
1657483262710 1.0 66
1657483262987 1.0 67
1657483263269 1.0 68
