1657483244265 0.0 0
1657483244699 0.026742130517959595 1
1657483245067 0.10743748396635056 2
1657483245347 0.467702716588974 3
1657483245623 1.3220415115356445 4
1657483245901 3.019824504852295 5
1657483246177 6.225398063659668 6
1657483246456 10.125152587890625 7
1657483246735 12.712181091308594 8
1657483247013 13.48695182800293 9
1657483247293 13.617538452148438 10
1657483247567 14.770919799804688 11
1657483247846 17.635221481323242 12
1657483248123 21.42470932006836 13
1657483248399 24.13233184814453 14
1657483248675 25.000274658203125 15
1657483248953 24.001100540161133 16
1657483249230 21.948272705078125 17
1657483249508 19.87887191772461 18
1657483249789 18.337526321411133 19
1657483250070 17.272632598876953 20
1657483250349 16.17110824584961 21
1657483250628 14.569750785827637 22
1657483250892 12.094244003295898 23
1657483251163 8.941471099853516 24
1657483251441 4.762715816497803 25
1657483251721 -0.4420740008354187 26
1657483251994 -5.4351091384887695 27
1657483252270 -8.160932540893555 28
1657483252548 -7.701870441436768 29
1657483252823 -4.388633728027344 30
1657483253097 0.2120034545660019 31
1657483253369 4.246078968048096 32
1657483253635 7.331169128417969 33
1657483253908 10.32706356048584 34
1657483254173 12.955853462219238 35
1657483254445 14.952643394470215 36
1657483254718 16.777009963989258 37
1657483254999 19.09954071044922 38
1657483255281 22.079044342041016 39
1657483255553 24.905241012573242 40
1657483255813 27.566164016723633 41
1657483256089 29.994482040405273 42
1657483256359 32.02644348144531 43
1657483256632 33.77647399902344 44
1657483256920 35.349388122558594 45
1657483257214 36.65321731567383 46
1657483257478 38.23648452758789 47
1657483257757 39.380943298339844 48
1657483258048 39.471473693847656 49
1657483258330 38.19865417480469 50
1657483258608 35.92290496826172 51
1657483258887 33.43413162231445 52
1657483259163 31.373790740966797 53
1657483259439 30.00844955444336 54
1657483259711 29.1115779876709 55
1657483259986 28.376808166503906 56
1657483260259 27.506126403808594 57
1657483260531 26.519424438476562 58
1657483260806 25.33082389831543 59
1657483261076 24.224401473999023 60
1657483261349 23.379802703857422 61
1657483261624 22.88351058959961 62
1657483261894 22.622346878051758 63
1657483262171 22.53104591369629 64
1657483262440 22.52252197265625 65
1657483262712 22.50225257873535 66
1657483262989 22.43701171875 67
1657483263270 22.333505630493164 68
