1657483244274 0.0 0
1657483244709 0.026742130517959595 1
1657483245077 0.1255289912223816 2
1657483245355 0.467702716588974 3
1657483245631 1.3220415115356445 4
1657483245910 3.019824504852295 5
1657483246186 6.225398063659668 6
1657483246465 10.125152587890625 7
1657483246744 12.712181091308594 8
1657483247021 13.48695182800293 9
1657483247302 13.617538452148438 10
1657483247576 14.770919799804688 11
1657483247855 17.635221481323242 12
1657483248131 21.42470932006836 13
1657483248408 24.13233184814453 14
1657483248684 25.000274658203125 15
1657483248961 24.001100540161133 16
1657483249239 21.948272705078125 17
1657483249516 19.87887191772461 18
1657483249797 18.337526321411133 19
1657483250079 17.272632598876953 20
1657483250358 16.17110824584961 21
1657483250637 14.569750785827637 22
1657483250901 12.094244003295898 23
1657483251171 8.941471099853516 24
1657483251450 4.762715816497803 25
1657483251730 0.8876943588256836 26
1657483252002 1.5580589771270752 27
1657483252278 2.2755038738250732 28
1657483252556 3.043753147125244 29
1657483252832 3.9762446880340576 30
1657483253106 5.139183521270752 31
1657483253378 6.624697208404541 32
1657483253643 7.404819011688232 33
1657483253916 10.32706356048584 34
1657483254182 12.955853462219238 35
1657483254454 14.952643394470215 36
1657483254726 16.777009963989258 37
1657483255008 19.09954071044922 38
1657483255289 22.079044342041016 39
1657483255561 24.905241012573242 40
1657483255822 27.566164016723633 41
1657483256097 29.994482040405273 42
1657483256368 32.02644348144531 43
1657483256640 33.77647399902344 44
1657483256929 35.349388122558594 45
1657483257222 36.65321731567383 46
1657483257487 38.23648452758789 47
1657483257766 39.380943298339844 48
1657483258057 39.471473693847656 49
1657483258338 38.19865417480469 50
1657483258617 35.92290496826172 51
1657483258896 33.43413162231445 52
1657483259172 31.373790740966797 53
1657483259448 30.00844955444336 54
1657483259720 29.1115779876709 55
1657483259994 28.376808166503906 56
1657483260268 27.506126403808594 57
1657483260540 26.519424438476562 58
1657483260814 25.33082389831543 59
1657483261085 24.224401473999023 60
1657483261358 23.379802703857422 61
1657483261633 22.88351058959961 62
1657483261902 22.622346878051758 63
1657483262179 22.53104591369629 64
1657483262449 22.52252197265625 65
1657483262720 22.50225257873535 66
1657483262997 22.43701171875 67
1657483263279 22.333505630493164 68
