1657483244273 0.0 0
1657483244708 3.036142349243164 1
1657483245076 7.631054878234863 2
1657483245354 11.354700088500977 3
1657483245630 13.22268295288086 4
1657483245909 13.23496150970459 5
1657483246185 12.726062774658203 6
1657483246464 13.888298034667969 7
1657483246742 16.224328994750977 8
1657483247020 19.010211944580078 9
1657483247301 22.7615909576416 10
1657483247575 26.393491744995117 11
1657483247854 29.3453311920166 12
1657483248130 31.59332275390625 13
1657483248407 33.239749908447266 14
1657483248683 34.03483581542969 15
1657483248960 33.83909606933594 16
1657483249238 32.74740982055664 17
1657483249515 31.02482795715332 18
1657483249796 28.706470489501953 19
1657483250078 26.009414672851562 20
1657483250357 23.042219161987305 21
1657483250636 20.13828468322754 22
1657483250900 16.946945190429688 23
1657483251170 13.810726165771484 24
1657483251449 10.744884490966797 25
1657483251729 9.35046100616455 26
1657483252001 10.802260398864746 27
1657483252277 12.505370140075684 28
1657483252555 12.476327896118164 29
1657483252831 11.34688663482666 30
1657483253105 11.374058723449707 31
1657483253377 13.09810733795166 32
1657483253642 15.073126792907715 33
1657483253915 16.832439422607422 34
1657483254181 19.33547592163086 35
1657483254453 22.85442352294922 36
1657483254725 27.08692169189453 37
1657483255007 31.67283058166504 38
1657483255288 35.884220123291016 39
1657483255560 39.14545822143555 40
1657483255820 42.11127853393555 41
1657483256096 44.93218994140625 42
1657483256367 47.53123474121094 43
1657483256639 50.14375305175781 44
1657483256928 52.88906478881836 45
1657483257221 55.315025329589844 46
1657483257486 57.09025573730469 47
1657483257765 57.53512191772461 48
1657483258056 56.957767486572266 49
1657483258337 55.31986999511719 50
1657483258616 53.0707893371582 51
1657483258894 50.59550094604492 52
1657483259171 48.204471588134766 53
1657483259446 46.08719253540039 54
1657483259719 44.081302642822266 55
1657483259993 42.22249984741211 56
1657483260267 40.53205108642578 57
1657483260539 39.21363067626953 58
1657483260813 37.93965530395508 59
1657483261084 36.86885070800781 60
1657483261356 36.0200309753418 61
1657483261632 35.34965515136719 62
1657483261901 34.754798889160156 63
1657483262178 34.241886138916016 64
1657483262448 33.915077209472656 65
1657483262719 33.803504943847656 66
1657483262996 33.7835693359375 67
1657483263278 33.86318588256836 68
