1657483244270 0.5826432108879089 0
1657483244706 0.6053287982940674 1
1657483245073 0.5606130957603455 2
1657483245352 0.545071005821228 3
1657483245628 0.5361073017120361 4
1657483245907 0.5561694502830505 5
1657483246183 0.5452651977539062 6
1657483246462 0.5336652398109436 7
1657483246740 0.5026480555534363 8
1657483247018 0.5587673783302307 9
1657483247299 0.55438232421875 10
1657483247573 0.5489749312400818 11
1657483247852 0.5498663783073425 12
1657483248128 0.5020245909690857 13
1657483248404 0.5035485029220581 14
1657483248681 0.4708889126777649 15
1657483248958 0.47065967321395874 16
1657483249236 0.4578147530555725 17
1657483249513 0.4510614573955536 18
1657483249794 0.43925461173057556 19
1657483250075 0.4346754848957062 20
1657483250355 0.41169020533561707 21
1657483250633 0.43292784690856934 22
1657483250898 0.4431062340736389 23
1657483251168 0.4534749388694763 24
1657483251447 0.45345669984817505 25
1657483251726 0.4957977533340454 26
1657483251999 0.5132296085357666 27
1657483252275 0.5145038962364197 28
1657483252553 0.5375078916549683 29
1657483252828 0.5337390899658203 30
1657483253103 0.5224580764770508 31
1657483253375 0.4966752231121063 32
1657483253640 0.4655754864215851 33
1657483253913 0.45773962140083313 34
1657483254179 0.4236185550689697 35
1657483254451 0.4108462631702423 36
1657483254723 0.4399925172328949 37
1657483255004 0.4378064274787903 38
1657483255286 0.3508566617965698 39
1657483255558 0.31239065527915955 40
1657483255818 0.2979622781276703 41
1657483256094 0.28574228286743164 42
1657483256365 0.305254727602005 43
1657483256637 0.35698607563972473 44
1657483256926 0.37230199575424194 45
1657483257219 0.5219442844390869 46
1657483257484 0.5376725792884827 47
1657483257762 0.539735734462738 48
1657483258053 0.5487538576126099 49
1657483258335 0.5291227102279663 50
1657483258614 0.5045079588890076 51
1657483258892 0.4818737804889679 52
1657483259168 0.4491523504257202 53
1657483259444 0.44128966331481934 54
1657483259716 0.4195137917995453 55
1657483259991 0.40185976028442383 56
1657483260265 0.34699511528015137 57
1657483260537 0.3617600202560425 58
1657483260811 0.34383633732795715 59
1657483261082 0.31965771317481995 60
1657483261354 0.28069591522216797 61
1657483261630 0.28870058059692383 62
1657483261899 0.3265605866909027 63
1657483262176 0.3084014356136322 64
1657483262446 0.2912755012512207 65
1657483262717 0.3152187764644623 66
1657483262994 0.36399900913238525 67
1657483263275 0.3772292733192444 68
