1657483244269 4.945489883422852 0
1657483244705 4.651670932769775 1
1657483245072 5.44589376449585 2
1657483245351 6.046845436096191 3
1657483245627 7.042330741882324 4
1657483245906 8.521045684814453 5
1657483246182 11.813983917236328 6
1657483246461 15.715008735656738 7
1657483246739 18.383920669555664 8
1657483247017 17.819047927856445 9
1657483247298 17.343238830566406 10
1657483247572 18.54051399230957 11
1657483247851 20.08378028869629 12
1657483248127 23.774608612060547 13
1657483248403 25.687801361083984 14
1657483248680 26.115373611450195 15
1657483248957 24.34914779663086 16
1657483249235 22.52627944946289 17
1657483249512 20.393157958984375 18
1657483249793 18.99922752380371 19
1657483250074 17.617355346679688 20
1657483250354 16.961666107177734 21
1657483250632 15.167122840881348 22
1657483250897 13.462093353271484 23
1657483251167 10.275927543640137 24
1657483251446 8.124674797058105 25
1657483251725 7.665809631347656 26
1657483251998 8.022253036499023 27
1657483252274 8.492159843444824 28
1657483252552 8.581619262695312 29
1657483252827 8.860260009765625 30
1657483253102 9.310667037963867 31
1657483253374 10.513057708740234 32
1657483253639 13.442506790161133 33
1657483253912 16.615846633911133 34
1657483254178 19.339876174926758 35
1657483254450 21.429698944091797 36
1657483254722 22.795188903808594 37
1657483255003 25.260330200195312 38
1657483255285 29.06094741821289 39
1657483255557 32.24000930786133 40
1657483255817 34.299495697021484 41
1657483256093 36.4306640625 42
1657483256364 38.763648986816406 43
1657483256636 40.45381546020508 44
1657483256925 41.74493408203125 45
1657483257218 39.102535247802734 46
1657483257482 40.87126541137695 47
1657483257761 42.890777587890625 48
1657483258052 42.975303649902344 49
1657483258334 42.57838439941406 50
1657483258613 40.63407516479492 51
1657483258891 38.672760009765625 52
1657483259167 37.015464782714844 53
1657483259443 35.5172119140625 54
1657483259715 34.39934539794922 55
1657483259990 33.601104736328125 56
1657483260264 32.73768997192383 57
1657483260536 31.251876831054688 58
1657483260810 30.25229263305664 59
1657483261081 29.377864837646484 60
1657483261353 28.2967586517334 61
1657483261629 27.879512786865234 62
1657483261898 27.79479217529297 63
1657483262175 27.616382598876953 64
1657483262444 27.960628509521484 65
1657483262716 27.425825119018555 66
1657483262993 27.437753677368164 67
1657483263274 27.084938049316406 68
