1657483244266 0.10959871113300323 0
1657483244701 0.0964990109205246 1
1657483245068 0.16029618680477142 2
1657483245348 0.22812731564044952 3
1657483245624 0.36168885231018066 4
1657483245902 0.648561418056488 5
1657483246178 0.9690168499946594 6
1657483246457 0.9993173480033875 7
1657483246736 0.9999642372131348 8
1657483247014 0.9999655485153198 9
1657483247295 0.9999444484710693 10
1657483247568 0.9999822378158569 11
1657483247848 0.9999955892562866 12
1657483248124 0.9999998807907104 13
1657483248400 1.0 14
1657483248677 1.0 15
1657483248954 1.0 16
1657483249232 0.9999982118606567 17
1657483249509 0.9999799728393555 18
1657483249790 0.9999041557312012 19
1657483250071 0.9995508790016174 20
1657483250350 0.998773992061615 21
1657483250629 0.9937540888786316 22
1657483250894 0.9695500731468201 23
1657483251164 0.6056727766990662 24
1657483251442 0.21850238740444183 25
1657483251722 0.236648827791214 26
1657483251995 0.28685590624809265 27
1657483252271 0.39521992206573486 28
1657483252549 0.4861600697040558 29
1657483252824 0.585800051689148 30
1657483253099 0.7242255210876465 31
1657483253371 0.6781361103057861 32
1657483253636 0.9147009253501892 33
1657483253909 0.999190628528595 34
1657483254174 0.9999752044677734 35
1657483254447 0.9999971389770508 36
1657483254719 0.9999996423721313 37
1657483255000 1.0 38
1657483255282 1.0 39
1657483255554 1.0 40
1657483255814 1.0 41
1657483256090 1.0 42
1657483256360 1.0 43
1657483256633 1.0 44
1657483256921 1.0 45
1657483257215 1.0 46
1657483257479 1.0 47
1657483257758 1.0 48
1657483258049 1.0 49
1657483258331 1.0 50
1657483258609 1.0 51
1657483258888 1.0 52
1657483259164 1.0 53
1657483259440 1.0 54
1657483259712 1.0 55
1657483259987 1.0 56
1657483260260 1.0 57
1657483260533 1.0 58
1657483260807 1.0 59
1657483261077 1.0 60
1657483261350 1.0 61
1657483261625 1.0 62
1657483261895 1.0 63
1657483262172 1.0 64
1657483262441 1.0 65
1657483262713 1.0 66
1657483262990 1.0 67
1657483263271 1.0 68
