1657483244268 32.840763092041016 0
1657483244703 31.057641983032227 1
1657483245071 34.74696350097656 2
1657483245350 37.64444351196289 3
1657483245626 40.19032287597656 4
1657483245905 40.425331115722656 5
1657483246180 41.29277038574219 6
1657483246459 42.603878021240234 7
1657483246738 45.134464263916016 8
1657483247016 46.01500701904297 9
1657483247297 50.75580978393555 10
1657483247571 55.969207763671875 11
1657483247850 60.22614669799805 12
1657483248126 72.70201110839844 13
1657483248402 72.97406005859375 14
1657483248679 78.82720184326172 15
1657483248956 78.07526397705078 16
1657483249234 80.16741180419922 17
1657483249511 82.92818450927734 18
1657483249792 82.8144760131836 19
1657483250073 82.41641235351562 20
1657483250352 82.90418243408203 21
1657483250631 79.98773956298828 22
1657483250896 85.00684356689453 23
1657483251166 82.13815307617188 24
1657483251445 80.91121673583984 25
1657483251724 70.40576171875 26
1657483251997 68.62908172607422 27
1657483252273 65.2440185546875 28
1657483252551 59.26514434814453 29
1657483252826 55.254512786865234 30
1657483253101 50.44523239135742 31
1657483253373 51.92583084106445 32
1657483253638 52.68596649169922 33
1657483253911 52.166603088378906 34
1657483254176 53.75962829589844 35
1657483254449 55.20557403564453 36
1657483254721 54.670326232910156 37
1657483255002 57.106937408447266 38
1657483255284 62.89849853515625 39
1657483255556 66.98429107666016 40
1657483255816 68.18690490722656 41
1657483256092 70.3812255859375 42
1657483256363 73.74173736572266 43
1657483256635 75.55498504638672 44
1657483256923 78.02444458007812 45
1657483257217 85.02737426757812 46
1657483257481 83.5499267578125 47
1657483257760 82.435791015625 48
1657483258051 79.51319885253906 49
1657483258333 78.48696899414062 50
1657483258612 76.83303833007812 51
1657483258890 74.02406311035156 52
1657483259166 72.8395767211914 53
1657483259442 70.66976165771484 54
1657483259714 68.88861846923828 55
1657483259989 67.63550567626953 56
1657483260263 67.81999969482422 57
1657483260535 67.04210662841797 58
1657483260809 64.4026107788086 59
1657483261080 64.30522155761719 60
1657483261352 64.0513687133789 61
1657483261628 64.36549377441406 62
1657483261897 63.27472686767578 63
1657483262174 63.74187469482422 64
1657483262443 65.99544525146484 65
1657483262715 66.59539031982422 66
1657483262992 65.70514678955078 67
1657483263273 66.74432373046875 68
