1657483244267 0.06518902629613876 0
1657483244702 0.05924176797270775 1
1657483245070 0.11088120192289352 2
1657483245349 0.17452824115753174 3
1657483245625 0.31895074248313904 4
1657483245904 0.634790301322937 5
1657483246179 0.9688892364501953 6
1657483246458 0.9993172883987427 7
1657483246737 0.9999642372131348 8
1657483247015 0.9999655485153198 9
1657483247296 0.9999444484710693 10
1657483247569 0.9999822378158569 11
1657483247849 0.9999955892562866 12
1657483248125 0.9999998807907104 13
1657483248401 1.0 14
1657483248678 1.0 15
1657483248955 1.0 16
1657483249233 0.9999982118606567 17
1657483249510 0.9999799728393555 18
1657483249791 0.9999041557312012 19
1657483250072 0.9995508790016174 20
1657483250351 0.998773992061615 21
1657483250630 0.9937533736228943 22
1657483250895 0.9695304036140442 23
1657483251165 0.6007063984870911 24
1657483251444 0.1604185551404953 25
1657483251723 0.18705643713474274 26
1657483251996 0.25362470746040344 27
1657483252272 0.36051735281944275 28
1657483252550 0.4643607437610626 29
1657483252825 0.5781857371330261 30
1657483253100 0.7225556969642639 31
1657483253372 0.5817841291427612 32
1657483253637 0.9110164046287537 33
1657483253910 0.9991905093193054 34
1657483254175 0.9999752044677734 35
1657483254448 0.9999971389770508 36
1657483254720 0.9999996423721313 37
1657483255001 1.0 38
1657483255283 1.0 39
1657483255555 1.0 40
1657483255815 1.0 41
1657483256091 1.0 42
1657483256362 1.0 43
1657483256634 1.0 44
1657483256922 1.0 45
1657483257216 1.0 46
1657483257480 1.0 47
1657483257759 1.0 48
1657483258050 1.0 49
1657483258332 1.0 50
1657483258610 1.0 51
1657483258889 1.0 52
1657483259165 1.0 53
1657483259441 1.0 54
1657483259713 1.0 55
1657483259988 1.0 56
1657483260262 1.0 57
1657483260534 1.0 58
1657483260808 1.0 59
1657483261078 1.0 60
1657483261351 1.0 61
1657483261627 1.0 62
1657483261896 1.0 63
1657483262173 1.0 64
1657483262442 1.0 65
1657483262714 1.0 66
1657483262991 1.0 67
1657483263272 1.0 68
