1657511697367 0.0 0
1657511697781 0.009577912278473377 1
1657511698294 0.026957711204886436 2
1657511698794 0.09253306686878204 3
1657511699112 0.2505912780761719 4
1657511699372 0.5535208582878113 5
1657511699623 0.9998735785484314 6
1657511699879 1.6809611320495605 7
1657511700133 2.6678102016448975 8
1657511700389 4.048220157623291 9
1657511700682 5.273989677429199 10
1657511700950 6.310299396514893 11
1657511701209 7.054595470428467 12
1657511701472 7.191208362579346 13
1657511701749 6.47279691696167 14
1657511702015 4.859808921813965 15
1657511702298 2.393238067626953 16
1657511702561 -0.3190014362335205 17
1657511702818 -2.8082494735717773 18
1657511703072 -4.5904436111450195 19
1657511703326 -5.382845878601074 20
1657511703582 -5.097206115722656 21
1657511703836 -3.8402700424194336 22
1657511704091 -2.0470709800720215 23
1657511704347 -0.10819889605045319 24
1657511704601 1.5818370580673218 25
1657511704851 2.7691650390625 26
1657511705104 3.2915711402893066 27
1657511705358 3.2579548358917236 28
1657511705613 2.7656733989715576 29
1657511705870 1.9558911323547363 30
1657511706120 0.9472540616989136 31
1657511706372 -0.11581848561763763 32
1657511706623 -1.0909494161605835 33
1657511706951 -1.8105618953704834 34
1657511707211 -2.117612361907959 35
1657511707475 -1.9806352853775024 36
1657511707784 -1.4442827701568604 37
1657511708040 -0.7093328237533569 38
1657511708341 0.08459436893463135 39
1657511708595 0.8805676698684692 40
1657511708846 1.4141613245010376 41
1657511709101 1.527856469154358 42
1657511709349 1.20864999294281 43
1657511709605 0.5907436609268188 44
1657511709864 -0.10493729263544083 45
1657511710121 -0.7514137029647827 46
1657511710377 -1.1628124713897705 47
1657511710631 -1.4229121208190918 48
1657511710880 -1.5120171308517456 49
1657511711138 -1.4375938177108765 50
1657511711392 -1.215550422668457 51
1657511711647 -0.8857778906822205 52
1657511711920 -0.5114414691925049 53
1657511712190 -0.15932251513004303 54
1657511712445 0.08064792305231094 55
1657511712727 0.16536591947078705 56
1657511713001 0.0781475082039833 57
1657511713276 -0.17515301704406738 58
1657511713539 -0.5148563981056213 59
1657511713789 -0.872289776802063 60
1657511714046 -1.1675941944122314 61
1657511714296 -1.3446567058563232 62
1657511714546 -1.3562805652618408 63
1657511714804 -1.2195988893508911 64
1657511715057 -0.9753947257995605 65
1657511715307 -0.6827546954154968 66
1657511715563 -0.4403674900531769 67
1657511715812 -0.29742729663848877 68
