1657511697366 0.06518902629613876 0
1657511697780 0.04241444170475006 1
1657511698293 0.09727422893047333 2
1657511698792 0.12442987412214279 3
1657511699110 0.1548827737569809 4
1657511699370 0.1775798201560974 5
1657511699622 0.2432200163602829 6
1657511699877 0.3347228765487671 7
1657511700132 0.45362427830696106 8
1657511700388 0.46265909075737 9
1657511700680 0.50876384973526 10
1657511700948 0.6107915639877319 11
1657511701208 0.5107152462005615 12
1657511701470 0.35685425996780396 13
1657511701747 0.16373559832572937 14
1657511702014 0.017258724197745323 15
1657511702297 0.0008470777538605034 16
1657511702559 6.077489524614066e-05 17
1657511702817 3.5951356949226465e-06 18
1657511703071 5.725079290641588e-07 19
1657511703325 1.56327686795521e-07 20
1657511703581 2.0504469944171433e-07 21
1657511703834 6.281708806454844e-07 22
1657511704089 1.5367746527772397e-05 23
1657511704345 0.00011231009557377547 24
1657511704600 0.0013215889921411872 25
1657511704850 0.025796150788664818 26
1657511705103 0.059763744473457336 27
1657511705356 0.07510965317487717 28
1657511705611 0.05492351949214935 29
1657511705869 0.03901094198226929 30
1657511706118 0.018758775666356087 31
1657511706371 0.006404434330761433 32
1657511706622 0.0020110702607780695 33
1657511706949 0.000843132205773145 34
1657511707210 0.00037447293289005756 35
1657511707474 0.0002994737296830863 36
1657511707783 0.00017809528799261898 37
1657511708039 0.00019111231085844338 38
1657511708339 0.00021180463954806328 39
1657511708594 0.0002078799152513966 40
1657511708844 7.782946340739727e-05 41
1657511709100 2.4503224267391488e-05 42
1657511709348 7.438444754370721e-06 43
1657511709603 1.6137453258124879e-06 44
1657511709862 1.9270281370609155e-07 45
1657511710120 2.4582808011430757e-10 46
1657511710376 1.6214037057427078e-10 47
1657511710630 1.3631626383237005e-10 48
1657511710879 7.976320298697104e-11 49
1657511711137 9.346898949269544e-11 50
1657511711391 5.472000283446299e-11 51
1657511711646 3.53592120860835e-11 52
1657511711919 2.3937336487978023e-11 53
1657511712189 1.243533141043196e-11 54
1657511712444 6.821776216830999e-12 55
1657511712726 4.04097458620023e-12 56
1657511712999 1.4054162564627881e-12 57
1657511713274 4.2467123025601017e-13 58
1657511713538 2.2254141346551848e-13 59
1657511713788 9.302385522037132e-14 60
1657511714045 2.090270976597662e-14 61
1657511714294 1.450439737120477e-14 62
1657511714544 2.7054296709806344e-14 63
1657511714802 3.554029968000534e-14 64
1657511715056 8.352564787820344e-14 65
1657511715306 6.754224458373204e-14 66
1657511715561 1.8094904643672222e-13 67
1657511715811 1.840343063488556e-13 68
