1657511697378 0.0 0
1657511697797 1.0874191522598267 1
1657511698311 2.8620893955230713 2
1657511698807 5.3401713371276855 3
1657511699123 7.9916486740112305 4
1657511699384 10.366408348083496 5
1657511699634 11.993185997009277 6
1657511699890 12.883941650390625 7
1657511700145 13.089067459106445 8
1657511700402 12.9166259765625 9
1657511700693 12.5914945602417 10
1657511700961 12.263604164123535 11
1657511701220 12.053237915039062 12
1657511701483 11.712526321411133 13
1657511701760 11.137853622436523 14
1657511702027 10.368236541748047 15
1657511702310 9.851733207702637 16
1657511702572 10.087566375732422 17
1657511702829 11.067814826965332 18
1657511703083 12.289886474609375 19
1657511703338 13.229602813720703 20
1657511703594 13.621381759643555 21
1657511703847 13.586542129516602 22
1657511704102 13.356851577758789 23
1657511704358 12.891019821166992 24
1657511704613 12.388832092285156 25
1657511704862 11.970329284667969 26
1657511705115 11.532602310180664 27
1657511705369 11.093920707702637 28
1657511705625 10.775614738464355 29
1657511705881 10.698391914367676 30
1657511706131 10.932069778442383 31
1657511706383 11.483819961547852 32
1657511706634 12.364548683166504 33
1657511706965 13.49582576751709 34
1657511707222 14.678450584411621 35
1657511707487 15.900453567504883 36
1657511707795 17.067276000976562 37
1657511708051 18.094266891479492 38
1657511708351 19.061649322509766 39
1657511708606 20.2209529876709 40
1657511708857 21.48170280456543 41
1657511709112 22.732301712036133 42
1657511709360 23.967056274414062 43
1657511709616 25.21225357055664 44
1657511709875 26.42203140258789 45
1657511710132 27.705713272094727 46
1657511710389 28.876102447509766 47
1657511710642 30.08986473083496 48
1657511710891 31.353286743164062 49
1657511711149 32.564727783203125 50
1657511711403 33.763633728027344 51
1657511711658 34.955223083496094 52
1657511711932 36.154502868652344 53
1657511712201 37.40590286254883 54
1657511712456 38.64857864379883 55
1657511712738 39.882015228271484 56
1657511713013 41.050106048583984 57
1657511713287 42.23723602294922 58
1657511713550 43.232662200927734 59
1657511713800 44.03590774536133 60
1657511714057 44.65169906616211 61
1657511714307 45.14316177368164 62
1657511714556 45.44395446777344 63
1657511714814 45.454078674316406 64
1657511715068 45.18093490600586 65
1657511715318 44.647422790527344 66
1657511715573 43.99268341064453 67
1657511715823 43.249794006347656 68
