1657511697380 0.0 0
1657511697799 0.009577912278473377 1
1657511698312 0.02873409353196621 2
1657511698808 0.09253306686878204 3
1657511699124 0.2505912780761719 4
1657511699385 0.5535208582878113 5
1657511699635 0.9998735785484314 6
1657511699892 1.6809611320495605 7
1657511700146 2.6678102016448975 8
1657511700404 4.048220157623291 9
1657511700694 5.273989677429199 10
1657511700962 6.310299396514893 11
1657511701221 7.054595470428467 12
1657511701484 7.191208362579346 13
1657511701761 6.47279691696167 14
1657511702028 4.859808921813965 15
1657511702312 3.223475694656372 16
1657511702573 2.373701572418213 17
1657511702830 1.3051624298095703 18
1657511703084 0.9055134057998657 19
1657511703339 1.1365838050842285 20
1657511703595 1.5724478960037231 21
1657511703848 2.204369068145752 22
1657511704103 3.138427972793579 23
1657511704359 3.6071009635925293 24
1657511704614 3.732562780380249 25
1657511704864 3.523911952972412 26
1657511705116 3.2915711402893066 27
1657511705370 3.2579548358917236 28
1657511705626 3.9447174072265625 29
1657511705882 4.860576629638672 30
1657511706132 5.786184310913086 31
1657511706384 6.673370361328125 32
1657511706635 7.517552375793457 33
1657511706966 8.31605339050293 34
1657511707223 9.060966491699219 35
1657511707488 9.836851119995117 36
1657511707796 10.663907051086426 37
1657511708052 11.507336616516113 38
1657511708352 12.3729887008667 39
1657511708607 13.315258026123047 40
1657511708858 14.179635047912598 41
1657511709113 14.916619300842285 42
1657511709361 15.57619571685791 43
1657511709617 16.22562599182129 44
1657511709876 16.92282485961914 45
1657511710133 17.74431037902832 46
1657511710390 18.48601722717285 47
1657511710643 19.314157485961914 48
1657511710892 20.232276916503906 49
1657511711150 21.1893310546875 50
1657511711404 22.193042755126953 51
1657511711659 23.186878204345703 52
1657511711933 24.101411819458008 53
1657511712202 24.916757583618164 54
1657511712457 25.61132049560547 55
1657511712739 26.26144790649414 56
1657511713014 26.930341720581055 57
1657511713288 27.704641342163086 58
1657511713551 28.50126838684082 59
1657511713801 29.29686164855957 60
1657511714058 29.985279083251953 61
1657511714308 30.456518173217773 62
1657511714557 30.62737464904785 63
1657511714815 30.547119140625 64
1657511715070 30.28004264831543 65
1657511715319 29.876625061035156 66
1657511715574 29.39884376525879 67
1657511715824 28.89702606201172 68
