1657511697373 4.945489883422852 0
1657511697788 4.628969192504883 1
1657511698301 5.338456153869629 2
1657511698800 5.5791425704956055 3
1657511699117 5.72028923034668 4
1657511699378 5.501220703125 5
1657511699628 5.588585376739502 6
1657511699884 5.699963092803955 7
1657511700140 6.265076637268066 8
1657511700395 5.491558074951172 9
1657511700687 5.3373918533325195 10
1657511700956 5.55694580078125 11
1657511701215 5.008918762207031 12
1657511701477 6.334540843963623 13
1657511701755 6.604435443878174 14
1657511702021 6.907073020935059 15
1657511702305 6.73732852935791 16
1657511702566 6.9368486404418945 17
1657511702824 7.32749080657959 18
1657511703078 7.760468006134033 19
1657511703332 7.842499732971191 20
1657511703588 8.176217079162598 21
1657511703842 7.881974697113037 22
1657511704096 7.963989734649658 23
1657511704352 7.647932052612305 24
1657511704607 7.726744651794434 25
1657511704857 6.778115272521973 26
1657511705110 6.464194297790527 27
1657511705363 6.290230751037598 28
1657511705618 5.796422004699707 29
1657511705876 5.333103656768799 30
1657511706125 5.730841636657715 31
1657511706378 5.924683094024658 32
1657511706629 6.458364963531494 33
1657511706958 6.44963264465332 34
1657511707216 7.073030948638916 35
1657511707481 7.135159015655518 36
1657511707789 6.651759147644043 37
1657511708045 6.69996452331543 38
1657511708346 7.9430317878723145 39
1657511708601 8.48668098449707 40
1657511708851 8.676446914672852 41
1657511709107 8.910076141357422 42
1657511709355 8.790947914123535 43
1657511709610 8.23830795288086 44
1657511709869 8.140825271606445 45
1657511710127 6.079981803894043 46
1657511710383 5.528508186340332 47
1657511710637 5.488808631896973 48
1657511710886 5.011496067047119 49
1657511711144 5.514077186584473 50
1657511711398 6.038118362426758 51
1657511711653 6.1143269538879395 52
1657511711926 6.663490295410156 53
1657511712196 6.964791774749756 54
1657511712450 7.272259712219238 55
1657511712733 7.607668876647949 56
1657511713007 8.318090438842773 57
1657511713282 8.098931312561035 58
1657511713544 8.230548858642578 59
1657511713795 8.574712753295898 60
1657511714052 8.98975944519043 61
1657511714301 8.959135055541992 62
1657511714551 8.531354904174805 63
1657511714809 8.752145767211914 64
1657511715063 9.103862762451172 65
1657511715313 8.81035327911377 66
1657511715568 8.15323543548584 67
1657511715817 8.0891752243042 68
