1657511697369 0.06518902629613876 0
1657511697784 0.05645314231514931 1
1657511698297 0.09727422893047333 2
1657511698796 0.12442987412214279 3
1657511699114 0.1548827737569809 4
1657511699374 0.1775798201560974 5
1657511699625 0.2432200163602829 6
1657511699881 0.3347228765487671 7
1657511700136 0.45362427830696106 8
1657511700392 0.46265909075737 9
1657511700684 0.50876384973526 10
1657511700952 0.6107915639877319 11
1657511701211 0.5107152462005615 12
1657511701474 0.4254428744316101 13
1657511701751 0.4150274693965912 14
1657511702018 0.3777897357940674 15
1657511702301 0.21017926931381226 16
1657511702563 0.10789130628108978 17
1657511702820 0.09488376975059509 18
1657511703074 0.14123360812664032 19
1657511703329 0.18120156228542328 20
1657511703584 0.22262725234031677 21
1657511703838 0.38627299666404724 22
1657511704093 0.14957623183727264 23
1657511704349 0.2085936814546585 24
1657511704604 0.22351182997226715 25
1657511704854 0.2904320955276489 26
1657511705107 0.39714065194129944 27
1657511705360 0.5412910580635071 28
1657511705615 0.6720606088638306 29
1657511705873 0.7464262843132019 30
1657511706122 0.8179946541786194 31
1657511706375 0.8807840943336487 32
1657511706626 0.9212555885314941 33
1657511706954 0.9476441144943237 34
1657511707213 0.9642719030380249 35
1657511707477 0.9765458703041077 36
1657511707786 0.9909878373146057 37
1657511708042 0.9960514903068542 38
1657511708343 0.9981708526611328 39
1657511708597 0.9990457892417908 40
1657511708848 0.9996304512023926 41
1657511709103 0.9998569488525391 42
1657511709352 0.9999567270278931 43
1657511709607 0.9999879598617554 44
1657511709866 0.9999967813491821 45
1657511710123 0.9999998807907104 46
1657511710379 1.0 47
1657511710634 1.0 48
1657511710882 1.0 49
1657511711140 1.0 50
1657511711394 1.0 51
1657511711649 1.0 52
1657511711923 1.0 53
1657511712193 1.0 54
1657511712447 1.0 55
1657511712729 1.0 56
1657511713003 1.0 57
1657511713278 1.0 58
1657511713541 1.0 59
1657511713791 1.0 60
1657511714049 1.0 61
1657511714298 1.0 62
1657511714548 1.0 63
1657511714806 1.0 64
1657511715060 1.0 65
1657511715310 1.0 66
1657511715565 1.0 67
1657511715814 1.0 68
