1657511697368 0.10959871113300323 0
1657511697783 0.09292945265769958 1
1657511698296 0.14332738518714905 2
1657511698795 0.1737886667251587 3
1657511699113 0.20324048399925232 4
1657511699373 0.2201824188232422 5
1657511699624 0.2853577733039856 6
1657511699880 0.3940914571285248 7
1657511700135 0.5363287329673767 8
1657511700391 0.5460715889930725 9
1657511700683 0.5967628955841064 10
1657511700951 0.682867705821991 11
1657511701210 0.6175740957260132 12
1657511701473 0.5560047626495361 13
1657511701750 0.4503450393676758 14
1657511702016 0.39065292477607727 15
1657511702300 0.2452578991651535 16
1657511702562 0.18967001140117645 17
1657511702819 0.18696299195289612 18
1657511703073 0.21740347146987915 19
1657511703328 0.2489473819732666 20
1657511703583 0.32856687903404236 21
1657511703837 0.4188055694103241 22
1657511704092 0.24243390560150146 23
1657511704348 0.2845563292503357 24
1657511704603 0.331070214509964 25
1657511704852 0.35016801953315735 26
1657511705105 0.4176460802555084 27
1657511705359 0.5512053966522217 28
1657511705614 0.6757091879844666 29
1657511705872 0.7480502128601074 30
1657511706121 0.8185597658157349 31
1657511706374 0.8809949159622192 32
1657511706624 0.9213793277740479 33
1657511706952 0.9477053880691528 34
1657511707212 0.9643192291259766 35
1657511707476 0.9765682220458984 36
1657511707785 0.9909907579421997 37
1657511708041 0.996052086353302 38
1657511708342 0.9981710314750671 39
1657511708596 0.9990458488464355 40
1657511708847 0.9996304512023926 41
1657511709102 0.9998569488525391 42
1657511709350 0.9999567270278931 43
1657511709606 0.9999879598617554 44
1657511709865 0.9999967813491821 45
1657511710122 0.9999998807907104 46
1657511710378 1.0 47
1657511710633 1.0 48
1657511710881 1.0 49
1657511711139 1.0 50
1657511711393 1.0 51
1657511711648 1.0 52
1657511711921 1.0 53
1657511712191 1.0 54
1657511712446 1.0 55
1657511712728 1.0 56
1657511713002 1.0 57
1657511713277 1.0 58
1657511713540 1.0 59
1657511713790 1.0 60
1657511714047 1.0 61
1657511714297 1.0 62
1657511714547 1.0 63
1657511714805 1.0 64
1657511715059 1.0 65
1657511715309 1.0 66
1657511715564 1.0 67
1657511715813 1.0 68
