1657511697375 0.06518902629613876 0
1657511697793 0.04241444170475006 1
1657511698305 0.09727422893047333 2
1657511698802 0.12442987412214279 3
1657511699120 0.1548827737569809 4
1657511699380 0.1775798201560974 5
1657511699631 0.2432200163602829 6
1657511699887 0.3347228765487671 7
1657511700142 0.45362427830696106 8
1657511700398 0.46265909075737 9
1657511700689 0.50876384973526 10
1657511700958 0.6107915639877319 11
1657511701217 0.5107152462005615 12
1657511701479 0.35685425996780396 13
1657511701757 0.16373559832572937 14
1657511702023 0.017258724197745323 15
1657511702307 0.0008470777538605034 16
1657511702568 6.077489524614066e-05 17
1657511702826 3.5951356949226465e-06 18
1657511703080 5.725079290641588e-07 19
1657511703334 1.56327686795521e-07 20
1657511703590 2.0504469944171433e-07 21
1657511703844 6.281708806454844e-07 22
1657511704098 1.5367746527772397e-05 23
1657511704355 0.00011231009557377547 24
1657511704609 0.0013215889921411872 25
1657511704859 0.025796150788664818 26
1657511705112 0.059763744473457336 27
1657511705365 0.07510965317487717 28
1657511705621 0.05492351949214935 29
1657511705878 0.03901094198226929 30
1657511706127 0.018758775666356087 31
1657511706380 0.006404434330761433 32
1657511706631 0.0020110702607780695 33
1657511706960 0.000843132205773145 34
1657511707218 0.00037447293289005756 35
1657511707484 0.0002994737296830863 36
1657511707792 0.00017809528799261898 37
1657511708048 0.00019111231085844338 38
1657511708348 0.00021180463954806328 39
1657511708603 0.0002078799152513966 40
1657511708853 7.782946340739727e-05 41
1657511709109 2.4503224267391488e-05 42
1657511709357 7.438444754370721e-06 43
1657511709612 1.6137453258124879e-06 44
1657511709872 1.9270281370609155e-07 45
1657511710129 2.4582808011430757e-10 46
1657511710385 1.6214037057427078e-10 47
1657511710639 1.3631626383237005e-10 48
1657511710888 7.976320298697104e-11 49
1657511711146 9.346898949269544e-11 50
1657511711400 5.472000283446299e-11 51
1657511711655 3.53592120860835e-11 52
1657511711928 2.3937336487978023e-11 53
1657511712198 1.243533141043196e-11 54
1657511712453 6.821776216830999e-12 55
1657511712735 4.04097458620023e-12 56
1657511713009 1.4054162564627881e-12 57
1657511713284 4.2467123025601017e-13 58
1657511713547 2.2254141346551848e-13 59
1657511713797 9.302385522037132e-14 60
1657511714054 2.090270976597662e-14 61
1657511714303 1.450439737120477e-14 62
1657511714553 2.7054296709806344e-14 63
1657511714811 3.554029968000534e-14 64
1657511715065 8.352564787820344e-14 65
1657511715315 6.754224458373204e-14 66
1657511715570 1.8094904643672222e-13 67
1657511715820 1.840343063488556e-13 68
