1657511697370 32.840763092041016 0
1657511697785 30.434907913208008 1
1657511698298 32.83268356323242 2
1657511698797 34.654903411865234 3
1657511699115 37.064453125 4
1657511699375 38.13444137573242 5
1657511699626 40.12839126586914 6
1657511699882 42.09894561767578 7
1657511700137 44.738250732421875 8
1657511700393 45.20781326293945 9
1657511700685 48.311920166015625 10
1657511700953 51.3338737487793 11
1657511701212 53.51282501220703 12
1657511701475 65.330078125 13
1657511701752 64.5550765991211 14
1657511702019 70.86050415039062 15
1657511702303 70.87962341308594 16
1657511702564 74.22840118408203 17
1657511702822 78.71146392822266 18
1657511703076 80.02468872070312 19
1657511703330 80.95954132080078 20
1657511703585 82.31011962890625 21
1657511703840 79.93531036376953 22
1657511704094 85.07897186279297 23
1657511704350 82.3331069946289 24
1657511704605 81.05436706542969 25
1657511704855 70.49478149414062 26
1657511705108 68.62934875488281 27
1657511705361 65.34347534179688 28
1657511705616 59.79291915893555 29
1657511705874 56.291404724121094 30
1657511706123 51.266258239746094 31
1657511706376 51.90789794921875 32
1657511706627 51.59230041503906 33
1657511706955 50.038116455078125 34
1657511707214 50.64239501953125 35
1657511707479 50.822208404541016 36
1657511707787 48.569374084472656 37
1657511708043 48.92897415161133 38
1657511708344 53.065128326416016 39
1657511708599 55.90394592285156 40
1657511708849 55.743465423583984 41
1657511709105 56.778785705566406 42
1657511709353 59.101768493652344 43
1657511709608 59.52531051635742 44
1657511709867 60.76918411254883 45
1657511710124 70.4501953125 46
1657511710381 66.81654357910156 47
1657511710635 64.73703002929688 48
1657511710883 62.23076629638672 49
1657511711142 63.045021057128906 50
1657511711395 64.10224914550781 51
1657511711650 63.814109802246094 52
1657511711924 65.06780242919922 53
1657511712194 65.0755386352539 54
1657511712448 65.3089599609375 55
1657511712730 65.99932098388672 56
1657511713004 68.16793060302734 57
1657511713279 69.14098358154297 58
1657511713542 68.05494689941406 59
1657511713793 69.15118408203125 60
1657511714050 70.06421661376953 61
1657511714299 70.92891693115234 62
1657511714549 70.12794494628906 63
1657511714807 70.70633697509766 64
1657511715061 72.57215118408203 65
1657511715311 73.22185516357422 66
1657511715566 71.84133911132812 67
1657511715815 72.48284912109375 68
