1657511697372 4.945489883422852 0
1657511697787 4.637099742889404 1
1657511698299 5.365413665771484 2
1657511698799 5.671675682067871 3
1657511699116 5.970880508422852 4
1657511699376 6.054741382598877 5
1657511699627 6.588459014892578 6
1657511699883 7.270817279815674 7
1657511700139 8.339550018310547 8
1657511700394 8.380315780639648 9
1657511700686 8.999689102172852 10
1657511700954 10.079893112182617 11
1657511701214 9.503153800964355 12
1657511701476 9.716911315917969 13
1657511701753 8.958357810974121 14
1657511702020 9.060928344726562 15
1657511702304 8.255209922790527 16
1657511702565 7.740707874298096 17
1657511702823 7.886862754821777 18
1657511703077 8.487156867980957 19
1657511703331 8.925043106079102 20
1657511703587 9.591134071350098 21
1657511703841 10.086343765258789 22
1657511704095 8.504068374633789 23
1657511704351 8.753137588500977 24
1657511704606 8.884840965270996 25
1657511704856 8.491846084594727 26
1657511705109 8.814446449279785 27
1657511705362 9.2987060546875 28
1657511705617 9.482583999633789 29
1657511705875 9.74459171295166 30
1657511706124 9.957667350769043 31
1657511706377 10.56173038482666 32
1657511706628 11.14745807647705 33
1657511706956 11.50283145904541 34
1657511707215 12.120019912719727 35
1657511707480 12.58617115020752 36
1657511707788 13.198036193847656 37
1657511708044 14.010149002075195 38
1657511708345 15.52451229095459 39
1657511708600 16.69293212890625 40
1657511708850 17.60811424255371 41
1657511709106 18.580602645874023 42
1657511709354 19.75465965270996 43
1657511709609 20.605026245117188 44
1657511709868 21.752721786499023 45
1657511710125 23.824291229248047 46
1657511710382 24.0145263671875 47
1657511710636 24.802967071533203 48
1657511710885 25.243772506713867 49
1657511711143 26.03553009033203 50
1657511711397 27.124412536621094 51
1657511711652 28.41831398010254 52
1657511711925 29.5858154296875 53
1657511712195 30.459918975830078 54
1657511712449 31.079315185546875 55
1657511712731 31.624197006225586 56
1657511713006 32.600399017333984 57
1657511713281 33.044761657714844 58
1657511713543 33.54027557373047 59
1657511713794 34.28709411621094 60
1657511714051 35.248260498046875 61
1657511714300 35.51567077636719 62
1657511714550 35.05709457397461 63
1657511714808 34.83384704589844 64
1657511715062 34.57633590698242 65
1657511715312 34.56684112548828 66
1657511715567 33.900936126708984 67
1657511715816 33.77766036987305 68
