1663191551637 0.0 0
1663191552373 0.0 1
1663191552891 0.0 2
1663191553414 0.0 3
1663191553932 0.0 4
1663191554451 0.0 5
1663191554982 0.0 6
1663191555534 0.0 7
1663191556108 0.0 8
1663191556655 0.0 9
1663191557209 0.0 10
1663191557759 0.0 11
1663191558304 0.0 12
1663191558852 0.0 13
1663191559395 0.0 14
1663191559935 0.0 15
1663191560481 0.0 16
1663191561029 0.0 17
1663191561584 0.0 18
1663191562126 0.0 19
1663191562674 0.0 20
1663191563215 0.0 21
1663191563762 0.0 22
1663191564310 0.0 23
1663191564860 0.0 24
1663191565412 0.0 25
1663191565958 0.0 26
1663191566501 0.0 27
1663191567049 0.0 28
1663191567582 0.0 29
1663191568131 0.0 30
1663191568670 0.0 31
1663191569224 0.0 32
1663191569769 0.0 33
1663191570313 0.0 34
1663191570866 0.0 35
1663191571416 0.0 36
1663191571957 0.0 37
1663191572502 0.0 38
1663191573040 0.0 39
1663191573578 0.0 40
1663191574129 0.0 41
1663191574676 0.0 42
1663191575223 0.0 43
1663191575776 0.0 44
1663191576330 0.0 45
1663191576862 0.0 46
1663191577409 0.0 47
1663191577959 0.0 48
1663191578504 0.0 49
1663191579056 0.0 50
1663191579603 0.0 51
1663191580139 0.0 52
1663191580684 0.0 53
1663191581236 0.0 54
1663191581791 0.0 55
1663191582335 0.0 56
1663191582883 0.0 57
1663191583434 0.0 58
1663191583973 0.0 59
1663191584518 0.0 60
1663191585067 0.0 61
1663191585619 0.0 62
1663191586173 0.0 63
1663191586719 0.0 64
1663191587267 0.0 65
1663191587805 0.0 66
1663191588347 0.0 67
1663191588883 0.0 68
