1663191551635 0.0010662878630682826 0
1663191552372 0.00104103225748986 1
1663191552889 0.0010941863292828202 2
1663191553413 0.0011122144060209394 3
1663191553931 0.0011213606921955943 4
1663191554449 0.0011054171482101083 5
1663191554981 0.001106142532080412 6
1663191555533 0.001097841770388186 7
1663191556107 0.001087523065507412 8
1663191556654 0.0010255277156829834 9
1663191557208 0.0010112461168318987 10
1663191557757 0.0010102465748786926 11
1663191558303 0.001001729047857225 12
1663191558850 0.0010001419577747583 13
1663191559394 0.0009995708242058754 14
1663191559934 0.000999214593321085 15
1663191560480 0.0009990951512008905 16
1663191561027 0.0009990964317694306 17
1663191561583 0.0009990656981244683 18
1663191562125 0.0009990655817091465 19
1663191562673 0.0009990402031689882 20
1663191563214 0.000999048468656838 21
1663191563761 0.0009990567341446877 22
1663191564309 0.0009991548722609878 23
1663191564859 0.0009991866536438465 24
1663191565411 0.0009994833962991834 25
1663191565956 0.0010020865593105555 26
1663191566500 0.0010038292966783047 27
1663191567048 0.001007355866022408 28
1663191567580 0.0010122162057086825 29
1663191568129 0.0010251931380480528 30
1663191568669 0.0010428312234580517 31
1663191569222 0.001060657319612801 32
1663191569768 0.0010728896595537663 33
1663191570311 0.0010906659299507737 34
1663191570865 0.0010808984516188502 35
1663191571415 0.0010849981335923076 36
1663191571955 0.001074196770787239 37
1663191572501 0.0010868634562939405 38
1663191573039 0.0011030095629394054 39
1663191573577 0.0010966557310894132 40
1663191574128 0.0010527805425226688 41
1663191574675 0.0010352481622248888 42
1663191575221 0.0010478845797479153 43
1663191575775 0.0010633629281073809 44
1663191576328 0.001053028041496873 45
1663191576861 0.0010006371885538101 46
1663191577408 0.0010015734005719423 47
1663191577958 0.0010059154592454433 48
1663191578503 0.0010071102296933532 49
1663191579054 0.0010161371901631355 50
1663191579602 0.0010200132383033633 51
1663191580138 0.0010316484840586782 52
1663191580683 0.001038896618410945 53
1663191581235 0.0010349045041948557 54
1663191581789 0.001025740522891283 55
1663191582334 0.0010222268756479025 56
1663191582881 0.0010154310148209333 57
1663191583433 0.0010090074501931667 58
1663191583972 0.0010117273777723312 59
1663191584517 0.0010125499684363604 60
1663191585066 0.001007517916150391 61
1663191585618 0.0010079615749418736 62
1663191586171 0.0010128265712410212 63
1663191586718 0.001009663799777627 64
1663191587266 0.0010093627497553825 65
1663191587804 0.0010067443363368511 66
1663191588346 0.00101097347214818 67
1663191588881 0.0010091218864545226 68
