1663191551648 0.004173567984253168 0
1663191552383 0.003946711774915457 1
1663191552900 0.004393869079649448 2
1663191553424 0.004549290053546429 3
1663191553942 0.004638927057385445 4
1663191554460 0.004438305273652077 5
1663191554992 0.004547347780317068 6
1663191555544 0.004663347266614437 7
1663191556118 0.004973519127815962 8
1663191556665 0.004412326030433178 9
1663191557219 0.0044561768881976604 10
1663191557768 0.00451025040820241 11
1663191558314 0.004501336254179478 12
1663191558861 0.004979753866791725 13
1663191559405 0.004964514635503292 14
1663191559945 0.005291110835969448 15
1663191560491 0.005293403286486864 16
1663191561038 0.0054218522273004055 17
1663191561594 0.005489385221153498 18
1663191562135 0.005607453640550375 19
1663191562684 0.005653245374560356 20
1663191563225 0.0058830976486206055 21
1663191563772 0.005670721177011728 22
1663191564319 0.00556893739849329 23
1663191564869 0.005465250462293625 24
1663191565422 0.0054654330015182495 25
1663191565967 0.005042022559791803 26
1663191566511 0.004867703653872013 27
1663191567058 0.004854960832744837 28
1663191567591 0.0046249208971858025 29
1663191568140 0.004662609193474054 30
1663191568680 0.004775418899953365 31
1663191569233 0.005033247172832489 32
1663191569779 0.005344245117157698 33
1663191570322 0.00542260380461812 34
1663191570876 0.005763814318925142 35
1663191571426 0.005891537759453058 36
1663191571966 0.005600074306130409 37
1663191572512 0.005621935706585646 38
1663191573050 0.00649143336340785 39
1663191573588 0.006876092869788408 40
1663191574138 0.007020376622676849 41
1663191574685 0.007142576854676008 42
1663191575232 0.0069474526681005955 43
1663191575786 0.006430139299482107 44
1663191576339 0.006276980042457581 45
1663191576872 0.004780557006597519 46
1663191577418 0.004623274318873882 47
1663191577969 0.004602642729878426 48
1663191578514 0.004512461367994547 49
1663191579065 0.004708772990852594 50
1663191579613 0.004954920150339603 51
1663191580149 0.005181262269616127 52
1663191580694 0.00550847640261054 53
1663191581246 0.005587103310972452 54
1663191581801 0.005804861430078745 55
1663191582345 0.005981402471661568 56
1663191582892 0.006530048791319132 57
1663191583443 0.006382399704307318 58
1663191583983 0.006561636924743652 59
1663191584528 0.006803423166275024 60
1663191585077 0.007193040568381548 61
1663191585629 0.007112993858754635 62
1663191586182 0.006734393537044525 63
1663191586728 0.006915985140949488 64
1663191587277 0.007087244652211666 65
1663191587815 0.006847811862826347 66
1663191588357 0.006360009778290987 67
1663191588892 0.006227707024663687 68
