1663191551651 0.0 0
1663191552385 0.0 1
1663191552903 0.0 2
1663191553426 0.0 3
1663191553944 0.0 4
1663191554462 0.0 5
1663191554994 0.0 6
1663191555546 0.0 7
1663191556120 0.0 8
1663191556667 0.0 9
1663191557221 0.0 10
1663191557770 0.0 11
1663191558316 0.0 12
1663191558863 0.0 13
1663191559407 0.0 14
1663191559947 0.0 15
1663191560493 0.0 16
1663191561040 0.0 17
1663191561596 0.0 18
1663191562138 0.0 19
1663191562686 0.0 20
1663191563227 0.0 21
1663191563774 0.0 22
1663191564322 0.0 23
1663191564872 0.0 24
1663191565424 0.0 25
1663191565969 0.0 26
1663191566513 0.0 27
1663191567061 0.0 28
1663191567593 0.0 29
1663191568143 0.0 30
1663191568682 0.0 31
1663191569235 0.0 32
1663191569781 0.0 33
1663191570324 0.0 34
1663191570878 0.0 35
1663191571428 0.0 36
1663191571968 0.0 37
1663191572514 0.0 38
1663191573052 0.0 39
1663191573590 0.0 40
1663191574141 0.0 41
1663191574688 0.0 42
1663191575234 0.0 43
1663191575788 0.0 44
1663191576342 0.0 45
1663191576874 0.0 46
1663191577421 0.0 47
1663191577971 0.0 48
1663191578516 0.0 49
1663191579068 0.0 50
1663191579615 0.0 51
1663191580151 0.0 52
1663191580696 0.0 53
1663191581248 0.0 54
1663191581803 0.0 55
1663191582347 0.0 56
1663191582895 0.0 57
1663191583446 0.0 58
1663191583985 0.0 59
1663191584530 0.0 60
1663191585079 0.0 61
1663191585631 0.0 62
1663191586185 0.0 63
1663191586731 0.0 64
1663191587279 0.0 65
1663191587817 0.0 66
1663191588359 0.0 67
1663191588894 0.0 68
