1663191551649 0.0 0
1663191552384 0.0 1
1663191552902 0.0 2
1663191553425 0.0 3
1663191553943 0.0 4
1663191554461 0.0 5
1663191554993 0.0 6
1663191555545 0.0 7
1663191556119 0.0 8
1663191556666 0.0 9
1663191557220 0.0 10
1663191557769 0.0 11
1663191558315 0.0 12
1663191558862 0.0 13
1663191559406 0.0 14
1663191559946 0.0 15
1663191560492 0.0 16
1663191561039 0.0 17
1663191561595 0.0 18
1663191562137 0.0 19
1663191562685 0.0 20
1663191563226 0.0 21
1663191563773 0.0 22
1663191564320 0.0 23
1663191564870 0.0 24
1663191565423 0.0 25
1663191565968 0.0 26
1663191566512 0.0 27
1663191567059 0.0 28
1663191567592 0.0 29
1663191568141 0.0 30
1663191568681 0.0 31
1663191569234 0.0 32
1663191569780 0.0 33
1663191570323 0.0 34
1663191570877 0.0 35
1663191571427 0.0 36
1663191571967 0.0 37
1663191572513 0.0 38
1663191573051 0.0 39
1663191573589 0.0 40
1663191574140 0.0 41
1663191574686 0.0 42
1663191575233 0.0 43
1663191575787 0.0 44
1663191576340 0.0 45
1663191576873 0.0 46
1663191577419 0.0 47
1663191577970 0.0 48
1663191578515 0.0 49
1663191579066 0.0 50
1663191579614 0.0 51
1663191580150 0.0 52
1663191580695 0.0 53
1663191581247 0.0 54
1663191581802 0.0 55
1663191582346 0.0 56
1663191582893 0.0 57
1663191583445 0.0 58
1663191583984 0.0 59
1663191584529 0.0 60
1663191585078 0.0 61
1663191585630 0.0 62
1663191586183 0.0 63
1663191586730 0.0 64
1663191587278 0.0 65
1663191587816 0.0 66
1663191588358 0.0 67
1663191588893 0.0 68
