1663191551647 0.5826432108879089 0
1663191552382 0.6053287982940674 1
1663191552899 0.5606130957603455 2
1663191553423 0.545071005821228 3
1663191553941 0.5361073017120361 4
1663191554459 0.5561694502830505 5
1663191554991 0.5452651977539062 6
1663191555543 0.5336652398109436 7
1663191556117 0.5026480555534363 8
1663191556664 0.5587673783302307 9
1663191557218 0.55438232421875 10
1663191557767 0.5489749312400818 11
1663191558313 0.5498663783073425 12
1663191558860 0.5020245909690857 13
1663191559404 0.5035485029220581 14
1663191559944 0.4708889126777649 15
1663191560490 0.47065967321395874 16
1663191561037 0.4578147530555725 17
1663191561593 0.4510614573955536 18
1663191562134 0.43925461173057556 19
1663191562683 0.4346754848957062 20
1663191563224 0.41169020533561707 21
1663191563771 0.43292784690856934 22
1663191564318 0.4431062340736389 23
1663191564868 0.4534749388694763 24
1663191565421 0.45345669984817505 25
1663191565966 0.4957977533340454 26
1663191566510 0.5132296085357666 27
1663191567057 0.5145038962364197 28
1663191567590 0.5375078916549683 29
1663191568139 0.5337390899658203 30
1663191568679 0.5224580764770508 31
1663191569232 0.4966752231121063 32
1663191569778 0.4655754864215851 33
1663191570321 0.45773962140083313 34
1663191570875 0.4236185550689697 35
1663191571424 0.4108462631702423 36
1663191571965 0.4399925172328949 37
1663191572511 0.4378064274787903 38
1663191573049 0.3508566617965698 39
1663191573587 0.31239065527915955 40
1663191574137 0.2979622781276703 41
1663191574684 0.28574228286743164 42
1663191575231 0.305254727602005 43
1663191575785 0.35698607563972473 44
1663191576338 0.37230199575424194 45
1663191576871 0.5219442844390869 46
1663191577417 0.5376725792884827 47
1663191577967 0.539735734462738 48
1663191578513 0.5487538576126099 49
1663191579064 0.5291227102279663 50
1663191579612 0.5045079588890076 51
1663191580148 0.4818737804889679 52
1663191580693 0.4491523504257202 53
1663191581245 0.44128966331481934 54
1663191581799 0.4195137917995453 55
1663191582344 0.40185976028442383 56
1663191582891 0.34699511528015137 57
1663191583442 0.3617600202560425 58
1663191583982 0.34383633732795715 59
1663191584527 0.31965771317481995 60
1663191585076 0.28069591522216797 61
1663191585628 0.28870058059692383 62
1663191586181 0.3265605866909027 63
1663191586727 0.3084014356136322 64
1663191587276 0.2912755012512207 65
1663191587814 0.3152187764644623 66
1663191588355 0.36399900913238525 67
1663191588891 0.3772292733192444 68
