1663191551645 4.945489883422852 0
1663191552381 4.628969192504883 1
1663191552898 5.338456153869629 2
1663191553422 5.5791425704956055 3
1663191553940 5.72028923034668 4
1663191554458 5.501220703125 5
1663191554990 5.588585376739502 6
1663191555541 5.699963092803955 7
1663191556116 6.265076637268066 8
1663191556663 5.491558074951172 9
1663191557217 5.3373918533325195 10
1663191557766 5.55694580078125 11
1663191558311 5.008918762207031 12
1663191558859 6.334540843963623 13
1663191559403 6.604435443878174 14
1663191559943 6.907073020935059 15
1663191560489 6.73732852935791 16
1663191561036 6.9368486404418945 17
1663191561592 7.32749080657959 18
1663191562133 7.760468006134033 19
1663191562682 7.842499732971191 20
1663191563222 8.176217079162598 21
1663191563770 7.881974697113037 22
1663191564317 7.963989734649658 23
1663191564867 7.647932052612305 24
1663191565420 7.726744651794434 25
1663191565965 6.778115272521973 26
1663191566509 6.464194297790527 27
1663191567056 6.290230751037598 28
1663191567589 5.796422004699707 29
1663191568138 5.333103656768799 30
1663191568678 5.730841636657715 31
1663191569231 5.924683094024658 32
1663191569777 6.458364963531494 33
1663191570320 6.44963264465332 34
1663191570874 7.073030948638916 35
1663191571423 7.135159015655518 36
1663191571964 6.651759147644043 37
1663191572510 6.69996452331543 38
1663191573048 7.9430317878723145 39
1663191573586 8.48668098449707 40
1663191574136 8.676446914672852 41
1663191574683 8.910076141357422 42
1663191575230 8.790947914123535 43
1663191575784 8.23830795288086 44
1663191576337 8.140825271606445 45
1663191576870 6.079981803894043 46
1663191577416 5.528508186340332 47
1663191577966 5.488808631896973 48
1663191578512 5.011496067047119 49
1663191579063 5.514077186584473 50
1663191579611 6.038118362426758 51
1663191580147 6.1143269538879395 52
1663191580692 6.663490295410156 53
1663191581244 6.964791774749756 54
1663191581798 7.272259712219238 55
1663191582343 7.607668876647949 56
1663191582890 8.318090438842773 57
1663191583441 8.098931312561035 58
1663191583981 8.230548858642578 59
1663191584526 8.574712753295898 60
1663191585075 8.98975944519043 61
1663191585627 8.959135055541992 62
1663191586180 8.531354904174805 63
1663191586726 8.752145767211914 64
1663191587275 9.103862762451172 65
1663191587813 8.81035327911377 66
1663191588354 8.15323543548584 67
1663191588890 8.0891752243042 68
