1663191551644 0.06518902629613876 0
1663191552379 0.0549381785094738 1
1663191552897 0.0910198837518692 2
1663191553421 0.10736466944217682 3
1663191553939 0.11555568873882294 4
1663191554457 0.10123251378536224 5
1663191554988 0.10188926011323929 6
1663191555540 0.10534206032752991 7
1663191556114 0.15371131896972656 8
1663191556662 0.08357550203800201 9
1663191557216 0.0610789954662323 10
1663191557765 0.06690102815628052 11
1663191558310 0.03534635156393051 12
1663191558858 0.061758968979120255 13
1663191559402 0.09026267379522324 14
1663191559942 0.0736742913722992 15
1663191560488 0.06231231987476349 16
1663191561035 0.06187747046351433 17
1663191561591 0.06984136253595352 18
1663191562132 0.0948769673705101 19
1663191562681 0.09659876674413681 20
1663191563221 0.10751855373382568 21
1663191563769 0.10284286737442017 22
1663191564316 0.12529508769512177 23
1663191564866 0.11112748831510544 24
1663191565419 0.12933790683746338 25
1663191565964 0.10015915334224701 26
1663191566508 0.08227837085723877 27
1663191567055 0.07710901647806168 28
1663191567588 0.0640840008854866 29
1663191568137 0.04250273481011391 30
1663191568677 0.07049835473299026 31
1663191569230 0.07106619328260422 32
1663191569776 0.10097860544919968 33
1663191570319 0.10312797129154205 34
1663191570873 0.1569846123456955 35
1663191571422 0.15952405333518982 36
1663191571963 0.13679878413677216 37
1663191572509 0.14457689225673676 38
1663191573047 0.2591100037097931 39
1663191573585 0.2953474521636963 40
1663191574135 0.3667033314704895 41
1663191574682 0.4244169592857361 42
1663191575229 0.37322089076042175 43
1663191575783 0.2976944148540497 44
1663191576336 0.301999568939209 45
1663191576869 0.06200230121612549 46
1663191577415 0.046548355370759964 47
1663191577965 0.049946509301662445 48
1663191578511 0.03653337061405182 49
1663191579062 0.052899595350027084 50
1663191579610 0.07849839329719543 51
1663191580145 0.07722499966621399 52
1663191580691 0.10884033143520355 53
1663191581243 0.15152940154075623 54
1663191581797 0.19239427149295807 55
1663191582342 0.24962951242923737 56
1663191582889 0.35902586579322815 57
1663191583440 0.2905171513557434 58
1663191583979 0.34850722551345825 59
1663191584525 0.415606826543808 60
1663191585074 0.5078468322753906 61
1663191585626 0.4772944152355194 62
1663191586179 0.39809510111808777 63
1663191586725 0.4197203814983368 64
1663191587274 0.4075269103050232 65
1663191587812 0.3810320496559143 66
1663191588353 0.27999240159988403 67
1663191588889 0.2853426933288574 68
