1663191551643 0.0010662878630682826 0
1663191552378 0.0010554153705015779 1
1663191552896 0.0010941863292828202 2
1663191553420 0.0011122144060209394 3
1663191553938 0.0011213606921955943 4
1663191554456 0.0011054171482101083 5
1663191554987 0.001106142532080412 6
1663191555539 0.001109965960495174 7
1663191556113 0.0011649655643850565 8
1663191556661 0.0010860735783353448 9
1663191557215 0.001061915187165141 10
1663191557764 0.0010681155836209655 11
1663191558309 0.0010349389631301165 12
1663191558857 0.0010626355651766062 13
1663191559401 0.0010933586163446307 14
1663191559941 0.0010753688402473927 15
1663191560487 0.0010632204357534647 16
1663191561034 0.0010627568699419498 17
1663191561589 0.001071253907866776 18
1663191562131 0.001098410109989345 19
1663191562680 0.00110030232463032 20
1663191563220 0.0011123777367174625 21
1663191563768 0.0011071937624365091 22
1663191564315 0.0011323310900479555 23
1663191564865 0.0011164036113768816 24
1663191565418 0.0011369173880666494 25
1663191565963 0.0011042288970202208 26
1663191566507 0.0010846637887880206 27
1663191567054 0.0010790713131427765 28
1663191567587 0.0010651100892573595 29
1663191568136 0.0010423705680295825 30
1663191568675 0.001071962178684771 31
1663191569229 0.0010725684696808457 32
1663191569775 0.0011051311157643795 33
1663191570318 0.001107506570406258 34
1663191570871 0.001168778631836176 35
1663191571421 0.0011717467568814754 36
1663191571962 0.0011454233899712563 37
1663191572508 0.0011543661821633577 38
1663191573046 0.0012944074114784598 39
1663191573584 0.0013421508483588696 40
1663191574134 0.0014413862954825163 41
1663191574681 0.0015269898576661944 42
1663191575228 0.0014508175663650036 43
1663191575782 0.0013453240972012281 44
1663191576335 0.0013511301949620247 45
1663191576868 0.0010628949385136366 46
1663191577414 0.0010465962113812566 47
1663191577964 0.0010501587530598044 48
1663191578510 0.0010361677268519998 49
1663191579061 0.0010532637825235724 50
1663191579609 0.0010805708589032292 51
1663191580144 0.001079192734323442 52
1663191580690 0.0011138510890305042 53
1663191581242 0.00116242456715554 54
1663191581796 0.0012109007220715284 55
1663191582341 0.0012822127901017666 56
1663191582888 0.0014303881907835603 57
1663191583439 0.001335703651420772 58
1663191583978 0.0014154231175780296 59
1663191584524 0.0015136139700189233 60
1663191585073 0.0016597851645201445 61
1663191585625 0.0016098711639642715 62
1663191586178 0.0014873516047373414 63
1663191586724 0.001519848476164043 64
1663191587273 0.0015014323871582747 65
1663191587810 0.0014621943701058626 66
1663191588352 0.001321724965237081 67
1663191588888 0.0013288165209814906 68
