1663191551642 0.10959871113300323 0
1663191552377 0.0909954383969307 1
1663191552895 0.13556331396102905 2
1663191553419 0.15362533926963806 3
1663191553936 0.16069398820400238 4
1663191554455 0.1415979117155075 5
1663191554986 0.1467972695827484 6
1663191555538 0.16023388504981995 7
1663191556112 0.1978365182876587 8
1663191556660 0.11792165040969849 9
1663191557214 0.10441122204065323 10
1663191557763 0.10554777085781097 11
1663191558308 0.09410002827644348 12
1663191558856 0.11995568126440048 13
1663191559400 0.13214747607707977 14
1663191559940 0.14781267940998077 15
1663191560486 0.144087553024292 16
1663191561033 0.15123379230499268 17
1663191561588 0.15416353940963745 18
1663191562130 0.16543792188167572 19
1663191562678 0.16794002056121826 20
1663191563219 0.19285722076892853 21
1663191563766 0.17037037014961243 22
1663191564314 0.18243080377578735 23
1663191564864 0.1737615168094635 24
1663191565417 0.18623404204845428 25
1663191565962 0.15568536520004272 26
1663191566506 0.13131049275398254 27
1663191567053 0.13180090487003326 28
1663191567586 0.11135681718587875 29
1663191568135 0.10733470320701599 30
1663191568674 0.12628383934497833 31
1663191569228 0.14344672858715057 32
1663191569774 0.171990305185318 33
1663191570317 0.18349093198776245 34
1663191570870 0.22300882637500763 35
1663191571420 0.23628509044647217 36
1663191571961 0.2197970449924469 37
1663191572506 0.22405916452407837 38
1663191573045 0.32737016677856445 39
1663191573583 0.37013596296310425 40
1663191574133 0.42039409279823303 41
1663191574680 0.4568668305873871 42
1663191575227 0.41062530875205994 43
1663191575780 0.3321555554866791 44
1663191576334 0.32758793234825134 45
1663191576867 0.1138860359787941 46
1663191577413 0.10525677353143692 47
1663191577963 0.10416370630264282 48
1663191578509 0.09885304421186447 49
1663191579060 0.1125941202044487 50
1663191579608 0.13670453429222107 51
1663191580143 0.15519042313098907 52
1663191580689 0.18454594910144806 53
1663191581241 0.20618507266044617 54
1663191581795 0.24019046127796173 55
1663191582339 0.28183555603027344 56
1663191582887 0.3792867958545685 57
1663191583438 0.33062148094177246 58
1663191583977 0.377785325050354 59
1663191584523 0.4332501292228699 60
1663191585072 0.5181989669799805 61
1663191585624 0.4909747242927551 62
1663191586177 0.4166634678840637 63
1663191586723 0.43907925486564636 64
1663191587272 0.43567508459091187 65
1663191587809 0.4096866548061371 66
1663191588351 0.3193744421005249 67
1663191588887 0.316480815410614 68
