1663191551640 0.031622953712940216 0
1663191552376 0.03162289038300514 1
1663191552894 0.03162306919693947 2
1663191553417 0.03162316232919693 3
1663191553935 0.03162320330739021 4
1663191554454 0.031623102724552155 5
1663191554985 0.031623128801584244 6
1663191555537 0.031623199582099915 7
1663191556111 0.03162346035242081 8
1663191556659 0.0316229909658432 9
1663191557213 0.03162294253706932 10
1663191557762 0.03162294626235962 11
1663191558307 0.03162290155887604 12
1663191558855 0.0316229946911335 13
1663191559399 0.031623050570487976 14
1663191559939 0.03162312135100365 15
1663191560485 0.03162310644984245 16
1663191561032 0.03162313625216484 17
1663191561587 0.03162315487861633 18
1663191562129 0.031623221933841705 19
1663191562677 0.0316232331097126 20
1663191563218 0.03162338584661484 21
1663191563765 0.03162325173616409 22
1663191564313 0.03162332624197006 23
1663191564863 0.031623274087905884 24
1663191565416 0.03162335976958275 25
1663191565961 0.031623173505067825 26
1663191566505 0.03162304684519768 27
1663191567052 0.031623050570487976 28
1663191567585 0.03162296116352081 29
1663191568134 0.03162294998764992 30
1663191568673 0.03162302076816559 31
1663191569227 0.031623098999261856 32
1663191569773 0.03162325918674469 33
1663191570316 0.03162332996726036 34
1663191570869 0.031623635441064835 35
1663191571419 0.03162375092506409 36
1663191571960 0.031623609364032745 37
1663191572505 0.03162364661693573 38
1663191573044 0.03162484988570213 39
1663191573581 0.03162552788853645 40
1663191574132 0.031626634299755096 41
1663191574679 0.03162766993045807 42
1663191575226 0.03162650391459465 43
1663191575779 0.03162502124905586 44
1663191576333 0.03162498399615288 45
1663191576866 0.03162297233939171 46
1663191577412 0.03162293881177902 47
1663191577962 0.031622931361198425 48
1663191578508 0.03162292018532753 49
1663191579059 0.03162296861410141 50
1663191579607 0.03162306919693947 51
1663191580142 0.03162316232919693 52
1663191580688 0.03162333741784096 53
1663191581240 0.03162350505590439 54
1663191581794 0.03162381052970886 55
1663191582338 0.03162430599331856 56
1663191582886 0.03162594512104988 57
1663191583437 0.03162497654557228 58
1663191583976 0.031625863164663315 59
1663191584522 0.031627196818590164 60
1663191585070 0.031629834324121475 61
1663191585623 0.031628888100385666 62
1663191586176 0.031626779586076736 63
1663191586722 0.03162732347846031 64
1663191587271 0.03162715211510658 65
1663191587808 0.031626541167497635 66
1663191588350 0.03162480145692825 67
1663191588886 0.03162479028105736 68
