1663191551639 0.0010662878630682826 0
1663191552375 0.00104103225748986 1
1663191552893 0.0010941863292828202 2
1663191553416 0.0011122144060209394 3
1663191553934 0.0011213606921955943 4
1663191554453 0.0011054171482101083 5
1663191554984 0.001106142532080412 6
1663191555536 0.001097841770388186 7
1663191556110 0.001087523065507412 8
1663191556657 0.0010255277156829834 9
1663191557212 0.0010112461168318987 10
1663191557761 0.0010102465748786926 11
1663191558306 0.001001729047857225 12
1663191558854 0.0010001419577747583 13
1663191559398 0.0009995708242058754 14
1663191559938 0.000999214593321085 15
1663191560484 0.0009990951512008905 16
1663191561031 0.0009990964317694306 17
1663191561586 0.0009990656981244683 18
1663191562128 0.0009990655817091465 19
1663191562676 0.0009990402031689882 20
1663191563217 0.000999048468656838 21
1663191563764 0.0009990567341446877 22
1663191564312 0.0009991548722609878 23
1663191564862 0.0009991866536438465 24
1663191565415 0.0009994833962991834 25
1663191565960 0.0010020865593105555 26
1663191566503 0.0010038292966783047 27
1663191567051 0.001007355866022408 28
1663191567584 0.0010122162057086825 29
1663191568133 0.0010251931380480528 30
1663191568672 0.0010428312234580517 31
1663191569226 0.001060657319612801 32
1663191569772 0.0010728896595537663 33
1663191570315 0.0010906659299507737 34
1663191570868 0.0010808984516188502 35
1663191571418 0.0010849981335923076 36
1663191571959 0.001074196770787239 37
1663191572504 0.0010868634562939405 38
1663191573043 0.0011030095629394054 39
1663191573580 0.0010966557310894132 40
1663191574131 0.0010527805425226688 41
1663191574678 0.0010352481622248888 42
1663191575225 0.0010478845797479153 43
1663191575778 0.0010633629281073809 44
1663191576332 0.001053028041496873 45
1663191576865 0.0010006371885538101 46
1663191577411 0.0010015734005719423 47
1663191577961 0.0010059154592454433 48
1663191578506 0.0010071102296933532 49
1663191579058 0.0010161371901631355 50
1663191579605 0.0010200132383033633 51
1663191580141 0.0010316484840586782 52
1663191580687 0.001038896618410945 53
1663191581239 0.0010349045041948557 54
1663191581793 0.001025740522891283 55
1663191582337 0.0010222268756479025 56
1663191582885 0.0010154310148209333 57
1663191583436 0.0010090074501931667 58
1663191583975 0.0010117273777723312 59
1663191584521 0.0010125499684363604 60
1663191585069 0.001007517916150391 61
1663191585621 0.0010079615749418736 62
1663191586175 0.0010128265712410212 63
1663191586721 0.001009663799777627 64
1663191587269 0.0010093627497553825 65
1663191587807 0.0010067443363368511 66
1663191588349 0.00101097347214818 67
1663191588885 0.0010091218864545226 68
