1663195170169 0.0011789145646616817 0
1663195170460 0.0012323048431426287 1
1663195170841 0.0013729550410062075 2
1663195171113 0.0015153841814026237 3
1663195171358 0.001476903329603374 4
1663195171601 0.0014008559519425035 5
1663195171855 0.0013511072611436248 6
1663195172097 0.001286988379433751 7
1663195172338 0.0011721642222255468 8
1663195172577 0.0011107325553894043 9
1663195172818 0.0010295502142980695 10
1663195173060 0.001008414663374424 11
1663195173302 0.0009882065933197737 12
1663195173555 0.000981523422524333 13
1663195173811 0.0009890520013868809 14
1663195174059 0.0010020524496212602 15
1663195174303 0.0010133077157661319 16
1663195174551 0.001014757202938199 17
1663195174795 0.001005680300295353 18
1663195175041 0.0009929189691320062 19
1663195175296 0.0009854597738012671 20
1663195175542 0.0009889992652460933 21
1663195175790 0.0010004064533859491 22
1663195176036 0.0010096124606207013 23
1663195176283 0.0010099352803081274 24
1663195176531 0.0010020679328590631 25
1663195176779 0.0009946379577741027 26
1663195177027 0.00099616136867553 27
1663195177273 0.0010057770414277911 28
1663195177522 0.0010184297570958734 29
1663195177771 0.0010393860284239054 30
1663195178069 0.00105587812140584 31
1663195178318 0.0010578616056591272 32
1663195178561 0.0010695320088416338 33
1663195178803 0.0010699779959395528 34
1663195179062 0.0010772801470011473 35
1663195179309 0.0010978527134284377 36
1663195179556 0.001083865761756897 37
1663195179803 0.0010686415480449796 38
1663195180044 0.0010820713359862566 39
1663195180283 0.0011250999523326755 40
1663195180524 0.0011202298337593675 41
1663195180764 0.001084024435840547 42
1663195181004 0.0010688540060073137 43
1663195181244 0.0010698685655370355 44
1663195181483 0.0010751675581559539 45
1663195181722 0.001016007037833333 46
1663195181963 0.0010101988445967436 47
1663195182203 0.0010017150780186057 48
1663195182444 0.0010000880574807525 49
1663195182710 0.0010094057070091367 50
1663195182957 0.0010245387675240636 51
1663195183197 0.0010350828524678946 52
1663195183456 0.0010366275673732162 53
1663195183696 0.0010203872807323933 54
1663195183936 0.0010129569564014673 55
1663195184176 0.0010191118344664574 56
1663195184416 0.00103143067099154 57
1663195184657 0.001019811606965959 58
1663195184897 0.0010138106299564242 59
1663195185137 0.0010025531519204378 60
1663195185374 0.001013361499644816 61
1663195185613 0.001020762836560607 62
1663195185854 0.0010179202072322369 63
1663195186095 0.001005966798402369 64
1663195186332 0.001011066371574998 65
1663195186572 0.001016673049889505 66
1663195186813 0.0010192772606387734 67
1663195187053 0.0010141608072444797 68
