1663195170171 0.0 0
1663195170462 -0.22436314821243286 1
1663195170843 -0.44220414757728577 2
1663195171115 -0.3765839636325836 3
1663195171359 -0.03167835250496864 4
1663195171603 -0.005294249393045902 5
1663195171857 -0.2582024037837982 6
1663195172098 -0.4202307164669037 7
1663195172339 -0.3245796263217926 8
1663195172579 -0.17164959013462067 9
1663195172819 -0.09691913425922394 10
1663195173062 -0.12145889550447464 11
1663195173303 -0.20457351207733154 12
1663195173557 -0.3094368875026703 13
1663195173813 -0.3731462061405182 14
1663195174061 -0.3405919075012207 15
1663195174305 -0.24031607806682587 16
1663195174552 -0.14841407537460327 17
1663195174796 -0.12440357357263565 18
1663195175048 -0.18721804022789001 19
1663195175298 -0.28856727480888367 20
1663195175543 -0.3445636034011841 21
1663195175791 -0.304942786693573 22
1663195176038 -0.21755461394786835 23
1663195176285 -0.1537037342786789 24
1663195176532 -0.16723033785820007 25
1663195176781 -0.2451966404914856 26
1663195177028 -0.3045080006122589 27
1663195177275 -0.3027527928352356 28
1663195177523 -0.2537074387073517 29
1663195177776 -0.20088393986225128 30
1663195178070 -0.17512322962284088 31
1663195178319 -0.20181818306446075 32
1663195178563 -0.2585371136665344 33
1663195178805 -0.29548361897468567 34
1663195179064 -0.24777010083198547 35
1663195179310 -0.16078804433345795 36
1663195179557 -0.206618532538414 37
1663195179805 -0.2795829474925995 38
1663195180046 -0.27703580260276794 39
1663195180284 -0.20967932045459747 40
1663195180525 -0.17106831073760986 41
1663195180765 -0.23664413392543793 42
1663195181005 -0.28871893882751465 43
1663195181245 -0.24052025377750397 44
1663195181485 -0.18958833813667297 45
1663195181723 -0.20965565741062164 46
1663195181964 -0.2415189892053604 47
1663195182204 -0.2641717493534088 48
1663195182446 -0.2673484981060028 49
1663195182711 -0.2473447322845459 50
1663195182958 -0.21422788500785828 51
1663195183198 -0.20580525696277618 52
1663195183457 -0.23631320893764496 53
1663195183697 -0.26427870988845825 54
1663195183938 -0.2526310384273529 55
1663195184177 -0.2211627960205078 56
1663195184418 -0.21476532518863678 57
1663195184658 -0.23824360966682434 58
1663195184898 -0.2585617005825043 59
1663195185138 -0.24892817437648773 60
1663195185376 -0.2189532071352005 61
1663195185615 -0.2239312082529068 62
1663195185855 -0.25102922320365906 63
1663195186096 -0.2513367235660553 64
1663195186334 -0.23143047094345093 65
1663195186573 -0.22438685595989227 66
1663195186814 -0.23401157557964325 67
1663195187055 -0.2450067102909088 68
