1663195170184 0.032915253192186356 0
1663195170475 0.03587750717997551 1
1663195170856 0.04426901414990425 2
1663195171127 0.05256842449307442 3
1663195171371 0.04830494150519371 4
1663195171614 0.043623484671115875 5
1663195171869 0.04142432287335396 6
1663195172110 0.037068504840135574 7
1663195172351 0.02888207510113716 8
1663195172590 0.02492465451359749 9
1663195172831 0.016495531424880028 10
1663195173074 0.017193561419844627 11
1663195173315 0.019427651539444923 12
1663195173569 0.022947967052459717 13
1663195173825 0.02153712511062622 14
1663195174073 0.022657036781311035 15
1663195174317 0.02260093204677105 16
1663195174565 0.024311406537890434 17
1663195174809 0.02488846145570278 18
1663195175061 0.026473915204405785 19
1663195175310 0.028278058394789696 20
1663195175556 0.028905613347887993 21
1663195175804 0.027092283591628075 22
1663195176050 0.027828628197312355 23
1663195176297 0.029467403888702393 24
1663195176545 0.030588436871767044 25
1663195176793 0.02813827432692051 26
1663195177040 0.024471212178468704 27
1663195177287 0.024479258805513382 28
1663195177536 0.022968262434005737 29
1663195177806 0.025067675858736038 30
1663195178082 0.031207341700792313 31
1663195178332 0.032528042793273926 32
1663195178575 0.04546838998794556 33
1663195178817 0.041945260018110275 34
1663195179076 0.05899855121970177 35
1663195179323 0.05759922415018082 36
1663195179570 0.04899170622229576 37
1663195179817 0.05373156815767288 38
1663195180057 0.04868388921022415 39
1663195180296 0.05933227762579918 40
1663195180537 0.05553267151117325 41
1663195180777 0.055873364210128784 42
1663195181017 0.0585007444024086 43
1663195181257 0.05321403965353966 44
1663195181497 0.04534980654716492 45
1663195181735 0.02591974101960659 46
1663195181977 0.022778166458010674 47
1663195182216 0.025787895545363426 48
1663195182457 0.026583535596728325 49
1663195182723 0.03442459926009178 50
1663195182970 0.044065315276384354 51
1663195183210 0.04169663414359093 52
1663195183469 0.04352211579680443 53
1663195183709 0.048510026186704636 54
1663195183950 0.04712725803256035 55
1663195184189 0.05232396349310875 56
1663195184429 0.0440697968006134 57
1663195184670 0.045790959149599075 58
1663195184910 0.04147017002105713 59
1663195185150 0.057018399238586426 60
1663195185388 0.05872434377670288 61
1663195185626 0.05792517587542534 62
1663195185867 0.05301067978143692 63
1663195186108 0.050840843468904495 64
1663195186345 0.043082863092422485 65
1663195186585 0.04005412384867668 66
1663195186826 0.03560367226600647 67
1663195187066 0.02821364440023899 68
