1663195170186 0.0 0
1663195170477 -0.22436314821243286 1
1663195170858 -0.44220414757728577 2
1663195171129 -0.3765839636325836 3
1663195171373 -0.03167835250496864 4
1663195171617 -0.005294249393045902 5
1663195171871 -0.2582024037837982 6
1663195172112 -0.4202307164669037 7
1663195172353 -0.3245796263217926 8
1663195172593 -0.17164959013462067 9
1663195172833 -0.09498588740825653 10
1663195173076 -0.1135873943567276 11
1663195173317 -0.18736477196216583 12
1663195173572 -0.2875269949436188 13
1663195173827 -0.35706794261932373 14
1663195174076 -0.3361155092716217 15
1663195174320 -0.24031607806682587 16
1663195174567 -0.14841407537460327 17
1663195174811 -0.123507559299469 18
1663195175063 -0.17785228788852692 19
1663195175312 -0.2707213759422302 20
1663195175558 -0.3290645182132721 21
1663195175806 -0.3002244830131531 22
1663195176052 -0.21755461394786835 23
1663195176299 -0.1537037342786789 24
1663195176547 -0.15675905346870422 25
1663195176796 -0.2224547266960144 26
1663195177042 -0.28270331025123596 27
1663195177289 -0.2913845479488373 28
1663195177538 -0.24874381721019745 29
1663195177809 -0.20088393986225128 30
1663195178085 -0.17512322962284088 31
1663195178334 -0.1902136355638504 32
1663195178577 -0.2354249805212021 33
1663195178820 -0.2587879002094269 34
1663195179078 -0.2203456461429596 35
1663195179325 -0.13089832663536072 36
1663195179572 -0.17162594199180603 37
1663195179819 -0.25469115376472473 38
1663195180060 -0.2567797303199768 39
1663195180298 -0.19086132943630219 40
1663195180539 -0.14536435902118683 41
1663195180779 -0.21125400066375732 42
1663195181019 -0.2605164349079132 43
1663195181259 -0.20221920311450958 44
1663195181499 -0.16343267261981964 45
1663195181737 -0.20180456340312958 46
1663195181979 -0.23881343007087708 47
1663195182218 -0.249008908867836 48
1663195182459 -0.24658749997615814 49
1663195182725 -0.23308582603931427 50
1663195182972 -0.18833017349243164 51
1663195183212 -0.1667095273733139 52
1663195183471 -0.2137032300233841 53
1663195183711 -0.24255891144275665 54
1663195183952 -0.23734432458877563 55
1663195184191 -0.18006905913352966 56
1663195184432 -0.15722887217998505 57
1663195184672 -0.20687329769134521 58
1663195184912 -0.2405661940574646 59
1663195185152 -0.23671109974384308 60
1663195185390 -0.14729516208171844 61
1663195185629 -0.13111470639705658 62
1663195185869 -0.21117624640464783 63
1663195186110 -0.23871929943561554 64
1663195186347 -0.21206174790859222 65
1663195186587 -0.17706023156642914 66
1663195186828 -0.1847907453775406 67
1663195187069 -0.21955296397209167 68
