1663195170185 0.0 0
1663195170476 7.449895858764648 1
1663195170857 14.860092163085938 2
1663195171128 13.373688697814941 3
1663195171372 2.592893123626709 4
1663195171616 0.853009819984436 5
1663195171870 8.196422576904297 6
1663195172111 13.662454605102539 7
1663195172352 11.261191368103027 8
1663195172591 6.357028007507324 9
1663195172832 3.4359607696533203 10
1663195173075 3.729255437850952 11
1663195173316 5.972372531890869 12
1663195173571 9.169766426086426 13
1663195173826 11.449943542480469 14
1663195174074 10.852578163146973 15
1663195174318 8.03846549987793 16
1663195174566 5.177119255065918 17
1663195174810 4.1336188316345215 18
1663195175062 5.718933582305908 19
1663195175311 8.686511993408203 20
1663195175557 10.570512771606445 21
1663195175805 9.679678916931152 22
1663195176051 7.192824363708496 23
1663195176298 5.18742036819458 24
1663195176546 5.359990119934082 25
1663195176794 7.525847911834717 26
1663195177041 9.334726333618164 27
1663195177288 9.436280250549316 28
1663195177537 8.138434410095215 29
1663195177807 6.6332221031188965 30
1663195178084 5.840010643005371 31
1663195178333 6.5470757484436035 32
1663195178576 8.183724403381348 33
1663195178819 9.370915412902832 34
1663195179077 8.058442115783691 35
1663195179324 5.4878435134887695 36
1663195179571 6.783479690551758 37
1663195179818 8.894086837768555 38
1663195180059 8.80226993560791 39
1663195180297 6.890599727630615 40
1663195180538 5.958105087280273 41
1663195180778 7.815791130065918 42
1663195181018 9.043597221374512 43
1663195181258 7.570039749145508 44
1663195181498 6.3231892585754395 45
1663195181736 7.028599262237549 46
1663195181978 7.792644500732422 47
1663195182217 8.227421760559082 48
1663195182458 8.142090797424316 49
1663195182724 7.586320877075195 50
1663195182971 6.895507335662842 51
1663195183211 6.957839488983154 52
1663195183470 7.744818210601807 53
1663195183710 8.222804069519043 54
1663195183951 7.7153191566467285 55
1663195184190 7.030322551727295 56
1663195184431 7.153448581695557 57
1663195184671 7.7639479637146 58
1663195184911 8.033795356750488 59
1663195185151 7.645145893096924 60
1663195185389 6.992767333984375 61
1663195185628 7.36116361618042 62
1663195185868 8.007650375366211 63
1663195186109 7.804398536682129 64
1663195186346 7.232842922210693 65
1663195186586 7.200019359588623 66
1663195186827 7.586687088012695 67
1663195187067 7.851070404052734 68
