1663195170183 0.670847475528717 0
1663195170474 0.6412249207496643 1
1663195170855 0.5573098659515381 2
1663195171126 0.4743157923221588 3
1663195171370 0.5169506072998047 4
1663195171613 0.5637651681900024 5
1663195171868 0.585756778717041 6
1663195172109 0.6293149590492249 7
1663195172350 0.711179256439209 8
1663195172589 0.7507534623146057 9
1663195172830 0.8350446820259094 10
1663195173073 0.8280643820762634 11
1663195173314 0.8057234883308411 12
1663195173568 0.7705203294754028 13
1663195173824 0.7846287488937378 14
1663195174072 0.7734296321868896 15
1663195174316 0.7739906907081604 16
1663195174564 0.7568859457969666 17
1663195174807 0.7511153817176819 18
1663195175060 0.7352608442306519 19
1663195175309 0.7172194123268127 20
1663195175555 0.710943877696991 21
1663195175803 0.729077160358429 22
1663195176049 0.7217137217521667 23
1663195176296 0.7053259611129761 24
1663195176543 0.6941156387329102 25
1663195176792 0.7186172604560852 26
1663195177039 0.7552878856658936 27
1663195177286 0.7552074193954468 28
1663195177534 0.7703173756599426 29
1663195177805 0.7493232488632202 30
1663195178081 0.6879265904426575 31
1663195178330 0.6747195720672607 32
1663195178574 0.5453161001205444 33
1663195178816 0.5805473923683167 34
1663195179075 0.4100145399570465 35
1663195179322 0.4240078032016754 36
1663195179569 0.5100829601287842 37
1663195179816 0.4626843333244324 38
1663195180056 0.5131611227989197 39
1663195180295 0.4066772162914276 40
1663195180536 0.4446732699871063 41
1663195180776 0.44126635789871216 42
1663195181016 0.4149925410747528 43
1663195181256 0.4678595960140228 44
1663195181495 0.5465019345283508 45
1663195181734 0.7408025860786438 46
1663195181975 0.7722183465957642 47
1663195182215 0.7421210408210754 48
1663195182456 0.7341646552085876 49
1663195182722 0.655754029750824 50
1663195182969 0.5593468546867371 51
1663195183209 0.5830336809158325 52
1663195183468 0.5647788643836975 53
1663195183708 0.514899730682373 54
1663195183948 0.5287274122238159 55
1663195184188 0.4767603576183319 56
1663195184428 0.559302031993866 57
1663195184669 0.5420904159545898 58
1663195184909 0.5852982997894287 59
1663195185149 0.42981600761413574 60
1663195185386 0.4127565622329712 61
1663195185625 0.420748233795166 62
1663195185866 0.469893217086792 63
1663195186107 0.49159154295921326 64
1663195186344 0.5691713690757751 65
1663195186584 0.5994587540626526 66
1663195186825 0.6439632773399353 67
1663195187065 0.7178635597229004 68
