1663195170172 0.1656240075826645 0
1663195170463 0.19870279729366302 1
1663195170844 0.29032936692237854 2
1663195171116 0.37046685814857483 3
1663195171360 0.3407520055770874 4
1663195171604 0.31648707389831543 5
1663195171858 0.30099397897720337 6
1663195172099 0.24154208600521088 7
1663195172340 0.12835410237312317 8
1663195172580 0.07666696608066559 9
1663195172820 0.018393827602267265 10
1663195173063 0.012913553975522518 11
1663195173305 0.004851864650845528 12
1663195173558 0.0018207645043730736 13
1663195173814 0.0010646864539012313 14
1663195174062 0.0004593222984112799 15
1663195174306 0.00034393343958072364 16
1663195174554 0.00035636703250929713 17
1663195174797 0.0003584290388971567 18
1663195175050 0.00027031218633055687 19
1663195175299 0.00023732220870442688 20
1663195175544 0.00024200328334700316 21
1663195175793 0.0002591892844066024 22
1663195176039 0.0006755006616003811 23
1663195176286 0.0005622929311357439 24
1663195176533 0.0008127451874315739 25
1663195176782 0.0028453075792640448 26
1663195177029 0.0064811743795871735 27
1663195177276 0.011120365932583809 28
1663195177524 0.01561713870614767 29
1663195177795 0.030763383954763412 30
1663195178071 0.04583995044231415 31
1663195178320 0.052057214081287384 32
1663195178564 0.06804291158914566 33
1663195178806 0.0678539052605629 34
1663195179065 0.06854705512523651 35
1663195179312 0.0817699059844017 36
1663195179559 0.07374924421310425 37
1663195179806 0.06582856178283691 38
1663195180047 0.07864516228437424 39
1663195180285 0.1107756495475769 40
1663195180526 0.09730706363916397 41
1663195180766 0.07128816843032837 42
1663195181006 0.07046123594045639 43
1663195181247 0.06977482885122299 44
1663195181486 0.06318549811840057 45
1663195181724 0.0042839618399739265 46
1663195181966 0.00624837726354599 47
1663195182205 0.006720646284520626 48
1663195182447 0.010971609503030777 49
1663195182712 0.01782345212996006 50
1663195182959 0.021469425410032272 51
1663195183199 0.021317947655916214 52
1663195183458 0.028431197628378868 53
1663195183698 0.025501858443021774 54
1663195183939 0.022598538547754288 55
1663195184178 0.018904242664575577 56
1663195184419 0.02060714364051819 57
1663195184659 0.0134412357583642 58
1663195184899 0.019287338480353355 59
1663195185139 0.010896428488194942 60
1663195185377 0.012360158376395702 61
1663195185616 0.01300202775746584 62
1663195185857 0.01674141176044941 63
1663195186097 0.011612706817686558 64
1663195186335 0.01479802094399929 65
1663195186575 0.014334678649902344 66
1663195186815 0.014269186183810234 67
1663195187056 0.011824977584183216 68
