1663195170181 6.434728622436523 0
1663195170472 6.790286540985107 1
1663195170853 7.404696464538574 2
1663195171124 8.039472579956055 3
1663195171369 7.742291450500488 4
1663195171612 7.429474830627441 5
1663195171867 7.27301549911499 6
1663195172108 6.895158290863037 7
1663195172349 6.1717095375061035 8
1663195172588 6.01629114151001 9
1663195172829 5.079817295074463 10
1663195173071 5.146289825439453 11
1663195173313 4.938032150268555 12
1663195173567 5.807282447814941 13
1663195173823 5.6272292137146 14
1663195174071 5.262014389038086 15
1663195174315 5.193941116333008 16
1663195174563 5.5683770179748535 17
1663195174806 5.634649753570557 18
1663195175059 5.915952682495117 19
1663195175308 6.241550922393799 20
1663195175553 6.324335098266602 21
1663195175802 6.056965351104736 22
1663195176048 6.765791893005371 23
1663195176295 7.004883766174316 24
1663195176542 7.25150728225708 25
1663195176791 6.965274810791016 26
1663195177038 6.220069885253906 27
1663195177285 6.264615535736084 28
1663195177533 5.837314605712891 29
1663195177804 6.007441997528076 30
1663195178080 6.84194278717041 31
1663195178329 6.916955947875977 32
1663195178573 8.021087646484375 33
1663195178815 7.643769264221191 34
1663195179074 9.040290832519531 35
1663195179321 8.817922592163086 36
1663195179568 8.080033302307129 37
1663195179815 8.407832145690918 38
1663195180055 7.930415153503418 39
1663195180294 8.890474319458008 40
1663195180535 8.595698356628418 41
1663195180775 8.69157600402832 42
1663195181015 8.950460433959961 43
1663195181255 8.595917701721191 44
1663195181494 7.86652946472168 45
1663195181733 6.619484901428223 46
1663195181974 6.016019344329834 47
1663195182214 6.167637825012207 48
1663195182455 6.139133930206299 49
1663195182721 7.229580879211426 50
1663195182968 8.20546817779541 51
1663195183208 7.88129186630249 52
1663195183467 7.911653518676758 53
1663195183707 8.320476531982422 54
1663195183947 8.097322463989258 55
1663195184187 8.611324310302734 56
1663195184427 7.836952209472656 57
1663195184668 8.037506103515625 58
1663195184908 7.627714157104492 59
1663195185148 8.572877883911133 60
1663195185385 8.68332290649414 61
1663195185624 8.587797164916992 62
1663195185865 8.35891342163086 63
1663195186106 8.300405502319336 64
1663195186343 7.896224021911621 65
1663195186583 7.676908016204834 66
1663195186824 7.3909711837768555 67
1663195187064 6.818305969238281 68
