1663195170179 0.0011789145646616817 0
1663195170470 0.0012323048431426287 1
1663195170851 0.0013729550410062075 2
1663195171122 0.0015153841814026237 3
1663195171367 0.001476903329603374 4
1663195171610 0.0014008559519425035 5
1663195171864 0.0013511072611436248 6
1663195172106 0.001286988379433751 7
1663195172346 0.0011721642222255468 8
1663195172586 0.0011570050846785307 9
1663195172827 0.0010751005029305816 10
1663195173069 0.001063982374034822 11
1663195173311 0.0010319910943508148 12
1663195173565 0.001063905656337738 13
1663195173821 0.0010592038743197918 14
1663195174069 0.001036306843161583 15
1663195174313 0.0010364290792495012 16
1663195174560 0.0010429488029330969 17
1663195174804 0.001043936237692833 18
1663195175056 0.0010476046008989215 19
1663195175306 0.0010558185167610645 20
1663195175551 0.001059353002347052 21
1663195175799 0.0010553993051871657 22
1663195176046 0.0011043635895475745 23
1663195176293 0.0011146647157147527 24
1663195176540 0.0011270890245214105 25
1663195176789 0.0011253280099481344 26
1663195177036 0.0010899886256083846 27
1663195177283 0.001088384771719575 28
1663195177531 0.0010669475886970758 29
1663195177802 0.0010842577321454883 30
1663195178078 0.0011756294406950474 31
1663195178327 0.0012040516594424844 32
1663195178570 0.0014158077538013458 33
1663195178813 0.0013738280395045877 34
1663195179072 0.0016694150399416685 35
1663195179318 0.0016532758018001914 36
1663195179565 0.0014990476192906499 37
1663195179812 0.0015108726220205426 38
1663195180053 0.001417416031472385 39
1663195180292 0.001516867894679308 40
1663195180532 0.0014888141304254532 41
1663195180773 0.0015233681770041585 42
1663195181012 0.0015878264093771577 43
1663195181253 0.0014749526744708419 44
1663195181492 0.0013837310252711177 45
1663195181731 0.001111321966163814 46
1663195181972 0.0010842010378837585 47
1663195182212 0.0010812850669026375 48
1663195182453 0.001081066089682281 49
1663195182719 0.0011328033870086074 50
1663195182966 0.0013003405183553696 51
1663195183205 0.001286655431613326 52
1663195183465 0.001311920932494104 53
1663195183705 0.0013770906953141093 54
1663195183945 0.0014060268877074122 55
1663195184185 0.0015642594080418348 56
1663195184425 0.001477906946092844 57
1663195184666 0.001477039186283946 58
1663195184906 0.0013660596450790763 59
1663195185146 0.0017153872177004814 60
1663195185383 0.0018803259590640664 61
1663195185622 0.001935776905156672 62
1663195185863 0.0016954421298578382 63
1663195186104 0.0015718694776296616 64
1663195186341 0.0014535863883793354 65
1663195186581 0.001477606245316565 66
1663195186822 0.0014084639260545373 67
1663195187062 0.0012348223244771361 68
