1663195170178 0.2400047332048416 0
1663195170469 7.423251628875732 1
1663195170850 14.833069801330566 2
1663195171121 13.350123405456543 3
1663195171366 2.5964272022247314 4
1663195171609 0.8995413780212402 5
1663195171863 8.171592712402344 6
1663195172104 13.634294509887695 7
1663195172345 11.232077598571777 8
1663195172585 6.328465938568115 9
1663195172826 3.4058847427368164 10
1663195173068 3.698826789855957 11
1663195173310 5.941396236419678 12
1663195173564 9.13874626159668 13
1663195173820 11.418770790100098 14
1663195174068 10.821444511413574 15
1663195174311 8.007535934448242 16
1663195174559 5.146703720092773 17
1663195174803 4.103567600250244 18
1663195175055 5.688478946685791 19
1663195175304 8.655787467956543 20
1663195175550 10.539700508117676 21
1663195175798 9.648868560791016 22
1663195176044 7.162635326385498 23
1663195176292 5.158072471618652 24
1663195176539 5.330821514129639 25
1663195176787 7.49581241607666 26
1663195177035 9.303988456726074 27
1663195177282 9.40553092956543 28
1663195177530 8.107675552368164 29
1663195177801 6.603013515472412 30
1663195178077 5.811788082122803 31
1663195178326 6.519103527069092 32
1663195178569 8.1603364944458 33
1663195178811 9.345427513122559 34
1663195179070 8.044069290161133 35
1663195179317 5.480885982513428 36
1663195179564 6.765290260314941 37
1663195179811 8.873498916625977 38
1663195180052 8.779151916503906 39
1663195180291 6.874565124511719 40
1663195180531 5.942857265472412 41
1663195180772 7.797306537628174 42
1663195181011 9.025083541870117 43
1663195181252 7.550230503082275 44
1663195181491 6.302002906799316 45
1663195181730 6.9983601570129395 46
1663195181971 7.761894226074219 47
1663195182211 8.196745872497559 48
1663195182452 8.111527442932129 49
1663195182718 7.556888580322266 50
1663195182965 6.8708038330078125 51
1663195183204 6.932644367218018 52
1663195183464 7.719734191894531 53
1663195183704 8.198712348937988 54
1663195183944 7.69223690032959 55
1663195184184 7.013832092285156 56
1663195184424 7.133265018463135 57
1663195184665 7.742881774902344 58
1663195184905 8.008934020996094 59
1663195185145 7.632997512817383 60
1663195185382 6.989753723144531 61
1663195185621 7.358920574188232 62
1663195185862 7.993802547454834 63
1663195186103 7.7863569259643555 64
1663195186340 7.211472988128662 65
1663195186580 7.179333209991455 66
1663195186821 7.563078880310059 67
1663195187061 7.822704792022705 68
