1663195170180 0.1656240075826645 0
1663195170471 -0.025660350918769836 1
1663195170852 -0.15187478065490723 2
1663195171123 -0.006117105484008789 3
1663195171368 0.30907365679740906 4
1663195171611 0.3111928105354309 5
1663195171866 0.04279157519340515 6
1663195172107 -0.1786886304616928 7
1663195172347 -0.19622552394866943 8
1663195172587 -0.05416750907897949 9
1663195172828 -0.035233188420534134 10
1663195173070 -0.054905958473682404 11
1663195173312 -0.1563681662082672 12
1663195173566 -0.2270199954509735 13
1663195173822 -0.3035556375980377 14
1663195174070 -0.30651968717575073 15
1663195174314 -0.21741092205047607 16
1663195174561 -0.12065501511096954 17
1663195174805 -0.08671098947525024 18
1663195175057 -0.13333523273468018 19
1663195175307 -0.219366654753685 20
1663195175552 -0.27560150623321533 21
1663195175800 -0.2511707544326782 22
1663195176047 -0.1271764636039734 23
1663195176294 -0.05447406321763992 24
1663195176541 -0.04884520173072815 25
1663195176790 -0.1189003512263298 26
1663195177037 -0.20801350474357605 27
1663195177284 -0.21269811689853668 28
1663195177532 -0.19155043363571167 29
1663195177803 -0.1278550624847412 30
1663195178079 -0.021852359175682068 31
1663195178328 -0.020318180322647095 32
1663195178572 0.08998478949069977 33
1663195178814 0.022333204746246338 34
1663195179073 0.25881078839302063 35
1663195179320 0.3303842842578888 36
1663195179566 0.19142663478851318 37
1663195179814 0.13254475593566895 38
1663195180054 0.07156774401664734 39
1663195180293 0.19987206161022186 40
1663195180534 0.21068482100963593 41
1663195180774 0.17488735914230347 42
1663195181014 0.17752131819725037 43
1663195181254 0.15034465491771698 44
1663195181493 0.12590406835079193 45
1663195181732 -0.11570169776678085 46
1663195181973 -0.16457444429397583 47
1663195182213 -0.18101458251476288 48
1663195182454 -0.17851731181144714 49
1663195182720 -0.1141875833272934 50
1663195182967 0.045625239610672 51
1663195183207 0.033077359199523926 52
1663195183466 0.02763766050338745 53
1663195183706 0.061014026403427124 54
1663195183946 0.09786166250705719 55
1663195184186 0.22622248530387878 56
1663195184426 0.1655217558145523 57
1663195184667 0.1456192433834076 58
1663195184907 0.05893993377685547 59
1663195185147 0.2990571856498718 60
1663195185384 0.41157907247543335 61
1663195185623 0.42902934551239014 62
1663195185864 0.2758942246437073 63
1663195186105 0.20659253001213074 64
1663195186342 0.14639584720134735 65
1663195186582 0.16383560001850128 66
1663195186823 0.10366345942020416 67
1663195187063 -0.03631606698036194 68
