1663195170176 0.1656240075826645 0
1663195170466 -0.025660350918769836 1
1663195170848 -0.15187478065490723 2
1663195171119 -0.006117105484008789 3
1663195171364 0.30907365679740906 4
1663195171607 0.3111928105354309 5
1663195171861 0.04279157519340515 6
1663195172102 -0.1786886304616928 7
1663195172343 -0.19622552394866943 8
1663195172583 -0.09498262405395508 9
1663195172824 -0.07852530479431152 10
1663195173066 -0.10854534059762955 11
1663195173308 -0.19972164928913116 12
1663195173561 -0.30761611461639404 13
1663195173817 -0.3720815181732178 14
1663195174065 -0.34013259410858154 15
1663195174309 -0.23997214436531067 16
1663195174557 -0.1480577141046524 17
1663195174801 -0.12404514104127884 18
1663195175053 -0.18694773316383362 19
1663195175302 -0.28832995891571045 20
1663195175548 -0.344321608543396 21
1663195175796 -0.3046835958957672 22
1663195176042 -0.21687911450862885 23
1663195176289 -0.15314143896102905 24
1663195176537 -0.16641759872436523 25
1663195176785 -0.24235133826732635 26
1663195177032 -0.29802682995796204 27
1663195177279 -0.29163241386413574 28
1663195177528 -0.23809030652046204 29
1663195177798 -0.17012055218219757 30
1663195178075 -0.12928327918052673 31
1663195178324 -0.14976096153259277 32
1663195178567 -0.19049420952796936 33
1663195178809 -0.22762972116470337 34
1663195179068 -0.17922304570674896 35
1663195179315 -0.07901813834905624 36
1663195179562 -0.13286928832530975 37
1663195179809 -0.21375438570976257 38
1663195180050 -0.1983906328678131 39
1663195180289 -0.09890367090702057 40
1663195180529 -0.07376124709844589 41
1663195180770 -0.16535596549510956 42
1663195181009 -0.21825769543647766 43
1663195181250 -0.17074543237686157 44
1663195181489 -0.1264028400182724 45
1663195181728 -0.20537169277668 46
1663195181969 -0.23527061939239502 47
1663195182208 -0.2574511170387268 48
1663195182450 -0.25637689232826233 49
1663195182715 -0.2295212745666504 50
1663195182962 -0.1927584558725357 51
1663195183202 -0.18448731303215027 52
1663195183461 -0.20788201689720154 53
1663195183701 -0.23877684772014618 54
1663195183942 -0.23003250360488892 55
1663195184182 -0.20225855708122253 56
1663195184422 -0.1941581815481186 57
1663195184662 -0.22480237483978271 58
1663195184902 -0.23927436769008636 59
1663195185142 -0.23803174495697021 60
1663195185380 -0.20659305155277252 61
1663195185619 -0.21092918515205383 62
1663195185860 -0.2342878133058548 63
1663195186100 -0.23972401022911072 64
1663195186338 -0.21663245558738708 65
1663195186578 -0.21005217730998993 66
1663195186819 -0.21974238753318787 67
1663195187059 -0.23318172991275787 68
