1663195170177 0.03162381052970886 0
1663195170468 0.03162417933344841 1
1663195170849 0.031625647097826004 2
1663195171120 0.031627822667360306 3
1663195171365 0.031626950949430466 4
1663195171608 0.03162568807601929 5
1663195171862 0.03162508085370064 6
1663195172103 0.03162464499473572 7
1663195172344 0.031623829156160355 8
1663195172584 0.031623486429452896 9
1663195172825 0.031622957438230515 10
1663195173067 0.03162292391061783 11
1663195173309 0.031622905284166336 12
1663195173562 0.03162296488881111 13
1663195173818 0.03162294626235962 14
1663195174066 0.03162294998764992 15
1663195174310 0.03162296488881111 16
1663195174558 0.031622983515262604 17
1663195174802 0.0316229909658432 18
1663195175054 0.0316229946911335 19
1663195175303 0.031623031944036484 20
1663195175549 0.03162306174635887 21
1663195175797 0.031623031944036484 22
1663195176043 0.03162312135100365 23
1663195176290 0.031623177230358124 24
1663195176538 0.0316232293844223 25
1663195176786 0.03162319213151932 26
1663195177034 0.03162305802106857 27
1663195177280 0.03162306174635887 28
1663195177529 0.03162300959229469 29
1663195177799 0.03162309154868126 30
1663195178076 0.031623490154743195 31
1663195178325 0.03162365406751633 32
1663195178568 0.031625743955373764 33
1663195178810 0.03162523731589317 34
1663195179069 0.031630124896764755 35
1663195179316 0.03162984549999237 36
1663195179563 0.03162704035639763 37
1663195179810 0.031627357006073 38
1663195180051 0.03162601590156555 39
1663195180290 0.031627729535102844 40
1663195180530 0.031627219170331955 41
1663195180771 0.0316275954246521 42
1663195181010 0.03162863478064537 43
1663195181251 0.03162683546543121 44
1663195181490 0.031625572592020035 45
1663195181729 0.03162312135100365 46
1663195181970 0.031623002141714096 47
1663195182210 0.03162303939461708 48
1663195182451 0.03162307292222977 49
1663195182716 0.03162335231900215 50
1663195182964 0.03162467107176781 51
1663195183203 0.03162457048892975 52
1663195183463 0.03162481263279915 53
1663195183702 0.03162538632750511 54
1663195183943 0.03162563964724541 55
1663195184183 0.03162803500890732 56
1663195184423 0.03162664175033569 57
1663195184663 0.03162658214569092 58
1663195184904 0.03162508085370064 59
1663195185143 0.03163096308708191 60
1663195185381 0.03163512796163559 61
1663195185620 0.031636711210012436 62
1663195185861 0.031630534678697586 63
1663195186102 0.03162805736064911 64
1663195186339 0.03162616491317749 65
1663195186579 0.03162650018930435 66
1663195186820 0.03162553533911705 67
1663195187060 0.03162376582622528 68
