1657482906925 0.0 0
1657482907365 -0.04639657959342003 1
1657482907831 -0.11354579776525497 2
1657482908167 -0.16070783138275146 3
1657482908442 -0.16960279643535614 4
1657482908712 -0.12232621759176254 5
1657482908985 -0.03896390274167061 6
1657482909266 0.06120826303958893 7
1657482909537 0.13357417285442352 8
1657482909814 0.12344620376825333 9
1657482910092 0.04801972210407257 10
1657482910369 -0.09196247160434723 11
1657482910643 -0.2480241060256958 12
1657482910917 -0.40148112177848816 13
1657482911184 -0.5153316259384155 14
1657482911459 -0.587454080581665 15
1657482911725 -0.6128231883049011 16
1657482911997 -0.6456106305122375 17
1657482912269 -0.7149500250816345 18
1657482912542 -0.8183851838111877 19
1657482912821 -0.970268964767456 20
1657482913115 -1.11061692237854 21
1657482913399 -1.2117077112197876 22
1657482913695 -1.2977180480957031 23
1657482913979 -1.3380836248397827 24
1657482914379 -1.370241641998291 25
1657482914693 -1.4146193265914917 26
1657482914964 -1.4122587442398071 27
1657482915238 -1.3360248804092407 28
1657482915501 -1.157485008239746 29
1657482915774 -0.9216956496238708 30
1657482916048 -0.675883948802948 31
1657482916320 -0.49734386801719666 32
1657482916598 -0.41147464513778687 33
1657482916882 -0.3048093616962433 34
1657482917156 -0.15744315087795258 35
1657482917417 0.036902960389852524 36
1657482917679 0.17149150371551514 37
1657482917952 0.22455669939517975 38
1657482918218 0.15706972777843475 39
1657482918495 0.03688441962003708 40
1657482918771 -0.09564626216888428 41
1657482919040 -0.20635433495044708 42
1657482919325 -0.25886133313179016 43
1657482919598 -0.23399221897125244 44
1657482919869 -0.18713261187076569 45
1657482920146 -0.14580096304416656 46
1657482920423 -0.20257365703582764 47
1657482920703 -0.30399811267852783 48
1657482920977 -0.3854828178882599 49
1657482921254 -0.39752039313316345 50
1657482921535 -0.32649731636047363 51
1657482921829 -0.21831291913986206 52
1657482922101 -0.11203121393918991 53
1657482922382 -0.05574684590101242 54
1657482922700 -0.0772271677851677 55
1657482922982 -0.1425459086894989 56
1657482923250 -0.2087121158838272 57
1657482923575 -0.2548418641090393 58
1657482923964 -0.2882203757762909 59
1657482924299 -0.2597491145133972 60
1657482924579 -0.1905560940504074 61
1657482924857 -0.1423386037349701 62
1657482925132 -0.12329061329364777 63
1657482925410 -0.14438530802726746 64
1657482925687 -0.19894571602344513 65
1657482925955 -0.24644306302070618 66
1657482926219 -0.2647187113761902 67
1657482926489 -0.24730956554412842 68
