1657482906923 0.0009194703307002783 0
1657482907363 0.0009458299609832466 1
1657482907830 0.0018333570333197713 2
1657482908166 0.0021519926376640797 3
1657482908441 0.0030792648904025555 4
1657482908711 0.0032736987341195345 5
1657482908984 0.005783146247267723 6
1657482909265 0.007645591627806425 7
1657482909535 0.005110026802867651 8
1657482909813 0.006528033409267664 9
1657482910090 0.0011342746438458562 10
1657482910368 0.0005929777980782092 11
1657482910641 9.005068568512797e-05 12
1657482910916 8.289052857435308e-06 13
1657482911182 3.992285201093182e-06 14
1657482911458 2.2429969703807728e-07 15
1657482911724 9.672330714138866e-10 16
1657482911996 1.15098625075305e-11 17
1657482912268 1.0002738112628584e-13 18
1657482912541 9.378886827327709e-14 19
1657482912819 2.0712530540527296e-14 20
1657482913114 5.490407213004883e-16 21
1657482913397 6.346422067853366e-18 22
1657482913694 1.0922633784270787e-17 23
1657482913977 3.449854649232716e-20 24
1657482914377 1.809013707394711e-21 25
1657482914691 1.720638425452013e-20 26
1657482914963 2.0729314171640798e-19 27
1657482915236 3.298616950104673e-17 28
1657482915500 4.768765846888557e-16 29
1657482915773 2.5014787062484917e-14 30
1657482916047 4.3635697811149343e-13 31
1657482916319 2.4807569193319168e-11 32
1657482916597 2.665072145191516e-07 33
1657482916881 7.00337186572142e-05 34
1657482917154 0.004776929970830679 35
1657482917416 0.005183702800422907 36
1657482917678 0.012705758213996887 37
1657482917951 0.0077802580781280994 38
1657482918217 0.011802739463746548 39
1657482918494 0.007323737721890211 40
1657482918770 0.003132448298856616 41
1657482919039 0.0026222646702080965 42
1657482919324 0.0022945445962250233 43
1657482919597 0.0005548357730731368 44
1657482919867 0.0005631757667288184 45
1657482920144 2.2940086637390777e-05 46
1657482920422 7.846414519008249e-05 47
1657482920701 0.0001481365761719644 48
1657482920976 0.00029648913186974823 49
1657482921252 0.00045364961260929704 50
1657482921534 0.0003942031180486083 51
1657482921828 0.0007170480093918741 52
1657482922099 0.0007885567029006779 53
1657482922381 0.0006021384615451097 54
1657482922698 0.001027009915560484 55
1657482922980 0.001005414524115622 56
1657482923249 0.0008868114091455936 57
1657482923572 0.00031098240287974477 58
1657482923962 0.0011434886837378144 59
1657482924297 0.0010586013086140156 60
1657482924577 0.00045323051745072007 61
1657482924856 0.0007348114158958197 62
1657482925131 0.000609896844252944 63
1657482925409 0.00046031278907321393 64
1657482925685 0.0007881371420808136 65
1657482925953 0.0007953252643346786 66
1657482926217 0.0007877344614826143 67
1657482926488 0.000734230037778616 68
