1657482906933 0.0 0
1657482907375 0.03520790860056877 1
1657482907843 0.18804728984832764 2
1657482908176 0.45042669773101807 3
1657482908451 0.8881701827049255 4
1657482908721 1.6563525199890137 5
1657482908994 2.296133041381836 6
1657482909275 2.326193332672119 7
1657482909545 2.1698789596557617 8
1657482909823 1.4509271383285522 9
1657482910100 0.3177090287208557 10
1657482910378 0.20927026867866516 11
1657482910651 0.49962562322616577 12
1657482910926 1.0326131582260132 13
1657482911193 2.6205921173095703 14
1657482911468 6.244717121124268 15
1657482911734 11.176965713500977 16
1657482912006 15.654436111450195 17
1657482912278 18.704235076904297 18
1657482912551 20.194551467895508 19
1657482912829 21.874845504760742 20
1657482913124 24.77440071105957 21
1657482913407 28.985429763793945 22
1657482913704 34.12784957885742 23
1657482913987 40.44548034667969 24
1657482914388 43.70835876464844 25
1657482914701 43.1185302734375 26
1657482914973 39.67639923095703 27
1657482915246 35.77309799194336 28
1657482915510 32.90178298950195 29
1657482915783 30.812360763549805 30
1657482916057 27.936214447021484 31
1657482916329 23.11393928527832 32
1657482916608 16.676679611206055 33
1657482916891 10.574027061462402 34
1657482917164 6.107152462005615 35
1657482917426 1.6897029876708984 36
1657482917688 0.37470218539237976 37
1657482917961 0.3988323509693146 38
1657482918227 0.39261117577552795 39
1657482918504 0.27470704913139343 40
1657482918780 0.08941636979579926 41
1657482919049 2.9913277626037598 42
1657482919334 4.93595552444458 43
1657482919607 5.648242473602295 44
1657482919877 5.992168426513672 45
1657482920154 4.8869218826293945 46
1657482920432 3.1449272632598877 47
1657482920712 0.8308060765266418 48
1657482920986 0.11563244462013245 49
1657482921263 0.18886762857437134 50
1657482921543 0.19051799178123474 51
1657482921838 0.1559712439775467 52
1657482922109 0.21846914291381836 53
1657482922391 1.672631859779358 54
1657482922709 2.2361371517181396 55
1657482922990 1.7614314556121826 56
1657482923259 0.6046547293663025 57
1657482923583 0.13049595057964325 58
1657482923973 0.18657492101192474 59
1657482924307 0.1895589530467987 60
1657482924587 0.2325558066368103 61
1657482924866 0.220354825258255 62
1657482925141 0.8273990154266357 63
1657482925419 1.3922321796417236 64
1657482925695 1.2692066431045532 65
1657482925963 0.5992438793182373 66
1657482926227 0.03031996451318264 67
1657482926498 0.04928072169423103 68
