1657482906932 0.0 0
1657482907374 3.4781882762908936 1
1657482907841 8.696939468383789 2
1657482908175 13.842854499816895 3
1657482908450 17.299198150634766 4
1657482908720 17.602622985839844 5
1657482908993 14.737004280090332 6
1657482909274 10.047788619995117 7
1657482909544 5.493478775024414 8
1657482909822 3.4427380561828613 9
1657482910099 3.823335647583008 10
1657482910377 6.271587371826172 11
1657482910650 9.727254867553711 12
1657482910925 12.781270027160645 13
1657482911191 14.588976860046387 14
1657482911467 15.858511924743652 15
1657482911733 18.114364624023438 16
1657482912005 21.738740921020508 17
1657482912277 26.13127899169922 18
1657482912550 30.32853889465332 19
1657482912828 36.22930908203125 20
1657482913123 42.120384216308594 21
1657482913406 47.22418212890625 22
1657482913703 52.056419372558594 23
1657482913986 56.738216400146484 24
1657482914387 59.35478591918945 25
1657482914700 59.930145263671875 26
1657482914972 58.423980712890625 27
1657482915245 55.476261138916016 28
1657482915509 50.6187858581543 29
1657482915782 44.77933120727539 30
1657482916056 38.284889221191406 31
1657482916328 31.536378860473633 32
1657482916607 24.71980857849121 33
1657482916890 18.324665069580078 34
1657482917163 12.428812026977539 35
1657482917424 6.664942741394043 36
1657482917687 4.835803031921387 37
1657482917960 6.799888610839844 38
1657482918226 7.7500410079956055 39
1657482918503 8.655988693237305 40
1657482918778 10.773381233215332 41
1657482919048 12.68281078338623 42
1657482919333 12.635191917419434 43
1657482919606 10.821773529052734 44
1657482919876 8.915542602539062 45
1657482920153 6.914046287536621 46
1657482920431 5.94968843460083 47
1657482920711 6.561761856079102 48
1657482920985 8.334813117980957 49
1657482921262 9.640296936035156 50
1657482921542 9.518485069274902 51
1657482921837 8.207968711853027 52
1657482922108 6.763782501220703 53
1657482922390 6.120668888092041 54
1657482922708 6.073555946350098 55
1657482922989 6.362916946411133 56
1657482923258 7.2425856590271 57
1657482923582 8.430344581604004 58
1657482923972 9.208950996398926 59
1657482924306 9.116839408874512 60
1657482924586 8.241830825805664 61
1657482924865 6.9873247146606445 62
1657482925140 6.128990173339844 63
1657482925418 5.9500603675842285 64
1657482925694 6.370728492736816 65
1657482925962 7.080549716949463 66
1657482926226 7.695586681365967 67
1657482926497 7.957491874694824 68
