1657482906930 0.49808385968208313 0
1657482907372 0.48254677653312683 1
1657482907839 0.48527398705482483 2
1657482908172 0.5249655246734619 3
1657482908448 0.5392899513244629 4
1657482908717 0.5660797357559204 5
1657482908990 0.5770202279090881 6
1657482909272 0.5961683392524719 7
1657482909542 0.5723482370376587 8
1657482909820 0.5667105913162231 9
1657482910097 0.544811487197876 10
1657482910375 0.5345406532287598 11
1657482910648 0.5342798233032227 12
1657482910923 0.4601716101169586 13
1657482911189 0.487610399723053 14
1657482911465 0.4677501618862152 15
1657482911730 0.4583197832107544 16
1657482912003 0.45401260256767273 17
1657482912275 0.36201944947242737 18
1657482912548 0.4652431905269623 19
1657482912826 0.4810105860233307 20
1657482913121 0.44477200508117676 21
1657482913404 0.44581660628318787 22
1657482913700 0.5857605338096619 23
1657482913984 0.5699877142906189 24
1657482914384 0.5952091813087463 25
1657482914698 0.6087148189544678 26
1657482914970 0.6041170358657837 27
1657482915243 0.6218441724777222 28
1657482915507 0.6256082057952881 29
1657482915779 0.6319716572761536 30
1657482916053 0.6259161233901978 31
1657482916325 0.6317057013511658 32
1657482916604 0.6190540194511414 33
1657482916888 0.6137372851371765 34
1657482917161 0.6052821278572083 35
1657482917422 0.5823593735694885 36
1657482917685 0.5921632647514343 37
1657482917957 0.605736255645752 38
1657482918223 0.5920958518981934 39
1657482918501 0.6058556437492371 40
1657482918776 0.6006264090538025 41
1657482919046 0.6202114224433899 42
1657482919331 0.6282952427864075 43
1657482919604 0.6417529582977295 44
1657482919874 0.6447744965553284 45
1657482920151 0.6287277936935425 46
1657482920429 0.6300153136253357 47
1657482920708 0.6253628730773926 48
1657482920983 0.6503532528877258 49
1657482921260 0.6454446911811829 50
1657482921540 0.6518588662147522 51
1657482921835 0.6536492109298706 52
1657482922106 0.6483135223388672 53
1657482922387 0.642046332359314 54
1657482922706 0.6425037384033203 55
1657482922987 0.6057694554328918 56
1657482923255 0.6204869151115417 57
1657482923580 0.6134593486785889 58
1657482923969 0.621721625328064 59
1657482924304 0.6256030201911926 60
1657482924584 0.6395865082740784 61
1657482924863 0.6385498642921448 62
1657482925138 0.6351847052574158 63
1657482925416 0.6337579488754272 64
1657482925692 0.6489787697792053 65
1657482925960 0.6545621752738953 66
1657482926224 0.6496800780296326 67
1657482926495 0.6563270688056946 68
