1657482906928 76.69619750976562 0
1657482907368 76.77857208251953 1
1657482907836 79.23060607910156 2
1657482908170 78.60932922363281 3
1657482908445 77.61463165283203 4
1657482908715 73.95735168457031 5
1657482908988 67.6372299194336 6
1657482909270 58.83576583862305 7
1657482909540 59.613792419433594 8
1657482909817 58.11166000366211 9
1657482910095 60.86709213256836 10
1657482910373 60.730064392089844 11
1657482910646 63.22596740722656 12
1657482910920 74.13204956054688 13
1657482911187 69.38438415527344 14
1657482911463 66.53569793701172 15
1657482911728 65.63676452636719 16
1657482912001 66.08292388916016 17
1657482912272 72.48112487792969 18
1657482912546 72.38433837890625 19
1657482912824 73.40027618408203 20
1657482913119 79.26339721679688 21
1657482913402 82.60565185546875 22
1657482913698 72.51715850830078 23
1657482913982 76.7891616821289 24
1657482914382 76.84854888916016 25
1657482914696 76.39230346679688 26
1657482914967 75.77953338623047 27
1657482915241 69.56883239746094 28
1657482915504 65.85772705078125 29
1657482915777 61.07539367675781 30
1657482916051 58.82293701171875 31
1657482916323 53.29826354980469 32
1657482916602 55.429710388183594 33
1657482916886 52.400211334228516 34
1657482917159 55.52646255493164 35
1657482917420 56.21499252319336 36
1657482917683 55.43036651611328 37
1657482917955 52.529659271240234 38
1657482918221 57.45720291137695 39
1657482918498 50.589176177978516 40
1657482918774 49.884952545166016 41
1657482919044 44.93987274169922 42
1657482919329 44.863983154296875 43
1657482919601 39.1804313659668 44
1657482919872 37.617271423339844 45
1657482920149 37.64999008178711 46
1657482920426 36.054161071777344 47
1657482920706 37.138450622558594 48
1657482920981 33.64461898803711 49
1657482921257 34.53729248046875 50
1657482921538 33.32933807373047 51
1657482921832 32.25655746459961 52
1657482922104 34.17795181274414 53
1657482922385 35.28946304321289 54
1657482922704 35.93814468383789 55
1657482922985 42.77845764160156 56
1657482923253 43.165828704833984 57
1657482923578 43.23307800292969 58
1657482923967 43.04502868652344 59
1657482924302 42.72538375854492 60
1657482924582 36.75312042236328 61
1657482924861 36.99828338623047 62
1657482925136 36.11296844482422 63
1657482925414 36.83932876586914 64
1657482925690 32.680171966552734 65
1657482925958 30.166847229003906 66
1657482926222 31.99802589416504 67
1657482926493 29.22992515563965 68
