1657482906926 0.12622956931591034 0
1657482907366 0.1520528942346573 1
1657482907833 0.16556653380393982 2
1657482908168 0.14505520462989807 3
1657482908443 0.18331463634967804 4
1657482908713 0.1933126151561737 5
1657482908986 0.19185923039913177 6
1657482909268 0.17633354663848877 7
1657482909538 0.22089536488056183 8
1657482909815 0.13770565390586853 9
1657482910093 0.11415266245603561 10
1657482910370 0.15293915569782257 11
1657482910644 0.16702289879322052 12
1657482910918 0.42953118681907654 13
1657482911185 0.7331607341766357 14
1657482911460 0.9914644360542297 15
1657482911726 0.9999529123306274 16
1657482911999 0.9999997615814209 17
1657482912270 1.0 18
1657482912544 1.0 19
1657482912822 1.0 20
1657482913117 1.0 21
1657482913400 1.0 22
1657482913696 1.0 23
1657482913980 1.0 24
1657482914380 1.0 25
1657482914694 1.0 26
1657482914965 1.0 27
1657482915239 1.0 28
1657482915502 1.0 29
1657482915775 1.0 30
1657482916049 1.0 31
1657482916321 1.0 32
1657482916600 0.9999758005142212 33
1657482916883 0.9918531179428101 34
1657482917157 0.5502021312713623 35
1657482917418 0.09270481020212173 36
1657482917680 0.08224998414516449 37
1657482917953 0.07383780926465988 38
1657482918219 0.07932187616825104 39
1657482918496 0.07302456349134445 40
1657482918772 0.07892905920743942 41
1657482919041 0.08007363975048065 42
1657482919326 0.26431310176849365 43
1657482919599 0.6328085660934448 44
1657482919870 0.5409287214279175 45
1657482920147 0.8003198504447937 46
1657482920424 0.34904611110687256 47
1657482920704 0.10018381476402283 48
1657482920978 0.04917813092470169 49
1657482921255 0.05334530398249626 50
1657482921536 0.04983137175440788 51
1657482921830 0.04826389625668526 52
1657482922102 0.05039454996585846 53
1657482922383 0.055803220719099045 54
1657482922701 0.0616174153983593 55
1657482922983 0.07644391059875488 56
1657482923251 0.06795023381710052 57
1657482923576 0.07338807731866837 58
1657482923965 0.06421986222267151 59
1657482924300 0.06909602880477905 60
1657482924580 0.0580846406519413 61
1657482924858 0.05885438621044159 62
1657482925134 0.06096580997109413 63
1657482925411 0.059751708060503006 64
1657482925688 0.05353152006864548 65
1657482925956 0.04831460118293762 66
1657482926220 0.048772163689136505 67
1657482926490 0.0474245660007 68
