1657482906929 6.449803352355957 0
1657482907370 7.120235919952393 1
1657482907837 6.994897365570068 2
1657482908171 6.48614501953125 3
1657482908446 6.880396842956543 4
1657482908716 6.678436279296875 5
1657482908989 6.672814846038818 6
1657482909271 6.303481101989746 7
1657482909541 7.02440071105957 8
1657482909819 6.249495983123779 9
1657482910096 5.8473076820373535 10
1657482910374 6.485384941101074 11
1657482910647 6.586126804351807 12
1657482910921 8.73295783996582 13
1657482911188 9.753687858581543 14
1657482911464 13.440587997436523 15
1657482911729 18.532608032226562 16
1657482912002 23.05789566040039 17
1657482912274 27.1811580657959 18
1657482912547 27.426076889038086 19
1657482912825 28.46621322631836 20
1657482913120 32.32077407836914 21
1657482913403 36.48857498168945 22
1657482913699 36.8236198425293 23
1657482913983 42.11423110961914 24
1657482914383 45.44422149658203 25
1657482914697 43.92737579345703 26
1657482914969 41.52980422973633 27
1657482915242 36.56612777709961 28
1657482915506 34.9430046081543 29
1657482915778 32.125892639160156 30
1657482916052 29.656991958618164 31
1657482916324 25.250776290893555 32
1657482916603 17.99296760559082 33
1657482916887 12.312671661376953 34
1657482917160 8.01463508605957 35
1657482917421 5.086314678192139 36
1657482917684 5.006231784820557 37
1657482917956 4.63602352142334 38
1657482918222 4.780045032501221 39
1657482918499 4.362424850463867 40
1657482918775 4.118839263916016 41
1657482919045 4.295760631561279 42
1657482919330 6.359682083129883 43
1657482919602 7.834300518035889 44
1657482919873 7.482715129852295 45
1657482920150 8.791303634643555 46
1657482920427 6.754676818847656 47
1657482920707 4.934441566467285 48
1657482920982 2.629390239715576 49
1657482921259 3.0672085285186768 50
1657482921539 2.892482280731201 51
1657482921834 2.5944912433624268 52
1657482922105 2.8587124347686768 53
1657482922386 3.259134292602539 54
1657482922705 4.039707183837891 55
1657482922986 4.140888690948486 56
1657482923254 4.2906670570373535 57
1657482923579 4.111606121063232 58
1657482923968 3.548161029815674 59
1657482924303 4.073250770568848 60
1657482924583 3.3726930618286133 61
1657482924862 3.517739772796631 62
1657482925137 3.7593672275543213 63
1657482925415 3.4813618659973145 64
1657482925691 3.477848529815674 65
1657482925959 2.773906707763672 66
1657482926223 2.5130791664123535 67
1657482926494 2.948826789855957 68
