1657482906927 0.04790596291422844 0
1657482907367 0.09184756875038147 1
1657482907835 0.08549375832080841 2
1657482908169 0.07217232137918472 3
1657482908444 0.11976031213998795 4
1657482908714 0.11879276484251022 5
1657482908987 0.1371103823184967 6
1657482909269 0.12634117901325226 7
1657482909539 0.20253406465053558 8
1657482909816 0.10886436700820923 9
1657482910094 0.06565000861883163 10
1657482910372 0.12705646455287933 11
1657482910645 0.13778799772262573 12
1657482910919 0.42165279388427734 13
1657482911186 0.7318835258483887 14
1657482911462 0.9914631247520447 15
1657482911727 0.9999529123306274 16
1657482912000 0.9999997615814209 17
1657482912271 1.0 18
1657482912545 1.0 19
1657482912823 1.0 20
1657482913118 1.0 21
1657482913401 1.0 22
1657482913697 1.0 23
1657482913981 1.0 24
1657482914381 1.0 25
1657482914695 1.0 26
1657482914966 1.0 27
1657482915240 1.0 28
1657482915503 1.0 29
1657482915776 1.0 30
1657482916050 1.0 31
1657482916322 1.0 32
1657482916601 0.9999758005142212 33
1657482916884 0.9918530583381653 34
1657482917158 0.5493595600128174 35
1657482917419 0.04676854610443115 36
1657482917681 0.04127596318721771 37
1657482917954 0.032811909914016724 38
1657482918220 0.03186388686299324 39
1657482918497 0.03110002726316452 40
1657482918773 0.02698543667793274 41
1657482919042 0.041465722024440765 42
1657482919327 0.2602352201938629 43
1657482919600 0.6324802041053772 44
1657482919871 0.5404319763183594 45
1657482920148 0.8002297878265381 46
1657482920425 0.34681951999664307 47
1657482920705 0.08041751384735107 48
1657482920980 0.01060761883854866 49
1657482921256 0.016195017844438553 50
1657482921537 0.014293599873781204 51
1657482921831 0.010491658002138138 52
1657482922103 0.01220057625323534 53
1657482922384 0.01659359037876129 54
1657482922702 0.03496483713388443 55
1657482922984 0.02898743376135826 56
1657482923252 0.037696871906518936 57
1657482923577 0.03128429129719734 58
1657482923966 0.01884237304329872 59
1657482924301 0.032608240842819214 60
1657482924581 0.019282152876257896 61
1657482924860 0.021275116130709648 62
1657482925135 0.026278311386704445 63
1657482925412 0.019433120265603065 64
1657482925689 0.023011263459920883 65
1657482925957 0.01274292916059494 66
1657482926221 0.009572284296154976 67
1657482926491 0.016206257045269012 68
