1661895363412 0.0 0
1661895364362 0.009577912278473377 1
1661895365003 0.027222320437431335 2
1661895365552 0.09429392963647842 3
1661895366096 0.2593882381916046 4
1661895366642 0.5870614647865295 5
1661895367190 1.0982557535171509 6
1661895367738 1.9445562362670898 7
1661895368286 3.3249263763427734 8
1661895368833 5.584723472595215 9
1661895369378 8.292262077331543 10
1661895369919 11.67345142364502 11
1661895370443 15.317124366760254 12
1661895370991 18.6835994720459 13
1661895371526 21.78506851196289 14
1661895372072 24.207345962524414 15
1661895372619 26.33188819885254 16
1661895373165 28.476272583007812 17
1661895373734 31.207969665527344 18
1661895374271 34.920982360839844 19
1661895374816 39.859031677246094 20
1661895375356 45.91172790527344 21
1661895375898 53.04241180419922 22
1661895376436 60.384742736816406 23
1661895376982 67.84089660644531 24
1661895377517 75.39571380615234 25
1661895378068 83.40023803710938 26
1661895378612 91.55714416503906 27
1661895379156 100.5639419555664 28
1661895379705 111.02578735351562 29
1661895380244 122.6478042602539 30
1661895380811 136.1505126953125 31
1661895381359 151.83035278320312 32
1661895381897 170.2752227783203 33
1661895382415 191.8802947998047 34
1661895382983 215.93133544921875 35
1661895383521 243.98928833007812 36
1661895384065 275.64581298828125 37
1661895384655 309.1056213378906 38
1661895385260 346.6182556152344 39
1661895385936 395.08636474609375 40
1661895386481 452.7187805175781 41
1661895387074 518.8971557617188 42
1661895387606 594.6300659179688 43
1661895388146 677.4577026367188 44
1661895388705 763.6220092773438 45
1661895389269 858.07421875 46
1661895389820 938.8060913085938 47
1661895390355 1025.9130859375 48
1661895390874 1122.1776123046875 49
1661895391397 1226.5712890625 50
1661895391937 1346.753662109375 51
1661895392453 1486.1602783203125 52
1661895392991 1646.950439453125 53
1661895393548 1835.7744140625 54
1661895394116 2047.786376953125 55
1661895394656 2292.01708984375 56
1661895395187 2571.464599609375 57
1661895395736 2910.692626953125 58
1661895396283 3280.3427734375 59
1661895396826 3704.648193359375 60
1661895397374 4196.74462890625 61
1661895397917 4780.1005859375 62
1661895398468 5428.9951171875 63
1661895399014 6121.51025390625 64
1661895399564 6923.29638671875 65
1661895400108 7850.17529296875 66
1661895400651 8861.3671875 67
1661895401203 9921.5244140625 68
