1661895363410 0.06518902629613876 0
1661895364360 0.04241444170475006 1
1661895365001 0.09734003990888596 2
1661895365551 0.12484385073184967 3
1661895366094 0.15663136541843414 4
1661895366641 0.18365657329559326 5
1661895367189 0.2621444761753082 6
1661895367737 0.3873074948787689 7
1661895368285 0.5731805562973022 8
1661895368832 0.741438627243042 9
1661895369376 0.9302510619163513 10
1661895369917 0.9958338737487793 11
1661895370442 0.9997870326042175 12
1661895370990 0.9999903440475464 13
1661895371525 0.9999996423721313 14
1661895372071 1.0 15
1661895372618 1.0 16
1661895373163 1.0 17
1661895373733 1.0 18
1661895374270 1.0 19
1661895374815 1.0 20
1661895375355 1.0 21
1661895375897 1.0 22
1661895376435 1.0 23
1661895376980 1.0 24
1661895377516 1.0 25
1661895378067 1.0 26
1661895378610 1.0 27
1661895379155 1.0 28
1661895379704 1.0 29
1661895380242 1.0 30
1661895380810 1.0 31
1661895381357 1.0 32
1661895381895 1.0 33
1661895382414 1.0 34
1661895382982 1.0 35
1661895383520 1.0 36
1661895384064 1.0 37
1661895384654 1.0 38
1661895385258 1.0 39
1661895385935 1.0 40
1661895386479 1.0 41
1661895387072 1.0 42
1661895387605 1.0 43
1661895388145 1.0 44
1661895388704 1.0 45
1661895389268 1.0 46
1661895389818 1.0 47
1661895390353 1.0 48
1661895390873 1.0 49
1661895391395 1.0 50
1661895391935 1.0 51
1661895392451 1.0 52
1661895392990 1.0 53
1661895393547 1.0 54
1661895394115 1.0 55
1661895394655 1.0 56
1661895395186 1.0 57
1661895395734 1.0 58
1661895396282 1.0 59
1661895396824 1.0 60
1661895397373 1.0 61
1661895397916 1.0 62
1661895398467 1.0 63
1661895399012 1.0 64
1661895399563 1.0 65
1661895400107 1.0 66
1661895400649 1.0 67
1661895401201 1.0 68
