1661895363423 0.004173567984253168 0
1661895364372 0.003946711774915457 1
1661895365012 0.004393869079649448 2
1661895365562 0.004549290053546429 3
1661895366105 0.004638927057385445 4
1661895366652 0.004438305273652077 5
1661895367200 0.004547347780317068 6
1661895367748 0.004663347266614437 7
1661895368296 0.004973519127815962 8
1661895368843 0.004412326030433178 9
1661895369388 0.0044561768881976604 10
1661895369928 0.00451025040820241 11
1661895370453 0.004501336254179478 12
1661895371001 0.004979753866791725 13
1661895371536 0.004964514635503292 14
1661895372082 0.005291110835969448 15
1661895372629 0.005293403286486864 16
1661895373174 0.0054218522273004055 17
1661895373744 0.005489385221153498 18
1661895374281 0.005607453640550375 19
1661895374825 0.005653245374560356 20
1661895375366 0.0058830976486206055 21
1661895375908 0.005670721177011728 22
1661895376446 0.00556893739849329 23
1661895376991 0.005465250462293625 24
1661895377527 0.0054654330015182495 25
1661895378078 0.005042022559791803 26
1661895378621 0.004867703653872013 27
1661895379166 0.004854960832744837 28
1661895379715 0.0046249208971858025 29
1661895380253 0.004662609193474054 30
1661895380821 0.004775418899953365 31
1661895381368 0.005033247172832489 32
1661895381906 0.005344245117157698 33
1661895382425 0.00542260380461812 34
1661895382993 0.005763814318925142 35
1661895383531 0.005891537759453058 36
1661895384075 0.005600074306130409 37
1661895384664 0.005621935706585646 38
1661895385270 0.00649143336340785 39
1661895385946 0.006876092869788408 40
1661895386491 0.007020376622676849 41
1661895387083 0.007142576854676008 42
1661895387618 0.0069474526681005955 43
1661895388155 0.006430139299482107 44
1661895388714 0.006276980042457581 45
1661895389279 0.004780557006597519 46
1661895389829 0.004623274318873882 47
1661895390364 0.004602642729878426 48
1661895390883 0.004512461367994547 49
1661895391406 0.004708772990852594 50
1661895391946 0.004954920150339603 51
1661895392462 0.005181262269616127 52
1661895393001 0.00550847640261054 53
1661895393558 0.005587103310972452 54
1661895394126 0.005804861430078745 55
1661895394666 0.005981402471661568 56
1661895395197 0.006530048791319132 57
1661895395745 0.006382399704307318 58
1661895396293 0.006561636924743652 59
1661895396835 0.006803423166275024 60
1661895397384 0.007193040568381548 61
1661895397927 0.007112993858754635 62
1661895398478 0.006734393537044525 63
1661895399024 0.006915985140949488 64
1661895399574 0.007087244652211666 65
1661895400118 0.006847811862826347 66
1661895400660 0.006360009778290987 67
1661895401212 0.006227707024663687 68
