1661895363425 0.0 0
1661895364373 1.0874191522598267 1
1661895365014 2.8921279907226562 2
1661895365563 5.484509468078613 3
1661895366106 8.393730163574219 4
1661895366653 11.211938858032227 5
1661895367201 13.439274787902832 6
1661895367749 15.096139907836914 7
1661895368297 16.207115173339844 8
1661895368844 17.160381317138672 9
1661895369389 18.127838134765625 10
1661895369930 19.658920288085938 11
1661895370454 22.00084114074707 12
1661895371002 24.85953712463379 13
1661895371537 28.440412521362305 14
1661895372083 32.34098815917969 15
1661895372630 36.94248962402344 16
1661895373176 41.989017486572266 17
1661895373745 47.625675201416016 18
1661895374282 53.761287689208984 19
1661895374826 60.531070709228516 20
1661895375367 67.95840454101562 21
1661895375909 76.55365753173828 22
1661895376447 85.76668548583984 23
1661895376992 95.9115982055664 24
1661895377528 107.03314971923828 25
1661895378079 119.55396270751953 26
1661895378622 132.6502685546875 27
1661895379167 146.91830444335938 28
1661895379716 162.91220092773438 29
1661895380254 179.9483642578125 30
1661895380822 199.13046264648438 31
1661895381369 221.02883911132812 32
1661895381907 246.7378692626953 33
1661895382426 277.1190490722656 34
1661895382994 311.4090576171875 35
1661895383532 351.9315490722656 36
1661895384076 398.0198974609375 37
1661895384665 446.7385559082031 38
1661895385271 501.1435241699219 39
1661895385947 571.1467895507812 40
1661895386492 654.03564453125 41
1661895387084 748.801513671875 42
1661895387619 857.0220336914062 43
1661895388157 975.5303955078125 44
1661895388715 1099.1341552734375 45
1661895389280 1234.92919921875 46
1661895389830 1350.7347412109375 47
1661895390365 1475.5650634765625 48
1661895390885 1613.6202392578125 49
1661895391407 1763.4986572265625 50
1661895391947 1936.324462890625 51
1661895392463 2137.036376953125 52
1661895393002 2368.67919921875 53
1661895393559 2640.677978515625 54
1661895394127 2945.802734375 55
1661895394667 3296.866455078125 56
1661895395198 3698.154052734375 57
1661895395746 4185.06884765625 58
1661895396294 4715.6552734375 59
1661895396836 5325.00048828125 60
1661895397385 6032.1865234375 61
1661895397928 6870.90234375 62
1661895398479 7803.9921875 63
1661895399025 8799.7021484375 64
1661895399575 9952.2021484375 65
1661895400119 11284.1982421875 66
1661895400661 12737.0546875 67
1661895401213 14260.19140625 68
