1661895363427 0.0 0
1661895364375 0.009577912278473377 1
1661895365015 0.028958722949028015 2
1661895365564 0.09429392963647842 3
1661895366107 0.2593882381916046 4
1661895366654 0.5870614647865295 5
1661895367202 1.0982557535171509 6
1661895367750 1.9445562362670898 7
1661895368298 3.3249263763427734 8
1661895368846 5.584723472595215 9
1661895369390 8.292262077331543 10
1661895369931 11.67345142364502 11
1661895370455 15.317124366760254 12
1661895371003 18.6835994720459 13
1661895371538 21.78506851196289 14
1661895372084 24.207345962524414 15
1661895372631 26.33188819885254 16
1661895373177 28.476272583007812 17
1661895373746 31.207969665527344 18
1661895374283 34.920982360839844 19
1661895374828 39.859031677246094 20
1661895375368 45.91172790527344 21
1661895375910 53.04241180419922 22
1661895376448 60.384742736816406 23
1661895376993 67.84089660644531 24
1661895377529 75.39571380615234 25
1661895378080 83.40023803710938 26
1661895378623 91.55714416503906 27
1661895379168 100.5639419555664 28
1661895379717 111.02578735351562 29
1661895380255 122.6478042602539 30
1661895380823 136.1505126953125 31
1661895381370 151.83035278320312 32
1661895381908 170.2752227783203 33
1661895382427 191.8802947998047 34
1661895382995 215.93133544921875 35
1661895383533 243.98928833007812 36
1661895384077 275.64581298828125 37
1661895384666 309.1056213378906 38
1661895385272 346.6182556152344 39
1661895385948 395.08636474609375 40
1661895386494 452.7187805175781 41
1661895387085 518.8971557617188 42
1661895387621 594.6300659179688 43
1661895388158 677.4577026367188 44
1661895388716 763.6220092773438 45
1661895389281 858.07421875 46
1661895389832 938.8060913085938 47
1661895390366 1025.9130859375 48
1661895390886 1122.1776123046875 49
1661895391408 1226.5712890625 50
1661895391948 1346.753662109375 51
1661895392464 1486.1602783203125 52
1661895393003 1646.950439453125 53
1661895393560 1835.7744140625 54
1661895394128 2047.786376953125 55
1661895394668 2292.01708984375 56
1661895395199 2571.464599609375 57
1661895395747 2910.692626953125 58
1661895396295 3280.3427734375 59
1661895396837 3704.648193359375 60
1661895397386 4196.74462890625 61
1661895397929 4780.1005859375 62
1661895398480 5428.9951171875 63
1661895399026 6121.51025390625 64
1661895399576 6923.29638671875 65
1661895400120 7850.17529296875 66
1661895400662 8861.3671875 67
1661895401214 9921.5244140625 68
