1661895363413 0.06518902629613876 0
1661895364363 0.04121652618050575 1
1661895365004 0.0910198837518692 2
1661895365553 0.10736466944217682 3
1661895366097 0.11555568873882294 4
1661895366643 0.10123251378536224 5
1661895367191 0.10188926011323929 6
1661895367739 0.09435892105102539 7
1661895368287 0.08492255210876465 8
1661895368834 0.026213865727186203 9
1661895369379 0.01218829583376646 10
1661895369920 0.011199425905942917 11
1661895370444 0.00273145642131567 12
1661895370992 0.001148662413470447 13
1661895371527 0.0005791218136437237 14
1661895372073 0.00022485047520603985 15
1661895372620 0.00010465132800163701 16
1661895373166 0.00010713283700169995 17
1661895373736 7.676719542359933e-05 18
1661895374272 7.838008605176583e-05 19
1661895374817 5.354617314878851e-05 20
1661895375357 6.66703563183546e-05 21
1661895375899 7.055231253616512e-05 22
1661895376437 0.00017110648332163692 23
1661895376983 0.00020133249927312136 24
1661895377519 0.0005006029969081283 25
1661895378069 0.003096218453720212 26
1661895378613 0.004830247722566128 27
1661895379157 0.008337246254086494 28
1661895379706 0.013148091733455658 29
1661895380245 0.02588621899485588 30
1661895380812 0.04294699802994728 31
1661895381360 0.059898748993873596 32
1661895381898 0.07137022912502289 33
1661895382416 0.08780523389577866 34
1661895382984 0.07881788909435272 35
1661895383522 0.082606740295887 36
1661895384066 0.07259760051965714 37
1661895384656 0.08432138711214066 38
1661895385261 0.09909941256046295 39
1661895385937 0.09333924949169159 40
1661895386482 0.05253281071782112 41
1661895387075 0.03575977683067322 42
1661895387607 0.04786703735589981 43
1661895388147 0.06249590218067169 44
1661895388706 0.05272795632481575 45
1661895389270 0.0016429717652499676 46
1661895389821 0.002577355597168207 47
1661895390356 0.006903162691742182 48
1661895390875 0.008089443668723106 49
1661895391398 0.017014240846037865 50
1661895391938 0.02082449570298195 51
1661895392454 0.032169733196496964 52
1661895392992 0.0391760915517807 53
1661895393550 0.035330630838871 54
1661895394117 0.026444613933563232 55
1661895394657 0.02302558533847332 56
1661895395188 0.016393231227993965 57
1661895395737 0.010026030242443085 58
1661895396285 0.012737867422401905 59
1661895396827 0.013578535988926888 60
1661895397375 0.008648421615362167 61
1661895397918 0.009070266038179398 62
1661895398469 0.013843010179698467 63
1661895399015 0.010727157816290855 64
1661895399565 0.01042651105672121 65
1661895400109 0.007815451361238956 66
1661895400652 0.01196838915348053 67
1661895401204 0.010134536772966385 68
