1661895363421 4.945489883422852 0
1661895364370 4.628969192504883 1
1661895365010 5.338456153869629 2
1661895365560 5.5791425704956055 3
1661895366103 5.72028923034668 4
1661895366650 5.501220703125 5
1661895367198 5.588585376739502 6
1661895367746 5.699963092803955 7
1661895368294 6.265076637268066 8
1661895368841 5.491558074951172 9
1661895369386 5.3373918533325195 10
1661895369926 5.55694580078125 11
1661895370451 5.008918762207031 12
1661895370999 6.334540843963623 13
1661895371534 6.604435443878174 14
1661895372080 6.907073020935059 15
1661895372627 6.73732852935791 16
1661895373172 6.9368486404418945 17
1661895373742 7.32749080657959 18
1661895374278 7.760468006134033 19
1661895374823 7.842499732971191 20
1661895375364 8.176217079162598 21
1661895375906 7.881974697113037 22
1661895376444 7.963989734649658 23
1661895376989 7.647932052612305 24
1661895377525 7.726744651794434 25
1661895378076 6.778115272521973 26
1661895378619 6.464194297790527 27
1661895379164 6.290230751037598 28
1661895379713 5.796422004699707 29
1661895380251 5.333103656768799 30
1661895380819 5.730841636657715 31
1661895381366 5.924683094024658 32
1661895381904 6.458364963531494 33
1661895382423 6.44963264465332 34
1661895382991 7.073030948638916 35
1661895383529 7.135159015655518 36
1661895384073 6.651759147644043 37
1661895384662 6.69996452331543 38
1661895385267 7.9430317878723145 39
1661895385944 8.48668098449707 40
1661895386489 8.676446914672852 41
1661895387081 8.910076141357422 42
1661895387616 8.790947914123535 43
1661895388153 8.23830795288086 44
1661895388712 8.140825271606445 45
1661895389277 6.079981803894043 46
1661895389827 5.528508186340332 47
1661895390362 5.488808631896973 48
1661895390881 5.011496067047119 49
1661895391404 5.514077186584473 50
1661895391944 6.038118362426758 51
1661895392460 6.1143269538879395 52
1661895392999 6.663490295410156 53
1661895393556 6.964791774749756 54
1661895394124 7.272259712219238 55
1661895394663 7.607668876647949 56
1661895395195 8.318090438842773 57
1661895395743 8.098931312561035 58
1661895396291 8.230548858642578 59
1661895396833 8.574712753295898 60
1661895397382 8.98975944519043 61
1661895397925 8.959135055541992 62
1661895398476 8.531354904174805 63
1661895399021 8.752145767211914 64
1661895399571 9.103862762451172 65
1661895400116 8.81035327911377 66
1661895400658 8.15323543548584 67
1661895401210 8.0891752243042 68
