1661895363422 0.5826432108879089 0
1661895364371 0.6053287982940674 1
1661895365011 0.5606130957603455 2
1661895365561 0.545071005821228 3
1661895366104 0.5361073017120361 4
1661895366651 0.5561694502830505 5
1661895367199 0.5452651977539062 6
1661895367747 0.5336652398109436 7
1661895368295 0.5026480555534363 8
1661895368842 0.5587673783302307 9
1661895369387 0.55438232421875 10
1661895369927 0.5489749312400818 11
1661895370452 0.5498663783073425 12
1661895371000 0.5020245909690857 13
1661895371535 0.5035485029220581 14
1661895372081 0.4708889126777649 15
1661895372628 0.47065967321395874 16
1661895373173 0.4578147530555725 17
1661895373743 0.4510614573955536 18
1661895374279 0.43925461173057556 19
1661895374824 0.4346754848957062 20
1661895375365 0.41169020533561707 21
1661895375907 0.43292784690856934 22
1661895376445 0.4431062340736389 23
1661895376990 0.4534749388694763 24
1661895377526 0.45345669984817505 25
1661895378077 0.4957977533340454 26
1661895378620 0.5132296085357666 27
1661895379165 0.5145038962364197 28
1661895379714 0.5375078916549683 29
1661895380252 0.5337390899658203 30
1661895380820 0.5224580764770508 31
1661895381367 0.4966752231121063 32
1661895381905 0.4655754864215851 33
1661895382424 0.45773962140083313 34
1661895382992 0.4236185550689697 35
1661895383530 0.4108462631702423 36
1661895384074 0.4399925172328949 37
1661895384663 0.4378064274787903 38
1661895385268 0.3508566617965698 39
1661895385945 0.31239065527915955 40
1661895386490 0.2979622781276703 41
1661895387082 0.28574228286743164 42
1661895387617 0.305254727602005 43
1661895388154 0.35698607563972473 44
1661895388713 0.37230199575424194 45
1661895389278 0.5219442844390869 46
1661895389828 0.5376725792884827 47
1661895390363 0.539735734462738 48
1661895390882 0.5487538576126099 49
1661895391405 0.5291227102279663 50
1661895391945 0.5045079588890076 51
1661895392461 0.4818737804889679 52
1661895393000 0.4491523504257202 53
1661895393557 0.44128966331481934 54
1661895394125 0.4195137917995453 55
1661895394664 0.40185976028442383 56
1661895395196 0.34699511528015137 57
1661895395744 0.3617600202560425 58
1661895396292 0.34383633732795715 59
1661895396834 0.31965771317481995 60
1661895397383 0.28069591522216797 61
1661895397926 0.28870058059692383 62
1661895398477 0.3265605866909027 63
1661895399022 0.3084014356136322 64
1661895399573 0.2912755012512207 65
1661895400117 0.3152187764644623 66
1661895400659 0.36399900913238525 67
1661895401211 0.3772292733192444 68
