1661895363418 0.06518902629613876 0
1661895364368 0.05645314231514931 1
1661895365008 0.09734003990888596 2
1661895365558 0.12484385073184967 3
1661895366101 0.15663136541843414 4
1661895366647 0.18365657329559326 5
1661895367196 0.2621444761753082 6
1661895367744 0.3873074948787689 7
1661895368292 0.5731805562973022 8
1661895368839 0.741438627243042 9
1661895369383 0.9302510619163513 10
1661895369924 0.9958338737487793 11
1661895370449 0.9997870326042175 12
1661895370997 0.9999903440475464 13
1661895371531 0.9999996423721313 14
1661895372078 1.0 15
1661895372625 1.0 16
1661895373170 1.0 17
1661895373740 1.0 18
1661895374276 1.0 19
1661895374821 1.0 20
1661895375362 1.0 21
1661895375904 1.0 22
1661895376442 1.0 23
1661895376987 1.0 24
1661895377523 1.0 25
1661895378073 1.0 26
1661895378617 1.0 27
1661895379162 1.0 28
1661895379711 1.0 29
1661895380249 1.0 30
1661895380816 1.0 31
1661895381364 1.0 32
1661895381902 1.0 33
1661895382421 1.0 34
1661895382988 1.0 35
1661895383527 1.0 36
1661895384071 1.0 37
1661895384660 1.0 38
1661895385265 1.0 39
1661895385942 1.0 40
1661895386487 1.0 41
1661895387079 1.0 42
1661895387614 1.0 43
1661895388151 1.0 44
1661895388710 1.0 45
1661895389275 1.0 46
1661895389825 1.0 47
1661895390360 1.0 48
1661895390879 1.0 49
1661895391402 1.0 50
1661895391942 1.0 51
1661895392458 1.0 52
1661895392997 1.0 53
1661895393554 1.0 54
1661895394121 1.0 55
1661895394661 1.0 56
1661895395192 1.0 57
1661895395741 1.0 58
1661895396289 1.0 59
1661895396831 1.0 60
1661895397380 1.0 61
1661895397923 1.0 62
1661895398473 1.0 63
1661895399019 1.0 64
1661895399569 1.0 65
1661895400114 1.0 66
1661895400656 1.0 67
1661895401208 1.0 68
