1661895363417 32.840763092041016 0
1661895364366 30.434907913208008 1
1661895365007 32.84265899658203 2
1661895365557 34.71201705932617 3
1661895366100 37.248626708984375 4
1661895366646 38.57047653198242 5
1661895367194 40.93065643310547 6
1661895367742 43.3705940246582 7
1661895368291 46.53174591064453 8
1661895368838 47.600772857666016 9
1661895369382 51.17618179321289 10
1661895369923 54.86277770996094 11
1661895370447 57.72331237792969 12
1661895370996 69.92680358886719 13
1661895371530 70.47801971435547 14
1661895372077 77.79976654052734 15
1661895372624 79.62338256835938 16
1661895373169 85.0106201171875 17
1661895373739 91.64781188964844 18
1661895374275 96.02542877197266 19
1661895374820 100.57170867919922 20
1661895375360 106.49089050292969 21
1661895375903 110.44764709472656 22
1661895376440 121.14240264892578 23
1661895376986 126.8274917602539 24
1661895377522 135.228271484375 25
1661895378072 140.4947509765625 26
1661895378616 151.3337860107422 27
1661895379161 163.11773681640625 28
1661895379710 176.04266357421875 29
1661895380248 191.53111267089844 30
1661895380815 208.92938232421875 31
1661895381363 230.7445068359375 32
1661895381901 256.0429382324219 33
1661895382420 285.7027587890625 34
1661895382987 319.6592102050781 35
1661895383525 359.7980651855469 36
1661895384069 404.8522033691406 37
1661895384659 453.3862609863281 38
1661895385264 508.48614501953125 39
1661895385941 578.6723022460938 40
1661895386485 660.7928466796875 41
1661895387078 755.141357421875 42
1661895387613 863.4810180664062 43
1661895388150 981.7472534179688 44
1661895388709 1105.0284423828125 45
1661895389274 1238.3427734375 46
1661895389824 1353.9366455078125 47
1661895390359 1479.1627197265625 48
1661895390878 1616.99853515625 49
1661895391401 1767.43505859375 50
1661895391941 1940.4345703125 51
1661895392457 2141.4189453125 52
1661895392995 2373.296875 53
1661895393553 2645.118408203125 54
1661895394120 2950.021240234375 55
1661895394660 3300.99365234375 56
1661895395191 3702.270751953125 57
1661895395740 4188.7939453125 58
1661895396288 4719.45703125 59
1661895396830 5328.94677734375 60
1661895397378 6035.9404296875 61
1661895397922 6874.6943359375 62
1661895398472 7807.87890625 63
1661895399018 8803.5107421875 64
1661895399568 9956.26171875 65
1661895400112 11287.876953125 66
1661895400655 12740.7646484375 67
1661895401207 14263.7138671875 68
