1661895363420 4.945489883422852 0
1661895364369 4.637099742889404 1
1661895365009 5.365678310394287 2
1661895365559 5.673436641693115 3
1661895366102 5.979677677154541 4
1661895366648 6.088282108306885 5
1661895367197 6.686841011047363 6
1661895367745 7.534412384033203 7
1661895368293 8.996665954589844 8
1661895368840 9.91681957244873 9
1661895369384 12.017961502075195 10
1661895369925 15.443045616149902 11
1661895370450 17.765682220458984 12
1661895370998 21.033498764038086 13
1661895371532 23.340538024902344 14
1661895372079 25.322444915771484 15
1661895372626 26.679935455322266 16
1661895373171 29.054279327392578 17
1661895373741 31.72225570678711 18
1661895374277 35.58268356323242 19
1661895374822 40.20375442504883 20
1661895375363 46.70228576660156 21
1661895375905 53.6397819519043 22
1661895376443 61.75259017944336 23
1661895376988 69.17535400390625 24
1661895377524 77.56808471679688 25
1661895378074 86.70177459716797 26
1661895378618 95.18612670898438 27
1661895379163 104.62968444824219 28
1661895379712 115.23828887939453 29
1661895380250 127.48504638671875 30
1661895380818 141.38572692871094 31
1661895381365 157.58407592773438 32
1661895381903 176.38656616210938 33
1661895382422 198.16908264160156 34
1661895382990 222.3153533935547 35
1661895383528 250.46633911132812 36
1661895384072 281.66400146484375 37
1661895384661 315.26641845703125 38
1661895385266 353.60015869140625 39
1661895385943 402.421142578125 40
1661895386488 459.4521179199219 41
1661895387080 525.3333129882812 42
1661895387615 601.3672485351562 43
1661895388152 684.1350708007812 44
1661895388711 770.017578125 45
1661895389276 860.5235595703125 46
1661895389826 941.4408569335938 47
1661895390361 1029.4229736328125 48
1661895390880 1125.681396484375 49
1661895391403 1230.9510498046875 50
1661895391943 1351.46484375 51
1661895392459 1491.39892578125 52
1661895392998 1652.5921630859375 53
1661895393555 1841.283203125 54
1661895394122 2053.07421875 55
1661895394662 2297.241455078125 56
1661895395194 2576.696044921875 57
1661895395742 2915.425048828125 58
1661895396290 3285.26416015625 59
1661895396832 3709.8017578125 60
1661895397381 4201.66162109375 61
1661895397924 4785.0966796875 62
1661895398475 5434.16748046875 63
1661895399020 6126.595703125 64
1661895399570 6928.734375 65
1661895400115 7855.0986328125 66
1661895400657 8866.3681640625 67
1661895401209 9926.275390625 68
