1661895363416 0.10959871113300323 0
1661895364365 0.09292945265769958 1
1661895365006 0.14340756833553314 2
1661895365555 0.17428678274154663 3
1661895366099 0.20516906678676605 4
1661895366645 0.22650165855884552 5
1661895367193 0.3038616180419922 6
1661895367741 0.4422318935394287 7
1661895368290 0.6285454034805298 8
1661895368837 0.7619986534118652 9
1661895369381 0.9318510293960571 10
1661895369922 0.995840311050415 11
1661895370446 0.9997870326042175 12
1661895370994 0.9999903440475464 13
1661895371529 0.9999996423721313 14
1661895372076 1.0 15
1661895372623 1.0 16
1661895373168 1.0 17
1661895373738 1.0 18
1661895374274 1.0 19
1661895374819 1.0 20
1661895375359 1.0 21
1661895375902 1.0 22
1661895376439 1.0 23
1661895376985 1.0 24
1661895377521 1.0 25
1661895378071 1.0 26
1661895378615 1.0 27
1661895379159 1.0 28
1661895379708 1.0 29
1661895380247 1.0 30
1661895380814 1.0 31
1661895381362 1.0 32
1661895381900 1.0 33
1661895382419 1.0 34
1661895382986 1.0 35
1661895383524 1.0 36
1661895384068 1.0 37
1661895384658 1.0 38
1661895385263 1.0 39
1661895385939 1.0 40
1661895386484 1.0 41
1661895387077 1.0 42
1661895387610 1.0 43
1661895388149 1.0 44
1661895388708 1.0 45
1661895389273 1.0 46
1661895389823 1.0 47
1661895390358 1.0 48
1661895390877 1.0 49
1661895391400 1.0 50
1661895391940 1.0 51
1661895392456 1.0 52
1661895392994 1.0 53
1661895393552 1.0 54
1661895394119 1.0 55
1661895394659 1.0 56
1661895395190 1.0 57
1661895395739 1.0 58
1661895396287 1.0 59
1661895396829 1.0 60
1661895397377 1.0 61
1661895397921 1.0 62
1661895398471 1.0 63
1661895399017 1.0 64
1661895399567 1.0 65
1661895400111 1.0 66
1661895400654 1.0 67
1661895401206 1.0 68
