1661895363414 0.06518902629613876 0
1661895364364 0.04241444170475006 1
1661895365005 0.09734003990888596 2
1661895365554 0.12484385073184967 3
1661895366098 0.15663136541843414 4
1661895366644 0.18365657329559326 5
1661895367192 0.2621444761753082 6
1661895367740 0.3873074948787689 7
1661895368288 0.5731805562973022 8
1661895368836 0.741438627243042 9
1661895369380 0.9302510619163513 10
1661895369921 0.9958338737487793 11
1661895370445 0.9997870326042175 12
1661895370993 0.9999903440475464 13
1661895371528 0.9999996423721313 14
1661895372074 1.0 15
1661895372622 1.0 16
1661895373167 1.0 17
1661895373737 1.0 18
1661895374273 1.0 19
1661895374818 1.0 20
1661895375358 1.0 21
1661895375901 1.0 22
1661895376438 1.0 23
1661895376984 1.0 24
1661895377520 1.0 25
1661895378070 1.0 26
1661895378614 1.0 27
1661895379158 1.0 28
1661895379707 1.0 29
1661895380246 1.0 30
1661895380813 1.0 31
1661895381361 1.0 32
1661895381899 1.0 33
1661895382418 1.0 34
1661895382985 1.0 35
1661895383523 1.0 36
1661895384067 1.0 37
1661895384657 1.0 38
1661895385262 1.0 39
1661895385938 1.0 40
1661895386483 1.0 41
1661895387076 1.0 42
1661895387609 1.0 43
1661895388148 1.0 44
1661895388707 1.0 45
1661895389272 1.0 46
1661895389822 1.0 47
1661895390357 1.0 48
1661895390876 1.0 49
1661895391399 1.0 50
1661895391939 1.0 51
1661895392455 1.0 52
1661895392993 1.0 53
1661895393551 1.0 54
1661895394118 1.0 55
1661895394658 1.0 56
1661895395189 1.0 57
1661895395738 1.0 58
1661895396286 1.0 59
1661895396828 1.0 60
1661895397376 1.0 61
1661895397920 1.0 62
1661895398470 1.0 63
1661895399016 1.0 64
1661895399566 1.0 65
1661895400110 1.0 66
1661895400653 1.0 67
1661895401205 1.0 68
