1657514027512 0.06518902629613876 0
1657514028062 0.04241444170475006 1
1657514028711 0.09747130423784256 2
1657514028997 0.12542128562927246 3
1657514029263 0.1584530621767044 4
1657514029522 0.1883729100227356 5
1657514029797 0.27296262979507446 6
1657514030050 0.407425194978714 7
1657514030306 0.6003465056419373 8
1657514030566 0.7581319808959961 9
1657514030818 0.9182312488555908 10
1657514031097 0.9884781241416931 11
1657514031353 0.99580317735672 12
1657514031618 0.9963317513465881 13
1657514031888 0.9885982275009155 14
1657514032151 0.8615866899490356 15
1657514032453 0.18050311505794525 16
1657514032711 0.004697716329246759 17
1657514032982 2.6504954803385772e-05 18
1657514033237 2.1332071753477067e-07 19
1657514033489 2.9325675221514302e-09 20
1657514033761 4.041883772121224e-10 21
1657514034026 4.913725537569746e-10 22
1657514034457 4.1616196710947406e-08 23
1657514034886 2.9163813906052383e-06 24
1657514035153 0.0009124724892899394 25
1657514035425 0.39230209589004517 26
1657514035692 0.9781274795532227 27
1657514035953 0.9993731379508972 28
1657514036209 0.9999518394470215 29
1657514036470 0.999992847442627 30
1657514036724 0.999997615814209 31
1657514037046 0.9999990463256836 32
1657514037303 0.9999997615814209 33
1657514037553 1.0 34
1657514037868 1.0 35
1657514038118 1.0 36
1657514038373 1.0 37
1657514038625 1.0 38
1657514038876 1.0 39
1657514039127 1.0 40
1657514039388 1.0 41
1657514039641 1.0 42
1657514039897 1.0 43
1657514040176 1.0 44
1657514040446 1.0 45
1657514040703 1.0 46
1657514040964 1.0 47
1657514041218 1.0 48
1657514041471 0.9999978542327881 49
1657514041724 0.9999558925628662 50
1657514041994 0.9972109198570251 51
1657514042263 0.8542871475219727 52
1657514042515 0.10469559580087662 53
1657514042810 0.0012107787188142538 54
1657514043091 1.7031306924764067e-05 55
1657514043345 8.938663995650131e-07 56
1657514043597 2.1247451797989925e-07 57
1657514043863 5.170738290871668e-07 58
1657514044115 1.0738826858869288e-05 59
1657514044369 0.00035976830986328423 60
1657514044621 0.0028017591685056686 61
1657514044870 0.003412347286939621 62
1657514045120 0.00015790997713338584 63
1657514045373 1.0433778641072422e-07 64
1657514045623 6.069079700604663e-12 65
1657514045873 1.0496308536155652e-16 66
1657514046127 2.3767803824315224e-20 67
1657514046378 5.391942542187414e-23 68
