1657514027513 0.0 0
1657514028063 0.009577912278473377 1
1657514028712 0.027750037610530853 2
1657514028999 0.09695754200220108 3
1657514029264 0.27035680413246155 4
1657514029524 0.6188150644302368 5
1657514029798 1.1646368503570557 6
1657514030051 2.056992530822754 7
1657514030308 3.4612925052642822 8
1657514030567 5.596368789672852 9
1657514030819 7.8301167488098145 10
1657514031099 10.075335502624512 11
1657514031354 11.780900001525879 12
1657514031619 12.442153930664062 13
1657514031889 11.840960502624512 14
1657514032152 10.14188289642334 15
1657514032454 7.573144912719727 16
1657514032713 3.7678091526031494 17
1657514032984 -0.9427615404129028 18
1657514033239 -5.567314147949219 19
1657514033490 -9.1603422164917 20
1657514033763 -10.878006935119629 21
1657514034027 -10.298986434936523 22
1657514034458 -7.587700366973877 23
1657514034888 -3.3688135147094727 24
1657514035154 1.4242905378341675 25
1657514035426 5.887956619262695 26
1657514035693 9.31076717376709 27
1657514035954 12.07441520690918 28
1657514036210 14.015782356262207 29
1657514036472 15.076179504394531 30
1657514036725 15.592867851257324 31
1657514037047 15.982375144958496 32
1657514037304 16.734472274780273 33
1657514037554 18.280668258666992 34
1657514037870 20.687458038330078 35
1657514038120 23.8099365234375 36
1657514038374 26.89375877380371 37
1657514038626 28.989971160888672 38
1657514038878 29.760847091674805 39
1657514039129 28.996335983276367 40
1657514039389 26.932270050048828 41
1657514039642 24.53447151184082 42
1657514039898 22.767621994018555 43
1657514040178 22.116056442260742 44
1657514040448 22.218130111694336 45
1657514040705 22.307849884033203 46
1657514040965 21.75235939025879 47
1657514041219 20.239055633544922 48
1657514041473 17.611921310424805 49
1657514041726 14.076593399047852 50
1657514041998 9.80112075805664 51
1657514042265 5.327002048492432 52
1657514042516 1.1411546468734741 53
1657514042812 -3.36112904548645 54
1657514043093 -7.2013468742370605 55
1657514043346 -9.596659660339355 56
1657514043599 -9.882174491882324 57
1657514043864 -7.748055934906006 58
1657514044117 -3.7998085021972656 59
1657514044370 1.1864885091781616 60
1657514044622 6.023200988769531 61
1657514044871 9.450644493103027 62
1657514045121 10.229990005493164 63
1657514045374 8.259305000305176 64
1657514045624 3.9310619831085205 65
1657514045874 -1.7396368980407715 66
1657514046129 -6.980713844299316 67
1657514046379 -10.383360862731934 68
