1657514027525 0.004173567984253168 0
1657514028095 0.003946711774915457 1
1657514028725 0.004393869079649448 2
1657514029008 0.004549290053546429 3
1657514029274 0.004638927057385445 4
1657514029534 0.004438305273652077 5
1657514029808 0.004547347780317068 6
1657514030061 0.004663347266614437 7
1657514030319 0.004973519127815962 8
1657514030577 0.004412326030433178 9
1657514030829 0.0044561768881976604 10
1657514031108 0.00451025040820241 11
1657514031365 0.004501336254179478 12
1657514031630 0.004979753866791725 13
1657514031899 0.004964514635503292 14
1657514032162 0.005291110835969448 15
1657514032464 0.005293403286486864 16
1657514032723 0.0054218522273004055 17
1657514032994 0.005489385221153498 18
1657514033249 0.005607453640550375 19
1657514033500 0.005653245374560356 20
1657514033773 0.0058830976486206055 21
1657514034038 0.005670721177011728 22
1657514034469 0.00556893739849329 23
1657514034898 0.005465250462293625 24
1657514035164 0.0054654330015182495 25
1657514035437 0.005042022559791803 26
1657514035703 0.004867703653872013 27
1657514035964 0.004854960832744837 28
1657514036221 0.0046249208971858025 29
1657514036482 0.004662609193474054 30
1657514036735 0.004775418899953365 31
1657514037058 0.005033247172832489 32
1657514037314 0.005344245117157698 33
1657514037564 0.00542260380461812 34
1657514037880 0.005763814318925142 35
1657514038130 0.005891537759453058 36
1657514038384 0.005600074306130409 37
1657514038636 0.005621935706585646 38
1657514038887 0.00649143336340785 39
1657514039139 0.006876092869788408 40
1657514039399 0.007020376622676849 41
1657514039652 0.007142576854676008 42
1657514039908 0.0069474526681005955 43
1657514040187 0.006430139299482107 44
1657514040458 0.006276980042457581 45
1657514040714 0.004780557006597519 46
1657514040975 0.004623274318873882 47
1657514041229 0.004602642729878426 48
1657514041483 0.004512461367994547 49
1657514041736 0.004708772990852594 50
1657514042009 0.004954920150339603 51
1657514042274 0.005181262269616127 52
1657514042526 0.00550847640261054 53
1657514042821 0.005587103310972452 54
1657514043103 0.005804861430078745 55
1657514043356 0.005981402471661568 56
1657514043608 0.006530048791319132 57
1657514043874 0.006382399704307318 58
1657514044126 0.006561636924743652 59
1657514044380 0.006803423166275024 60
1657514044632 0.007193040568381548 61
1657514044881 0.007112993858754635 62
1657514045131 0.006734393537044525 63
1657514045384 0.006915985140949488 64
1657514045634 0.007087244652211666 65
1657514045884 0.006847811862826347 66
1657514046138 0.006360009778290987 67
1657514046389 0.006227707024663687 68
