1657514027526 0.0 0
1657514028096 1.0874191522598267 1
1657514028726 2.9520349502563477 2
1657514029010 5.674744129180908 3
1657514029275 8.704647064208984 4
1657514029535 11.499527931213379 5
1657514029809 13.433984756469727 6
1657514030062 14.429243087768555 7
1657514030320 14.503031730651855 8
1657514030578 14.112310409545898 9
1657514030830 13.829739570617676 10
1657514031109 13.95681381225586 11
1657514031366 14.3960599899292 12
1657514031631 14.611720085144043 13
1657514031900 14.480979919433594 14
1657514032164 14.272321701049805 15
1657514032465 14.267136573791504 16
1657514032724 14.045610427856445 17
1657514032995 14.1221923828125 18
1657514033250 14.87956428527832 19
1657514033501 15.854474067687988 20
1657514033774 16.186077117919922 21
1657514034039 15.338777542114258 22
1657514034470 13.467789649963379 23
1657514034899 11.187065124511719 24
1657514035165 10.139934539794922 25
1657514035438 11.292710304260254 26
1657514035704 13.463345527648926 27
1657514035965 16.165348052978516 28
1657514036222 19.08045196533203 29
1657514036483 21.86608123779297 30
1657514036736 24.66826629638672 31
1657514037059 27.48306655883789 32
1657514037315 30.279361724853516 33
1657514037565 32.93843460083008 34
1657514037882 35.29764175415039 35
1657514038131 37.539424896240234 36
1657514038385 39.573211669921875 37
1657514038637 40.993431091308594 38
1657514038888 41.714622497558594 39
1657514039140 41.88040542602539 40
1657514039400 41.70310592651367 41
1657514039653 41.2022819519043 42
1657514039909 40.041847229003906 43
1657514040189 38.057281494140625 44
1657514040459 35.54328155517578 45
1657514040716 32.760372161865234 46
1657514040976 30.129985809326172 47
1657514041231 27.153230667114258 48
1657514041484 23.88277244567871 49
1657514041737 20.48565673828125 50
1657514042010 17.092365264892578 51
1657514042276 14.02295207977295 52
1657514042527 11.439623832702637 53
1657514042822 9.950760841369629 54
1657514043104 10.469670295715332 55
1657514043357 11.777898788452148 56
1657514043610 12.306553840637207 57
1657514043875 11.680052757263184 58
1657514044128 11.275374412536621 59
1657514044381 13.395750999450684 60
1657514044633 18.31955909729004 61
1657514044882 24.47428321838379 62
1657514045132 30.224740982055664 63
1657514045385 35.16856384277344 64
1657514045635 40.28251266479492 65
1657514045885 46.02959442138672 66
1657514046139 51.77949142456055 67
1657514046390 56.566524505615234 68
