1657514027528 0.0 0
1657514028098 0.009577912278473377 1
1657514028728 0.029406704008579254 2
1657514029011 0.09695754200220108 3
1657514029276 0.27035680413246155 4
1657514029536 0.6188150644302368 5
1657514029810 1.1646368503570557 6
1657514030063 2.056992530822754 7
1657514030322 3.4612925052642822 8
1657514030580 5.596368789672852 9
1657514030832 7.8301167488098145 10
1657514031111 10.075335502624512 11
1657514031367 11.780900001525879 12
1657514031632 12.442153930664062 13
1657514031901 11.840960502624512 14
1657514032165 10.14188289642334 15
1657514032466 7.573144912719727 16
1657514032725 3.7678091526031494 17
1657514032996 0.5924070477485657 18
1657514033251 1.039190411567688 19
1657514033502 1.5167306661605835 20
1657514033775 2.3174314498901367 21
1657514034041 3.2295725345611572 22
1657514034471 4.23748779296875 23
1657514034900 4.6612548828125 24
1657514035166 4.572812080383301 25
1657514035439 5.887956619262695 26
1657514035705 9.31076717376709 27
1657514035966 12.07441520690918 28
1657514036223 14.015782356262207 29
1657514036484 15.076179504394531 30
1657514036737 15.592867851257324 31
1657514037061 15.982375144958496 32
1657514037316 16.734472274780273 33
1657514037566 18.280668258666992 34
1657514037883 20.687458038330078 35
1657514038132 23.8099365234375 36
1657514038386 26.89375877380371 37
1657514038639 28.989971160888672 38
1657514038890 29.760847091674805 39
1657514039141 28.996335983276367 40
1657514039401 26.932270050048828 41
1657514039655 24.53447151184082 42
1657514039910 22.767621994018555 43
1657514040190 22.116056442260742 44
1657514040460 22.218130111694336 45
1657514040717 22.307849884033203 46
1657514040977 21.75235939025879 47
1657514041232 20.239055633544922 48
1657514041485 17.611921310424805 49
1657514041738 14.076593399047852 50
1657514042011 9.80112075805664 51
1657514042277 5.327002048492432 52
1657514042528 3.9587666988372803 53
1657514042823 3.3406665325164795 54
1657514043105 2.0281026363372803 55
1657514043358 1.2262091636657715 56
1657514043611 2.1395771503448486 57
1657514043876 3.2177631855010986 58
1657514044129 4.296690464019775 59
1657514044382 5.689322471618652 60
1657514044634 7.824742794036865 61
1657514044883 11.16443920135498 62
1657514045133 15.624407768249512 63
1657514045386 20.668127059936523 64
1657514045636 26.09311866760254 65
1657514045886 31.166507720947266 66
1657514046140 35.0527458190918 67
1657514046391 37.55344772338867 68
