1657514027523 0.5826432108879089 0
1657514028093 0.6053287982940674 1
1657514028724 0.5606130957603455 2
1657514029007 0.545071005821228 3
1657514029273 0.5361073017120361 4
1657514029533 0.5561694502830505 5
1657514029807 0.5452651977539062 6
1657514030060 0.5336652398109436 7
1657514030318 0.5026480555534363 8
1657514030576 0.5587673783302307 9
1657514030828 0.55438232421875 10
1657514031107 0.5489749312400818 11
1657514031363 0.5498663783073425 12
1657514031629 0.5020245909690857 13
1657514031898 0.5035485029220581 14
1657514032161 0.4708889126777649 15
1657514032463 0.47065967321395874 16
1657514032722 0.4578147530555725 17
1657514032992 0.4510614573955536 18
1657514033247 0.43925461173057556 19
1657514033499 0.4346754848957062 20
1657514033772 0.41169020533561707 21
1657514034037 0.43292784690856934 22
1657514034468 0.4431062340736389 23
1657514034897 0.4534749388694763 24
1657514035163 0.45345669984817505 25
1657514035436 0.4957977533340454 26
1657514035702 0.5132296085357666 27
1657514035963 0.5145038962364197 28
1657514036220 0.5375078916549683 29
1657514036481 0.5337390899658203 30
1657514036734 0.5224580764770508 31
1657514037057 0.4966752231121063 32
1657514037313 0.4655754864215851 33
1657514037563 0.45773962140083313 34
1657514037879 0.4236185550689697 35
1657514038128 0.4108462631702423 36
1657514038383 0.4399925172328949 37
1657514038635 0.4378064274787903 38
1657514038886 0.3508566617965698 39
1657514039138 0.31239065527915955 40
1657514039398 0.2979622781276703 41
1657514039651 0.28574228286743164 42
1657514039907 0.305254727602005 43
1657514040186 0.35698607563972473 44
1657514040456 0.37230199575424194 45
1657514040713 0.5219442844390869 46
1657514040974 0.5376725792884827 47
1657514041228 0.539735734462738 48
1657514041482 0.5487538576126099 49
1657514041735 0.5291227102279663 50
1657514042008 0.5045079588890076 51
1657514042273 0.4818737804889679 52
1657514042525 0.4491523504257202 53
1657514042820 0.44128966331481934 54
1657514043102 0.4195137917995453 55
1657514043355 0.40185976028442383 56
1657514043607 0.34699511528015137 57
1657514043873 0.3617600202560425 58
1657514044125 0.34383633732795715 59
1657514044379 0.31965771317481995 60
1657514044631 0.28069591522216797 61
1657514044880 0.28870058059692383 62
1657514045130 0.3265605866909027 63
1657514045383 0.3084014356136322 64
1657514045633 0.2912755012512207 65
1657514045883 0.3152187764644623 66
1657514046137 0.36399900913238525 67
1657514046388 0.3772292733192444 68
