1657514027520 0.06518902629613876 0
1657514028091 0.04121652618050575 1
1657514028721 0.0910198837518692 2
1657514029005 0.10736466944217682 3
1657514029271 0.11555568873882294 4
1657514029530 0.10123251378536224 5
1657514029805 0.10188926011323929 6
1657514030058 0.09435892105102539 7
1657514030316 0.08492255210876465 8
1657514030574 0.026213865727186203 9
1657514030826 0.01218829583376646 10
1657514031105 0.011199425905942917 11
1657514031361 0.00273145642131567 12
1657514031626 0.001148662413470447 13
1657514031895 0.0005791218136437237 14
1657514032159 0.00022485047520603985 15
1657514032461 0.00010465132800163701 16
1657514032720 0.00010713283700169995 17
1657514032990 7.676719542359933e-05 18
1657514033245 7.838008605176583e-05 19
1657514033497 5.354617314878851e-05 20
1657514033769 6.66703563183546e-05 21
1657514034035 7.055231253616512e-05 22
1657514034466 0.00017110648332163692 23
1657514034894 0.00020133249927312136 24
1657514035160 0.0005006029969081283 25
1657514035433 0.003096218453720212 26
1657514035700 0.004830247722566128 27
1657514035960 0.008337246254086494 28
1657514036218 0.013148091733455658 29
1657514036478 0.02588621899485588 30
1657514036732 0.04294699802994728 31
1657514037055 0.059898748993873596 32
1657514037311 0.07137022912502289 33
1657514037561 0.08780523389577866 34
1657514037877 0.07881788909435272 35
1657514038126 0.082606740295887 36
1657514038381 0.07259760051965714 37
1657514038633 0.08432138711214066 38
1657514038884 0.09909941256046295 39
1657514039135 0.09333924949169159 40
1657514039396 0.05253281071782112 41
1657514039649 0.03575977683067322 42
1657514039905 0.04786703735589981 43
1657514040184 0.06249590218067169 44
1657514040454 0.05272795632481575 45
1657514040711 0.0016429717652499676 46
1657514040972 0.002577355597168207 47
1657514041226 0.006903162691742182 48
1657514041480 0.008089443668723106 49
1657514041732 0.017014240846037865 50
1657514042005 0.02082449570298195 51
1657514042271 0.032169733196496964 52
1657514042522 0.0391760915517807 53
1657514042818 0.035330630838871 54
1657514043099 0.026444613933563232 55
1657514043353 0.02302558533847332 56
1657514043605 0.016393231227993965 57
1657514043871 0.010026030242443085 58
1657514044123 0.012737867422401905 59
1657514044376 0.013578535988926888 60
1657514044629 0.008648421615362167 61
1657514044878 0.009070266038179398 62
1657514045128 0.013843010179698467 63
1657514045381 0.010727157816290855 64
1657514045631 0.01042651105672121 65
1657514045881 0.007815451361238956 66
1657514046135 0.01196838915348053 67
1657514046386 0.010134536772966385 68
