1657514027519 4.945489883422852 0
1657514028089 4.628969192504883 1
1657514028719 5.338456153869629 2
1657514029004 5.5791425704956055 3
1657514029269 5.72028923034668 4
1657514029529 5.501220703125 5
1657514029804 5.588585376739502 6
1657514030057 5.699963092803955 7
1657514030314 6.265076637268066 8
1657514030573 5.491558074951172 9
1657514030825 5.3373918533325195 10
1657514031104 5.55694580078125 11
1657514031360 5.008918762207031 12
1657514031625 6.334540843963623 13
1657514031894 6.604435443878174 14
1657514032158 6.907073020935059 15
1657514032460 6.73732852935791 16
1657514032719 6.9368486404418945 17
1657514032989 7.32749080657959 18
1657514033244 7.760468006134033 19
1657514033495 7.842499732971191 20
1657514033768 8.176217079162598 21
1657514034034 7.881974697113037 22
1657514034464 7.963989734649658 23
1657514034893 7.647932052612305 24
1657514035159 7.726744651794434 25
1657514035432 6.778115272521973 26
1657514035698 6.464194297790527 27
1657514035959 6.290230751037598 28
1657514036217 5.796422004699707 29
1657514036477 5.333103656768799 30
1657514036731 5.730841636657715 31
1657514037053 5.924683094024658 32
1657514037310 6.458364963531494 33
1657514037560 6.44963264465332 34
1657514037876 7.073030948638916 35
1657514038125 7.135159015655518 36
1657514038380 6.651759147644043 37
1657514038632 6.69996452331543 38
1657514038883 7.9430317878723145 39
1657514039134 8.48668098449707 40
1657514039395 8.676446914672852 41
1657514039648 8.910076141357422 42
1657514039904 8.790947914123535 43
1657514040183 8.23830795288086 44
1657514040453 8.140825271606445 45
1657514040710 6.079981803894043 46
1657514040971 5.528508186340332 47
1657514041225 5.488808631896973 48
1657514041479 5.011496067047119 49
1657514041731 5.514077186584473 50
1657514042004 6.038118362426758 51
1657514042270 6.1143269538879395 52
1657514042521 6.663490295410156 53
1657514042817 6.964791774749756 54
1657514043098 7.272259712219238 55
1657514043352 7.607668876647949 56
1657514043604 8.318090438842773 57
1657514043870 8.098931312561035 58
1657514044122 8.230548858642578 59
1657514044375 8.574712753295898 60
1657514044628 8.98975944519043 61
1657514044877 8.959135055541992 62
1657514045126 8.531354904174805 63
1657514045380 8.752145767211914 64
1657514045630 9.103862762451172 65
1657514045880 8.81035327911377 66
1657514046134 8.15323543548584 67
1657514046385 8.0891752243042 68
