1657514027521 0.06518902629613876 0
1657514028092 0.04241444170475006 1
1657514028722 0.09747130423784256 2
1657514029006 0.12542128562927246 3
1657514029272 0.1584530621767044 4
1657514029531 0.1883729100227356 5
1657514029806 0.27296262979507446 6
1657514030059 0.407425194978714 7
1657514030317 0.6003465056419373 8
1657514030575 0.7581319808959961 9
1657514030827 0.9182312488555908 10
1657514031106 0.9884781241416931 11
1657514031362 0.99580317735672 12
1657514031627 0.9963317513465881 13
1657514031897 0.9885982275009155 14
1657514032160 0.8615866899490356 15
1657514032462 0.18050311505794525 16
1657514032721 0.004697716329246759 17
1657514032991 2.6504954803385772e-05 18
1657514033246 2.1332071753477067e-07 19
1657514033498 2.9325675221514302e-09 20
1657514033771 4.041883772121224e-10 21
1657514034036 4.913725537569746e-10 22
1657514034467 4.1616196710947406e-08 23
1657514034896 2.9163813906052383e-06 24
1657514035161 0.0009124724892899394 25
1657514035434 0.39230209589004517 26
1657514035701 0.9781274795532227 27
1657514035961 0.9993731379508972 28
1657514036219 0.9999518394470215 29
1657514036479 0.999992847442627 30
1657514036733 0.999997615814209 31
1657514037056 0.9999990463256836 32
1657514037312 0.9999997615814209 33
1657514037562 1.0 34
1657514037878 1.0 35
1657514038127 1.0 36
1657514038382 1.0 37
1657514038634 1.0 38
1657514038885 1.0 39
1657514039136 1.0 40
1657514039397 1.0 41
1657514039650 1.0 42
1657514039906 1.0 43
1657514040185 1.0 44
1657514040455 1.0 45
1657514040712 1.0 46
1657514040973 1.0 47
1657514041227 1.0 48
1657514041481 0.9999978542327881 49
1657514041734 0.9999558925628662 50
1657514042007 0.9972109198570251 51
1657514042272 0.8542871475219727 52
1657514042524 0.10469559580087662 53
1657514042819 0.0012107787188142538 54
1657514043100 1.7031306924764067e-05 55
1657514043354 8.938663995650131e-07 56
1657514043606 2.1247451797989925e-07 57
1657514043872 5.170738290871668e-07 58
1657514044124 1.0738826858869288e-05 59
1657514044378 0.00035976830986328423 60
1657514044630 0.0028017591685056686 61
1657514044879 0.003412347286939621 62
1657514045129 0.00015790997713338584 63
1657514045382 1.0433778641072422e-07 64
1657514045632 6.069079700604663e-12 65
1657514045882 1.0496308536155652e-16 66
1657514046136 2.3767803824315224e-20 67
1657514046387 5.391942542187414e-23 68
