1657514027514 0.10959871113300323 0
1657514028065 0.09292945265769958 1
1657514028714 0.14356745779514313 2
1657514029000 0.17498059570789337 3
1657514029265 0.20711471140384674 4
1657514029525 0.2311651110649109 5
1657514029799 0.3138231337070465 6
1657514030052 0.45889684557914734 7
1657514030309 0.6470201015472412 8
1657514030569 0.7737475037574768 9
1657514030820 0.9199674725532532 10
1657514031100 0.9885136485099792 11
1657514031355 0.9958047270774841 12
1657514031620 0.9963319897651672 13
1657514031890 0.988599419593811 14
1657514032153 0.8618611693382263 15
1657514032456 0.22097384929656982 16
1657514032714 0.1701771765947342 17
1657514032985 0.19206838309764862 18
1657514033240 0.23522645235061646 19
1657514033491 0.2905064821243286 20
1657514033764 0.40153029561042786 21
1657514034028 0.5582490563392639 22
1657514034459 0.31614646315574646 23
1657514034889 0.42567819356918335 24
1657514035155 0.4284648001194 25
1657514035428 0.44313549995422363 26
1657514035694 0.9781388640403748 27
1657514035955 0.9993731379508972 28
1657514036211 0.9999518394470215 29
1657514036473 0.999992847442627 30
1657514036726 0.999997615814209 31
1657514037049 0.9999990463256836 32
1657514037305 0.9999997615814209 33
1657514037555 1.0 34
1657514037871 1.0 35
1657514038121 1.0 36
1657514038375 1.0 37
1657514038628 1.0 38
1657514038879 1.0 39
1657514039130 1.0 40
1657514039391 1.0 41
1657514039643 1.0 42
1657514039899 1.0 43
1657514040179 1.0 44
1657514040449 1.0 45
1657514040706 1.0 46
1657514040967 1.0 47
1657514041221 1.0 48
1657514041474 0.9999978542327881 49
1657514041727 0.9999558925628662 50
1657514041999 0.9972110390663147 51
1657514042266 0.8549659252166748 52
1657514042517 0.22059978544712067 53
1657514042813 0.2122066468000412 54
1657514043094 0.3047771453857422 55
1657514043348 0.49907466769218445 56
1657514043600 0.7761776447296143 57
1657514043865 0.8679889440536499 58
1657514044118 0.9646417498588562 59
1657514044371 0.9940519332885742 60
1657514044623 0.9968469142913818 61
1657514044872 0.9965824484825134 62
1657514045122 0.9998419284820557 63
1657514045375 0.9999998807907104 64
1657514045625 1.0 65
1657514045876 1.0 66
1657514046130 1.0 67
1657514046381 1.0 68
