1657514027517 32.840763092041016 0
1657514028068 30.434907913208008 1
1657514028717 32.862613677978516 2
1657514029002 34.78822326660156 3
1657514029267 37.395660400390625 4
1657514029527 38.73207092285156 5
1657514029802 40.95459747314453 6
1657514030055 43.03636932373047 7
1657514030311 45.62961959838867 8
1657514030571 45.91474533081055 9
1657514030822 48.826446533203125 10
1657514031102 51.73722457885742 11
1657514031358 53.74867248535156 12
1657514031623 65.38309478759766 13
1657514031892 64.5014419555664 14
1657514032156 70.76612854003906 15
1657514032458 70.90434265136719 16
1657514032716 74.29206085205078 17
1657514032987 78.92179107666016 18
1657514033242 80.52476501464844 19
1657514033493 81.83106994628906 20
1657514033766 83.35065460205078 21
1657514034031 80.81163024902344 22
1657514034462 85.17807006835938 23
1657514034891 81.73057556152344 24
1657514035157 79.933349609375 25
1657514035430 69.29053497314453 26
1657514035696 67.6515121459961 27
1657514035957 65.00059509277344 28
1657514036214 60.61968231201172 29
1657514036475 58.60264587402344 30
1657514036729 55.6058349609375 31
1657514037051 57.90670394897461 32
1657514037307 59.57819366455078 33
1657514037557 60.246463775634766 34
1657514037873 62.5137939453125 35
1657514038123 64.29376983642578 36
1657514038377 63.56972885131836 37
1657514038630 64.50581359863281 38
1657514038881 67.86173248291016 39
1657514039132 69.23918914794922 40
1657514039393 67.47045135498047 41
1657514039646 66.75164794921875 42
1657514039902 67.11841583251953 43
1657514040181 65.94166564941406 44
1657514040451 65.46357727050781 45
1657514040708 71.85472106933594 46
1657514040969 66.89738464355469 47
1657514041223 63.30115509033203 48
1657514041476 58.71029281616211 49
1657514041729 57.73625183105469 50
1657514042002 56.57201385498047 51
1657514042268 53.764129638671875 52
1657514042519 52.81778335571289 53
1657514042815 50.73100280761719 54
1657514043096 49.53848648071289 55
1657514043350 49.57130813598633 56
1657514043602 51.62635803222656 57
1657514043868 52.726959228515625 58
1657514044120 51.21904373168945 59
1657514044373 53.378814697265625 60
1657514044626 56.1568717956543 61
1657514044874 59.96724319458008 62
1657514045124 62.24778366088867 63
1657514045378 65.8087158203125 64
1657514045628 71.0770034790039 65
1657514045878 75.29612731933594 66
1657514046132 77.8839340209961 67
1657514046383 82.04235076904297 68
