1657514027518 4.945489883422852 0
1657514028071 4.637099742889404 1
1657514028718 5.366206169128418 2
1657514029003 5.676100254058838 3
1657514029268 5.990645885467529 4
1657514029528 6.120035648345947 5
1657514029803 6.753222465515137 6
1657514030056 7.646848678588867 7
1657514030313 9.13303279876709 8
1657514030572 9.928464889526367 9
1657514030824 11.555816650390625 10
1657514031103 13.844929695129395 11
1657514031359 14.229458808898926 12
1657514031624 14.79205322265625 13
1657514031893 13.396430015563965 14
1657514032157 11.256982803344727 15
1657514032459 7.9211931228637695 16
1657514032717 7.213284015655518 17
1657514032988 7.8211822509765625 18
1657514033243 8.610186576843262 19
1657514033494 9.340506553649902 20
1657514033767 10.3361177444458 21
1657514034032 11.111547470092773 22
1657514034463 9.430146217346191 23
1657514034892 9.807291030883789 24
1657514035158 9.68783950805664 25
1657514035431 9.189493179321289 26
1657514035697 12.939750671386719 27
1657514035958 16.140159606933594 28
1657514036215 18.228286743164062 29
1657514036476 19.91342544555664 30
1657514036730 20.828086853027344 31
1657514037052 21.736103057861328 32
1657514037309 22.845809936523438 33
1657514037559 24.56945037841797 34
1657514037874 27.071481704711914 35
1657514038124 30.286991119384766 36
1657514038378 32.91193771362305 37
1657514038631 35.150760650634766 38
1657514038882 36.74274826049805 39
1657514039133 36.33110427856445 40
1657514039394 33.66560363769531 41
1657514039647 30.97065544128418 42
1657514039903 29.504825592041016 43
1657514040182 28.793397903442383 44
1657514040452 28.613676071166992 45
1657514040709 24.75716781616211 46
1657514040970 24.38714027404785 47
1657514041224 23.748891830444336 48
1657514041477 21.115751266479492 49
1657514041730 18.45632553100586 50
1657514042003 14.512290954589844 51
1657514042269 10.565631866455078 52
1657514042520 6.930818557739258 53
1657514042816 6.910851001739502 54
1657514043097 7.7456278800964355 55
1657514043351 8.833877563476562 56
1657514043603 10.457667350769043 57
1657514043869 11.316694259643555 58
1657514044121 12.527238845825195 59
1657514044374 14.26403522491455 60
1657514044627 16.814502716064453 61
1657514044876 20.123573303222656 62
1657514045125 24.15576171875 63
1657514045379 29.420272827148438 64
1657514045629 35.196983337402344 65
1657514045879 39.97686004638672 66
1657514046133 43.20598220825195 67
1657514046384 45.64262390136719 68
