1657514027516 0.06518902629613876 0
1657514028066 0.05645314231514931 1
1657514028715 0.09747130423784256 2
1657514029001 0.12542128562927246 3
1657514029266 0.1584530621767044 4
1657514029526 0.1883729100227356 5
1657514029800 0.27296262979507446 6
1657514030053 0.407425194978714 7
1657514030310 0.6003465056419373 8
1657514030570 0.7581319808959961 9
1657514030821 0.9182312488555908 10
1657514031101 0.9884781241416931 11
1657514031357 0.99580317735672 12
1657514031622 0.9963317513465881 13
1657514031891 0.9885982275009155 14
1657514032155 0.8615866899490356 15
1657514032457 0.18050311505794525 16
1657514032715 0.08264421671628952 17
1657514032986 0.10141631960868835 18
1657514033241 0.15807755291461945 19
1657514033492 0.22508852183818817 20
1657514033765 0.2995196580886841 21
1657514034029 0.537591278553009 22
1657514034460 0.2605973780155182 23
1657514034890 0.4051415026187897 24
1657514035156 0.4032582938671112 25
1657514035429 0.39230209589004517 26
1657514035695 0.9781274795532227 27
1657514035956 0.9993731379508972 28
1657514036213 0.9999518394470215 29
1657514036474 0.999992847442627 30
1657514036728 0.999997615814209 31
1657514037050 0.9999990463256836 32
1657514037306 0.9999997615814209 33
1657514037556 1.0 34
1657514037872 1.0 35
1657514038122 1.0 36
1657514038376 1.0 37
1657514038629 1.0 38
1657514038880 1.0 39
1657514039131 1.0 40
1657514039392 1.0 41
1657514039644 1.0 42
1657514039901 1.0 43
1657514040180 1.0 44
1657514040450 1.0 45
1657514040707 1.0 46
1657514040968 1.0 47
1657514041222 1.0 48
1657514041475 0.9999978542327881 49
1657514041728 0.9999558925628662 50
1657514042001 0.9972109198570251 51
1657514042267 0.8542871475219727 52
1657514042518 0.12139453738927841 53
1657514042814 0.14180907607078552 54
1657514043095 0.2668021023273468 55
1657514043349 0.48603734374046326 56
1657514043601 0.774013102054596 57
1657514043866 0.8669414520263672 58
1657514044119 0.9645764827728271 59
1657514044372 0.9940506815910339 60
1657514044625 0.9968429803848267 61
1657514044873 0.9965766072273254 62
1657514045123 0.9998419284820557 63
1657514045377 0.9999998807907104 64
1657514045626 1.0 65
1657514045877 1.0 66
1657514046131 1.0 67
1657514046382 1.0 68
