1657511995393 0.0 0
1657511995792 0.019155824556946754 1
1657511996418 0.06345359981060028 2
1657511996688 0.26938799023628235 3
1657511996942 0.7790300846099854 4
1657511997194 1.725831389427185 5
1657511997446 3.031587839126587 6
1657511997699 4.576630115509033 7
1657511997948 5.3434553146362305 8
1657511998201 4.307005405426025 9
1657511998452 2.017667293548584 10
1657511998705 -1.050541877746582 11
1657511998959 -3.6983869075775146 12
1657511999214 -4.776336669921875 13
1657511999465 -3.734584331512451 14
1657511999716 -0.9809495210647583 15
1657511999971 2.368356466293335 16
1657512000224 4.418843746185303 17
1657512000478 4.1326751708984375 18
1657512000726 1.5713638067245483 19
1657512000978 -1.9912725687026978 20
1657512001227 -4.615184783935547 21
1657512001481 -4.852147102355957 22
1657512001735 -2.5529613494873047 23
1657512001987 0.9800991415977478 24
1657512002238 3.848175525665283 25
1657512002489 4.649104118347168 26
1657512002740 3.3300278186798096 27
1657512002989 0.6494427919387817 28
1657512003236 -2.297499656677246 29
1657512003486 -4.0820183753967285 30
1657512003736 -4.043034553527832 31
1657512003985 -2.130960464477539 32
1657512004235 0.9491044878959656 33
1657512004496 3.918722152709961 34
1657512004801 5.961849212646484 35
1657512005054 6.768586158752441 36
1657512005314 7.0124311447143555 37
1657512005611 7.842498779296875 38
1657512005863 9.408265113830566 39
1657512006113 10.771666526794434 40
1657512006364 9.919605255126953 41
1657512006614 6.704250812530518 42
1657512006863 2.9821102619171143 43
1657512007113 -0.8155084252357483 44
1657512007363 -3.731534242630005 45
1657512007615 -4.314958572387695 46
1657512007866 -2.8250961303710938 47
1657512008118 -0.1690964251756668 48
1657512008368 2.539858102798462 49
1657512008623 4.240747928619385 50
1657512008872 5.194057941436768 51
1657512009121 5.49705171585083 52
1657512009372 5.164361953735352 53
1657512009618 4.333899974822998 54
1657512009867 2.906442165374756 55
1657512010118 -0.1517394632101059 56
1657512010368 -3.2803499698638916 57
1657512010621 -4.748294830322266 58
1657512010869 -3.3929262161254883 59
1657512011116 0.024924088269472122 60
1657512011367 3.4330928325653076 61
1657512011622 4.51320219039917 62
1657512011874 2.3550822734832764 63
1657512012121 -1.3009387254714966 64
1657512012375 -4.2422566413879395 65
1657512012623 -4.386011600494385 66
1657512012874 -1.6655631065368652 67
1657512013125 1.8550376892089844 68
