1657511995392 0.06518902629613876 0
1657511995791 0.04363790526986122 1
1657511996416 0.10392463952302933 2
1657511996686 0.14823991060256958 3
1657511996941 0.22854773700237274 4
1657511997192 0.37032532691955566 5
1657511997445 0.6438536047935486 6
1657511997697 0.8727465867996216 7
1657511997947 0.9378218054771423 8
1657511998199 0.6838164925575256 9
1657511998450 0.09663183987140656 10
1657511998704 0.004640570841729641 11
1657511998958 7.474052108591422e-05 12
1657511999212 9.609487278794404e-06 13
1657511999463 1.197902292915387e-05 14
1657511999715 6.2567662098445e-05 15
1657511999969 0.0008308124379254878 16
1657512000223 0.006799960043281317 17
1657512000477 0.004166014958173037 18
1657512000725 0.0003682867099996656 19
1657512000977 7.256251137732761e-06 20
1657512001226 5.881408355890017e-07 21
1657512001480 3.733649123205396e-07 22
1657512001734 9.934287845680956e-06 23
1657512001985 0.0003387069737073034 24
1657512002236 0.011590439826250076 25
1657512002488 0.16005972027778625 26
1657512002738 0.10093919187784195 27
1657512002988 0.01690766215324402 28
1657512003235 0.0015801088884472847 29
1657512003485 0.00048704660730436444 30
1657512003734 0.0007009289693087339 31
1657512003984 0.005209768656641245 32
1657512004233 0.1069599986076355 33
1657512004494 0.7662479877471924 34
1657512004799 0.9683709144592285 35
1657512005053 0.9905447959899902 36
1657512005313 0.9929317235946655 37
1657512005610 0.9973082542419434 38
1657512005861 0.9994263648986816 39
1657512006112 0.9997517466545105 40
1657512006363 0.9984449744224548 41
1657512006613 0.9450207352638245 42
1657512006861 0.4393715262413025 43
1657512007112 0.0169378649443388 44
1657512007362 0.00015484332107007504 45
1657512007613 1.4856082998448983e-05 46
1657512007864 8.968383190222085e-05 47
1657512008117 0.0041377185843884945 48
1657512008366 0.0800541415810585 49
1657512008622 0.51114422082901 50
1657512008871 0.7911931276321411 51
1657512009119 0.904062807559967 52
1657512009370 0.9011873602867126 53
1657512009617 0.6517732739448547 54
1657512009866 0.021305305883288383 55
1657512010117 2.54252281592926e-05 56
1657512010366 8.166338005821672e-08 57
1657512010619 1.294222684578017e-08 58
1657512010868 7.721047268205439e-08 59
1657512011115 1.245371322511346e-06 60
1657512011366 6.381039383995812e-06 61
1657512011621 2.488158679625485e-05 62
1657512011872 7.714919047430158e-05 63
1657512012119 5.3669657063437626e-05 64
1657512012373 2.8164960895082913e-05 65
1657512012622 2.257676715089474e-05 66
1657512012872 0.0002389669098192826 67
1657512013124 0.001961721107363701 68
