1657511995403 0.008347135968506336 0
1657511995803 0.007893423549830914 1
1657511996428 0.008787738159298897 2
1657511996698 0.009098580107092857 3
1657511996953 0.00927785411477089 4
1657511997204 0.008876610547304153 5
1657511997456 0.009094695560634136 6
1657511997710 0.009326694533228874 7
1657511997959 0.009947038255631924 8
1657511998211 0.008824652060866356 9
1657511998462 0.008912353776395321 10
1657511998715 0.00902050081640482 11
1657511998970 0.009002672508358955 12
1657511999224 0.00995950773358345 13
1657511999475 0.009929029271006584 14
1657511999726 0.010582221671938896 15
1657511999981 0.010586806572973728 16
1657512000234 0.010843704454600811 17
1657512000488 0.010978770442306995 18
1657512000737 0.01121490728110075 19
1657512000989 0.011306490749120712 20
1657512001237 0.011766195297241211 21
1657512001491 0.011341442354023457 22
1657512001746 0.01113787479698658 23
1657512001997 0.01093050092458725 24
1657512002248 0.010930866003036499 25
1657512002500 0.010084045119583607 26
1657512002750 0.009735407307744026 27
1657512003000 0.009709921665489674 28
1657512003247 0.009249841794371605 29
1657512003496 0.009325218386948109 30
1657512003746 0.00955083779990673 31
1657512003995 0.010066494345664978 32
1657512004245 0.010688490234315395 33
1657512004507 0.01084520760923624 34
1657512004811 0.011527628637850285 35
1657512005064 0.011783075518906116 36
1657512005325 0.011200148612260818 37
1657512005621 0.011243871413171291 38
1657512005872 0.0129828667268157 39
1657512006123 0.013752185739576817 40
1657512006374 0.014040753245353699 41
1657512006624 0.014285153709352016 42
1657512006873 0.013894905336201191 43
1657512007123 0.012860278598964214 44
1657512007374 0.012553960084915161 45
1657512007625 0.009561114013195038 46
1657512007876 0.009246548637747765 47
1657512008128 0.009205285459756851 48
1657512008377 0.009024922735989094 49
1657512008633 0.009417545981705189 50
1657512008882 0.009909840300679207 51
1657512009130 0.010362524539232254 52
1657512009382 0.01101695280522108 53
1657512009628 0.011174206621944904 54
1657512009877 0.01160972286015749 55
1657512010128 0.011962804943323135 56
1657512010378 0.013060097582638264 57
1657512010631 0.012764799408614635 58
1657512010880 0.013123273849487305 59
1657512011126 0.013606846332550049 60
1657512011377 0.014386081136763096 61
1657512011632 0.01422598771750927 62
1657512011884 0.01346878707408905 63
1657512012131 0.013831970281898975 64
1657512012384 0.014174489304423332 65
1657512012633 0.013695623725652695 66
1657512012883 0.012720019556581974 67
1657512013135 0.012455414049327374 68
