1657511995405 0.0 0
1657511995805 0.019155824556946754 1
1657511996432 0.07141408324241638 2
1657511996700 0.26938799023628235 3
1657511996955 0.7790300846099854 4
1657511997207 1.725831389427185 5
1657511997458 3.031587839126587 6
1657511997712 4.576630115509033 7
1657511997961 5.3434553146362305 8
1657511998213 4.307005405426025 9
1657511998464 2.017667293548584 10
1657511998718 0.013058836571872234 11
1657511998972 0.09861907362937927 12
1657511999226 0.2734040319919586 13
1657511999477 0.7013108134269714 14
1657511999729 1.5596688985824585 15
1657511999983 2.368356466293335 16
1657512000236 4.418843746185303 17
1657512000490 4.1326751708984375 18
1657512000739 1.5713638067245483 19
1657512000991 0.2795015573501587 20
1657512001239 0.6507895588874817 21
1657512001494 1.3671543598175049 22
1657512001748 2.3514719009399414 23
1657512001999 2.245166063308716 24
1657512002250 3.848175525665283 25
1657512002502 4.649104118347168 26
1657512002752 3.3300278186798096 27
1657512003002 0.6581906080245972 28
1657512003249 0.2177780717611313 29
1657512003498 0.2098073661327362 30
1657512003748 1.252152442932129 31
1657512003997 2.153897523880005 32
1657512004247 2.0548479557037354 33
1657512004509 3.918722152709961 34
1657512004813 5.961849212646484 35
1657512005067 6.768586158752441 36
1657512005327 7.0124311447143555 37
1657512005624 7.842498779296875 38
1657512005875 9.408265113830566 39
1657512006126 10.771666526794434 40
1657512006377 9.919605255126953 41
1657512006626 6.704250812530518 42
1657512006875 2.9821102619171143 43
1657512007125 1.2975845336914062 44
1657512007376 3.224579334259033 45
1657512007627 5.22493839263916 46
1657512007878 4.911733150482178 47
1657512008130 3.0669960975646973 48
1657512008380 2.539858102798462 49
1657512008635 4.240747928619385 50
1657512008884 5.194057941436768 51
1657512009133 5.49705171585083 52
1657512009384 5.164361953735352 53
1657512009631 4.333899974822998 54
1657512009879 4.71488094329834 55
1657512010131 8.043701171875 56
1657512010380 9.953697204589844 57
1657512010633 10.047900199890137 58
1657512010882 9.674633979797363 59
1657512011128 10.199714660644531 60
1657512011379 11.322454452514648 61
1657512011634 11.15141487121582 62
1657512011886 8.465584754943848 63
1657512012133 4.854774475097656 64
1657512012387 2.4391448497772217 65
1657512012636 2.2110953330993652 66
1657512012886 3.4088027477264404 67
1657512013137 4.724518299102783 68
