1657511995404 0.0 0
1657511995804 2.1748383045196533 1
1657511996430 5.397669315338135 2
1657511996699 8.97783088684082 3
1657511996954 11.17238998413086 4
1657511997206 11.078259468078613 5
1657511997457 9.160740852355957 6
1657511997711 7.0691351890563965 7
1657511997960 6.035645484924316 8
1657511998212 5.026782989501953 9
1657511998463 4.787270545959473 10
1657511998717 6.7430100440979 11
1657511998971 9.428515434265137 12
1657511999225 10.781198501586914 13
1657511999476 10.3074369430542 14
1657511999727 8.500244140625 15
1657511999982 7.186163425445557 16
1657512000235 7.00137996673584 17
1657512000489 6.843142986297607 18
1657512000738 7.225305080413818 19
1657512000990 9.293997764587402 20
1657512001238 11.460320472717285 21
1657512001492 11.948616981506348 22
1657512001747 10.588096618652344 23
1657512001998 8.618946075439453 24
1657512002249 7.7737507820129395 25
1657512002501 7.895263195037842 26
1657512002751 7.790488243103027 27
1657512003001 7.748588562011719 28
1657512003248 8.481578826904297 29
1657512003497 9.335461616516113 30
1657512003747 9.321435928344727 31
1657512003996 8.126853942871094 32
1657512004246 6.695030689239502 33
1657512004508 6.74298620223999 34
1657512004812 8.717320442199707 35
1657512005066 11.682942390441895 36
1657512005326 14.583908081054688 37
1657512005622 16.176189422607422 38
1657512005873 16.5854549407959 39
1657512006124 16.4501953125 40
1657512006375 15.161341667175293 41
1657512006625 12.4697904586792 42
1657512006874 10.047040939331055 43
1657512007124 8.426241874694824 44
1657512007375 8.114296913146973 45
1657512007626 8.970772743225098 46
1657512007877 8.81758975982666 47
1657512008129 8.651313781738281 48
1657512008379 9.252439498901367 49
1657512008634 10.036274909973145 50
1657512008883 10.501700401306152 51
1657512009132 10.32547378540039 52
1657512009383 9.75965690612793 53
1657512009630 9.69746208190918 54
1657512009878 10.22006607055664 55
1657512010130 12.283912658691406 56
1657512010379 15.587411880493164 57
1657512010632 18.618087768554688 58
1657512010881 19.998104095458984 59
1657512011127 19.875131607055664 60
1657512011378 19.06578254699707 61
1657512011633 17.314882278442383 62
1657512011885 14.209796905517578 63
1657512012132 12.231136322021484 64
1657512012385 12.03253173828125 65
1657512012634 10.711777687072754 66
1657512012885 8.465107917785645 67
1657512013136 8.643016815185547 68
