1657511995399 4.945489883422852 0
1657511995798 4.628969192504883 1
1657511996424 5.338456153869629 2
1657511996693 5.5791425704956055 3
1657511996948 5.72028923034668 4
1657511997199 5.501220703125 5
1657511997452 5.588585376739502 6
1657511997705 5.699963092803955 7
1657511997954 6.265076637268066 8
1657511998207 5.491558074951172 9
1657511998458 5.3373918533325195 10
1657511998711 5.55694580078125 11
1657511998965 5.008918762207031 12
1657511999220 6.334540843963623 13
1657511999471 6.604435443878174 14
1657511999722 6.907073020935059 15
1657511999976 6.73732852935791 16
1657512000229 6.9368486404418945 17
1657512000484 7.32749080657959 18
1657512000732 7.760468006134033 19
1657512000984 7.842499732971191 20
1657512001233 8.176217079162598 21
1657512001487 7.881974697113037 22
1657512001741 7.963989734649658 23
1657512001992 7.647932052612305 24
1657512002244 7.726744651794434 25
1657512002496 6.778115272521973 26
1657512002746 6.464194297790527 27
1657512002995 6.290230751037598 28
1657512003242 5.796422004699707 29
1657512003492 5.333103656768799 30
1657512003741 5.730841636657715 31
1657512003991 5.924683094024658 32
1657512004240 6.458364963531494 33
1657512004502 6.44963264465332 34
1657512004806 7.073030948638916 35
1657512005060 7.135159015655518 36
1657512005320 6.651759147644043 37
1657512005617 6.69996452331543 38
1657512005868 7.9430317878723145 39
1657512006119 8.48668098449707 40
1657512006370 8.676446914672852 41
1657512006620 8.910076141357422 42
1657512006868 8.790947914123535 43
1657512007119 8.23830795288086 44
1657512007369 8.140825271606445 45
1657512007621 6.079981803894043 46
1657512007871 5.528508186340332 47
1657512008123 5.488808631896973 48
1657512008373 5.011496067047119 49
1657512008629 5.514077186584473 50
1657512008878 6.038118362426758 51
1657512009126 6.1143269538879395 52
1657512009377 6.663490295410156 53
1657512009624 6.964791774749756 54
1657512009873 7.272259712219238 55
1657512010124 7.607668876647949 56
1657512010373 8.318090438842773 57
1657512010627 8.098931312561035 58
1657512010875 8.230548858642578 59
1657512011122 8.574712753295898 60
1657512011373 8.98975944519043 61
1657512011628 8.959135055541992 62
1657512011879 8.531354904174805 63
1657512012126 8.752145767211914 64
1657512012380 9.103862762451172 65
1657512012629 8.81035327911377 66
1657512012879 8.15323543548584 67
1657512013131 8.0891752243042 68
