1657511995400 0.06518902629613876 0
1657511995800 0.04121652618050575 1
1657511996425 0.0910198837518692 2
1657511996695 0.10736466944217682 3
1657511996949 0.11555568873882294 4
1657511997201 0.10123251378536224 5
1657511997453 0.10188926011323929 6
1657511997706 0.09435892105102539 7
1657511997955 0.08492255210876465 8
1657511998208 0.026213865727186203 9
1657511998459 0.01218829583376646 10
1657511998712 0.011199425905942917 11
1657511998966 0.00273145642131567 12
1657511999221 0.001148662413470447 13
1657511999472 0.0005791218136437237 14
1657511999723 0.00022485047520603985 15
1657511999977 0.00010465132800163701 16
1657512000230 0.00010713283700169995 17
1657512000485 7.676719542359933e-05 18
1657512000733 7.838008605176583e-05 19
1657512000986 5.354617314878851e-05 20
1657512001234 6.66703563183546e-05 21
1657512001488 7.055231253616512e-05 22
1657512001742 0.00017110648332163692 23
1657512001994 0.00020133249927312136 24
1657512002245 0.0005006029969081283 25
1657512002497 0.003096218453720212 26
1657512002747 0.004830247722566128 27
1657512002996 0.008337246254086494 28
1657512003243 0.013148091733455658 29
1657512003493 0.02588621899485588 30
1657512003742 0.04294699802994728 31
1657512003992 0.059898748993873596 32
1657512004241 0.07137022912502289 33
1657512004503 0.08780523389577866 34
1657512004807 0.07881788909435272 35
1657512005061 0.082606740295887 36
1657512005321 0.07259760051965714 37
1657512005618 0.08432138711214066 38
1657512005869 0.09909941256046295 39
1657512006120 0.09333924949169159 40
1657512006371 0.05253281071782112 41
1657512006621 0.03575977683067322 42
1657512006869 0.04786703735589981 43
1657512007120 0.06249590218067169 44
1657512007370 0.05272795632481575 45
1657512007622 0.0016429717652499676 46
1657512007873 0.002577355597168207 47
1657512008124 0.006903162691742182 48
1657512008374 0.008089443668723106 49
1657512008630 0.017014240846037865 50
1657512008879 0.02082449570298195 51
1657512009127 0.032169733196496964 52
1657512009379 0.0391760915517807 53
1657512009625 0.035330630838871 54
1657512009874 0.026444613933563232 55
1657512010125 0.02302558533847332 56
1657512010374 0.016393231227993965 57
1657512010628 0.010026030242443085 58
1657512010876 0.012737867422401905 59
1657512011123 0.013578535988926888 60
1657512011374 0.008648421615362167 61
1657512011629 0.009070266038179398 62
1657512011880 0.013843010179698467 63
1657512012127 0.010727157816290855 64
1657512012381 0.01042651105672121 65
1657512012630 0.007815451361238956 66
1657512012880 0.01196838915348053 67
1657512013132 0.010134536772966385 68
