1657511995402 0.5826432108879089 0
1657511995802 0.6053287982940674 1
1657511996427 0.5606130957603455 2
1657511996697 0.545071005821228 3
1657511996951 0.5361073017120361 4
1657511997203 0.5561694502830505 5
1657511997455 0.5452651977539062 6
1657511997708 0.5336652398109436 7
1657511997958 0.5026480555534363 8
1657511998210 0.5587673783302307 9
1657511998461 0.55438232421875 10
1657511998714 0.5489749312400818 11
1657511998969 0.5498663783073425 12
1657511999223 0.5020245909690857 13
1657511999474 0.5035485029220581 14
1657511999725 0.4708889126777649 15
1657511999979 0.47065967321395874 16
1657512000233 0.4578147530555725 17
1657512000487 0.4510614573955536 18
1657512000735 0.43925461173057556 19
1657512000988 0.4346754848957062 20
1657512001236 0.41169020533561707 21
1657512001490 0.43292784690856934 22
1657512001745 0.4431062340736389 23
1657512001996 0.4534749388694763 24
1657512002247 0.45345669984817505 25
1657512002499 0.4957977533340454 26
1657512002749 0.5132296085357666 27
1657512002998 0.5145038962364197 28
1657512003246 0.5375078916549683 29
1657512003495 0.5337390899658203 30
1657512003744 0.5224580764770508 31
1657512003994 0.4966752231121063 32
1657512004244 0.4655754864215851 33
1657512004505 0.45773962140083313 34
1657512004810 0.4236185550689697 35
1657512005063 0.4108462631702423 36
1657512005324 0.4399925172328949 37
1657512005620 0.4378064274787903 38
1657512005871 0.3508566617965698 39
1657512006122 0.31239065527915955 40
1657512006373 0.2979622781276703 41
1657512006623 0.28574228286743164 42
1657512006871 0.305254727602005 43
1657512007122 0.35698607563972473 44
1657512007372 0.37230199575424194 45
1657512007624 0.5219442844390869 46
1657512007875 0.5376725792884827 47
1657512008127 0.539735734462738 48
1657512008376 0.5487538576126099 49
1657512008632 0.5291227102279663 50
1657512008881 0.5045079588890076 51
1657512009129 0.4818737804889679 52
1657512009381 0.4491523504257202 53
1657512009627 0.44128966331481934 54
1657512009876 0.4195137917995453 55
1657512010127 0.40185976028442383 56
1657512010377 0.34699511528015137 57
1657512010630 0.3617600202560425 58
1657512010879 0.34383633732795715 59
1657512011125 0.31965771317481995 60
1657512011376 0.28069591522216797 61
1657512011631 0.28870058059692383 62
1657512011883 0.3265605866909027 63
1657512012130 0.3084014356136322 64
1657512012383 0.2912755012512207 65
1657512012632 0.3152187764644623 66
1657512012882 0.36399900913238525 67
1657512013134 0.3772292733192444 68
