1657511995398 4.945489883422852 0
1657511995797 4.645230770111084 1
1657511996422 5.401909828186035 2
1657511996692 5.8485307693481445 3
1657511996947 6.499319076538086 4
1657511997198 7.227052211761475 5
1657511997451 8.620173454284668 6
1657511997704 10.166486740112305 7
1657511997953 11.015195846557617 8
1657511998206 8.639101028442383 9
1657511998457 5.7433671951293945 10
1657511998710 4.376660346984863 11
1657511998964 5.107537746429443 12
1657511999219 6.607944965362549 13
1657511999470 7.213481426239014 14
1657511999721 7.859565734863281 15
1657511999975 7.242135524749756 16
1657512000228 7.563798427581787 17
1657512000483 7.8216376304626465 18
1657512000731 7.89492654800415 19
1657512000983 8.079861640930176 20
1657512001231 8.669475555419922 21
1657512001486 9.249129295349121 22
1657512001740 8.630043029785156 23
1657512001991 8.71388053894043 24
1657512002243 9.151788711547852 25
1657512002495 8.2393798828125 26
1657512002745 7.602389335632324 27
1657512002994 6.874846458435059 28
1657512003241 5.755644798278809 29
1657512003491 5.4107160568237305 30
1657512003740 6.17989444732666 31
1657512003989 6.663764953613281 32
1657512004239 7.37086296081543 33
1657512004501 10.207505226135254 34
1657512004805 12.34587287902832 35
1657512005059 13.245641708374023 36
1657512005319 13.030611038208008 37
1657512005616 14.003287315368652 38
1657512005867 16.390167236328125 39
1657512006118 18.106435775756836 40
1657512006368 16.652936935424805 41
1657512006619 13.140434265136719 42
1657512006867 9.719314575195312 43
1657512007117 9.535892486572266 44
1657512007368 11.36540412902832 45
1657512007619 8.297948837280273 46
1657512007870 8.25053596496582 47
1657512008122 7.275807857513428 48
1657512008372 6.04368782043457 49
1657512008628 8.620479583740234 50
1657512008877 9.905227661132812 51
1657512009125 10.735681533813477 52
1657512009376 10.806036949157715 53
1657512009623 9.842662811279297 54
1657512009872 11.987140655517578 55
1657512010123 15.65137004852295 56
1657512010372 18.271787643432617 57
1657512010626 18.146831512451172 58
1657512010874 17.905181884765625 59
1657512011121 18.77442741394043 60
1657512011372 20.312213897705078 61
1657512011627 20.110549926757812 62
1657512011878 16.99694061279297 63
1657512012125 13.60692024230957 64
1657512012379 11.543007850646973 65
1657512012628 11.021448135375977 66
1657512012878 11.56203842163086 67
1657512013130 12.81369400024414 68
