1657511995395 0.06518902629613876 0
1657511995795 0.05799756199121475 1
1657511996420 0.10392463952302933 2
1657511996690 0.14823991060256958 3
1657511996945 0.22854773700237274 4
1657511997196 0.37032532691955566 5
1657511997448 0.6438536047935486 6
1657511997702 0.8727465867996216 7
1657511997951 0.9378218054771423 8
1657511998203 0.6838164925575256 9
1657511998455 0.09663183987140656 10
1657511998708 0.024347901344299316 11
1657511998962 0.04310474917292595 12
1657511999216 0.08059023320674896 13
1657511999467 0.14373883605003357 14
1657511999719 0.14172789454460144 15
1657511999973 0.076736681163311 16
1657512000226 0.08857633173465729 17
1657512000480 0.09964718669652939 18
1657512000729 0.10595006495714188 19
1657512000981 0.12157360464334488 20
1657512001229 0.15689195692539215 21
1657512001484 0.2734038531780243 22
1657512001738 0.181888148188591 23
1657512001989 0.20371153950691223 24
1657512002240 0.2654481530189514 25
1657512002492 0.21363869309425354 26
1657512002743 0.1920769363641739 27
1657512002992 0.14655888080596924 28
1657512003238 0.07356242090463638 29
1657512003488 0.051218099892139435 30
1657512003738 0.10275641828775406 31
1657512003987 0.10902027785778046 32
1657512004237 0.1458934247493744 33
1657512004498 0.7662479877471924 34
1657512004803 0.9683709144592285 35
1657512005057 0.9905447959899902 36
1657512005317 0.9929317235946655 37
1657512005614 0.9973082542419434 38
1657512005865 0.9994263648986816 39
1657512006115 0.9997517466545105 40
1657512006366 0.9984449744224548 41
1657512006617 0.9450207352638245 42
1657512006865 0.4393715262413025 43
1657512007115 0.6675478219985962 44
1657512007366 0.9308066964149475 45
1657512007617 0.385385662317276 46
1657512007868 0.4154600203037262 47
1657512008120 0.21170911192893982 48
1657512008370 0.0800541415810585 49
1657512008626 0.51114422082901 50
1657512008875 0.7911931276321411 51
1657512009123 0.904062807559967 52
1657512009374 0.9011873602867126 53
1657512009621 0.6517732739448547 54
1657512009869 0.9456652998924255 55
1657512010121 0.9990443587303162 56
1657512010370 0.9999135732650757 57
1657512010623 0.9999034404754639 58
1657512010872 0.9999077320098877 59
1657512011118 0.9999629259109497 60
1657512011370 0.9999853372573853 61
1657512011624 0.999962568283081 62
1657512011876 0.99964439868927 63
1657512012123 0.9899116158485413 64
1657512012377 0.8778536319732666 65
1657512012626 0.8067814707756042 66
1657512012876 0.8937533497810364 67
1657512013128 0.97364342212677 68
