1657511995394 0.10959871113300323 0
1657511995794 0.09490490704774857 1
1657511996419 0.1515950858592987 2
1657511996689 0.20001304149627686 3
1657511996943 0.27522706985473633 4
1657511997195 0.40035268664360046 5
1657511997447 0.6536964774131775 6
1657511997701 0.8742868900299072 7
1657511997949 0.9381136298179626 8
1657511998202 0.684809148311615 9
1657511998453 0.12616288661956787 10
1657511998706 0.08858302980661392 11
1657511998960 0.09969021379947662 12
1657511999215 0.13667191565036774 13
1657511999466 0.17797799408435822 14
1657511999718 0.20115531980991364 15
1657511999972 0.17716801166534424 16
1657512000225 0.18182367086410522 17
1657512000479 0.18062227964401245 18
1657512000727 0.18489481508731842 19
1657512000979 0.1912802904844284 20
1657512001228 0.23628687858581543 21
1657512001482 0.3022232949733734 22
1657512001736 0.23718544840812683 23
1657512001988 0.2639086842536926 24
1657512002239 0.37691599130630493 25
1657512002491 0.34393754601478577 26
1657512002741 0.2571737766265869 27
1657512002990 0.1881432831287384 28
1657512003237 0.11640947312116623 29
1657512003487 0.11297646909952164 30
1657512003737 0.15527178347110748 31
1657512003986 0.19018445909023285 32
1657512004236 0.2412700206041336 33
1657512004497 0.7685596346855164 34
1657512004802 0.9684147238731384 35
1657512005055 0.990547776222229 36
1657512005315 0.992932915687561 37
1657512005613 0.9973083734512329 38
1657512005864 0.9994263648986816 39
1657512006114 0.9997517466545105 40
1657512006365 0.9984453320503235 41
1657512006616 0.9456417560577393 42
1657512006864 0.5467957258224487 43
1657512007114 0.6717332005500793 44
1657512007365 0.9309239983558655 45
1657512007616 0.3920940160751343 46
1657512007867 0.4204922318458557 47
1657512008119 0.23245663940906525 48
1657512008369 0.14292258024215698 49
1657512008624 0.5166342258453369 50
1657512008873 0.7919604778289795 51
1657512009122 0.9042077660560608 52
1657512009373 0.9013625979423523 53
1657512009619 0.676010251045227 54
1657512009868 0.945937991142273 55
1657512010119 0.9990443587303162 56
1657512010369 0.9999135732650757 57
1657512010622 0.9999034404754639 58
1657512010871 0.9999077320098877 59
1657512011117 0.9999629259109497 60
1657512011368 0.9999853372573853 61
1657512011623 0.999962568283081 62
1657512011875 0.99964439868927 63
1657512012122 0.9899145364761353 64
1657512012376 0.8785659074783325 65
1657512012624 0.8089212775230408 66
1657512012875 0.8943716883659363 67
1657512013126 0.9736658334732056 68
