1657511995396 32.840763092041016 0
1657511995796 30.768739700317383 1
1657511996421 33.772789001464844 2
1657511996691 36.33958053588867 3
1657511996946 38.86709213256836 4
1657511997197 38.968292236328125 5
1657511997449 39.240333557128906 6
1657511997703 39.444252014160156 7
1657511997952 40.77871322631836 8
1657511998205 40.397369384765625 9
1657511998456 43.94438171386719 10
1657511998709 48.10011672973633 11
1657511998963 52.229888916015625 12
1657511999217 65.3943862915039 13
1657511999468 65.22673034667969 14
1657511999720 71.111328125 15
1657511999974 70.03004455566406 16
1657512000227 72.14433288574219 17
1657512000481 75.36851501464844 18
1657512000730 76.05907440185547 19
1657512000982 77.3938980102539 20
1657512001230 79.86652374267578 21
1657512001485 78.7205581665039 22
1657512001739 84.4413833618164 23
1657512001990 81.5360107421875 24
1657512002241 79.74109649658203 25
1657512002493 68.16557312011719 26
1657512002744 65.22151184082031 27
1657512002993 61.35533142089844 28
1657512003240 56.1915283203125 29
1657512003490 53.86840057373047 30
1657512003739 50.12587356567383 31
1657512003988 51.59891891479492 32
1657512004238 51.25553894042969 33
1657512004500 48.86073303222656 34
1657512004804 48.314048767089844 35
1657512005058 47.81163024902344 36
1657512005318 45.945377349853516 37
1657512005615 47.35843276977539 38
1657512005866 52.58091354370117 39
1657512006116 56.24689483642578 40
1657512006367 54.96562957763672 41
1657512006618 53.204978942871094 42
1657512006866 52.35136413574219 43
1657512007116 50.47603988647461 44
1657512007367 51.3674430847168 45
1657512007618 62.8647346496582 46
1657512007869 59.490257263183594 47
1657512008121 57.27605056762695 48
1657512008371 54.000614166259766 49
1657512008627 53.73355484008789 50
1657512008876 53.03724670410156 51
1657512009124 50.486366271972656 52
1657512009375 50.53089904785156 53
1657512009622 49.994293212890625 54
1657512009870 50.657535552978516 55
1657512010122 52.26899337768555 56
1657512010371 55.44021987915039 57
1657512010624 56.55951690673828 58
1657512010873 54.22631072998047 59
1657512011120 54.39615249633789 60
1657512011371 54.51105499267578 61
1657512011625 54.90946960449219 62
1657512011877 53.50237274169922 63
1657512012124 53.980751037597656 64
1657512012378 56.49968338012695 65
1657512012627 57.1512451171875 66
1657512012877 54.90469741821289 67
1657512013129 55.3820686340332 68
