1657511619410 0.0 0
1657511619878 0.009577912278473377 1
1657511620429 0.02699551172554493 2
1657511620717 0.0927836075425148 3
1657511620975 0.2518359422683716 4
1657511621234 0.5582231283187866 5
1657511621494 1.0134634971618652 6
1657511621757 1.7165285348892212 7
1657511622023 2.7534990310668945 8
1657511622279 4.240632057189941 9
1657511622541 5.635700225830078 10
1657511622795 6.947504043579102 11
1657511623054 8.097880363464355 12
1657511623308 8.82270622253418 13
1657511623566 9.035847663879395 14
1657511623823 8.676126480102539 15
1657511624084 7.502129554748535 16
1657511624344 5.282499313354492 17
1657511624599 2.2470903396606445 18
1657511624851 -0.9883310198783875 19
1657511625108 -3.827779531478882 20
1657511625365 -5.728569984436035 21
1657511625619 -6.424110412597656 22
1657511625876 -5.850334644317627 23
1657511626133 -4.282657146453857 24
1657511626389 -2.1479451656341553 25
1657511626646 0.13670723140239716 26
1657511626913 1.9959522485733032 27
1657511627167 3.293405532836914 28
1657511627429 4.033697128295898 29
1657511627686 4.35101318359375 30
1657511627945 4.578830242156982 31
1657511628197 4.971253871917725 32
1657511628501 5.70422887802124 33
1657511628760 6.844356536865234 34
1657511629017 8.312804222106934 35
1657511629306 10.126941680908203 36
1657511629561 12.19066047668457 37
1657511629855 14.336807250976562 38
1657511630113 16.66868782043457 39
1657511630368 19.55445098876953 40
1657511630621 22.814346313476562 41
1657511630873 26.343486785888672 42
1657511631131 30.070905685424805 43
1657511631386 33.69736862182617 44
1657511631639 36.92656707763672 45
1657511631899 39.86659240722656 46
1657511632160 41.88823318481445 47
1657511632418 43.546974182128906 48
1657511632671 44.80531311035156 49
1657511632927 45.59470748901367 50
1657511633178 45.96221923828125 51
1657511633432 45.96036911010742 52
1657511633688 45.72224426269531 53
1657511633946 45.43376922607422 54
1657511634201 45.2978401184082 55
1657511634458 45.40878677368164 56
1657511634717 45.72965621948242 57
1657511634971 46.11850357055664 58
1657511635224 46.296566009521484 59
1657511635479 46.09123992919922 60
1657511635734 45.43514633178711 61
1657511635997 44.41431427001953 62
1657511636254 43.335140228271484 63
1657511636510 42.47050857543945 64
1657511636769 41.855743408203125 65
1657511637025 41.47734832763672 66
1657511637276 41.22433853149414 67
1657511637527 40.93632888793945 68
