1657511619409 0.06518902629613876 0
1657511619877 0.04241444170475006 1
1657511620427 0.09728367626667023 2
1657511620716 0.12448866665363312 3
1657511620973 0.15512911975383759 4
1657511621233 0.17842334508895874 5
1657511621493 0.24579115211963654 6
1657511621756 0.34169918298721313 7
1657511622022 0.46943166851997375 8
1657511622278 0.5002933144569397 9
1657511622540 0.581328809261322 10
1657511622794 0.7324626445770264 11
1657511623052 0.7487841844558716 12
1657511623306 0.7713300585746765 13
1657511623565 0.7802355885505676 14
1657511623821 0.5413057804107666 15
1657511624083 0.15372993052005768 16
1657511624343 0.018812375143170357 17
1657511624598 0.0005971517530269921 18
1657511624850 2.0949710233253427e-05 19
1657511625106 6.974306074880587e-07 20
1657511625363 9.698155167825462e-08 21
1657511625617 4.0211162399828027e-08 22
1657511625875 3.10080338294938e-07 23
1657511626131 1.5246406519509037e-06 24
1657511626388 2.7527719794306904e-05 25
1657511626645 0.001638940186239779 26
1657511626912 0.015897037461400032 27
1657511627166 0.08720968663692474 28
1657511627427 0.24319027364253998 29
1657511627685 0.48821699619293213 30
1657511627943 0.7091813087463379 31
1657511628196 0.8703453540802002 32
1657511628499 0.9551483988761902 33
1657511628759 0.9893418550491333 34
1657511629015 0.9972519278526306 35
1657511629305 0.9995934367179871 36
1657511629559 0.9999462366104126 37
1657511629853 0.999995231628418 38
1657511630112 0.9999997615814209 39
1657511630366 1.0 40
1657511630620 1.0 41
1657511630872 1.0 42
1657511631129 1.0 43
1657511631384 1.0 44
1657511631638 1.0 45
1657511631897 1.0 46
1657511632159 1.0 47
1657511632416 1.0 48
1657511632669 1.0 49
1657511632926 1.0 50
1657511633177 1.0 51
1657511633431 1.0 52
1657511633686 1.0 53
1657511633945 1.0 54
1657511634199 1.0 55
1657511634457 1.0 56
1657511634716 1.0 57
1657511634970 1.0 58
1657511635223 1.0 59
1657511635478 1.0 60
1657511635732 1.0 61
1657511635996 1.0 62
1657511636253 1.0 63
1657511636509 1.0 64
1657511636768 1.0 65
1657511637023 1.0 66
1657511637275 1.0 67
1657511637526 1.0 68
