1657511619420 0.004173567984253168 0
1657511619896 0.003946711774915457 1
1657511620442 0.004393869079649448 2
1657511620727 0.004549290053546429 3
1657511620985 0.004638927057385445 4
1657511621244 0.004438305273652077 5
1657511621504 0.004547347780317068 6
1657511621767 0.004663347266614437 7
1657511622033 0.004973519127815962 8
1657511622290 0.004412326030433178 9
1657511622551 0.0044561768881976604 10
1657511622806 0.00451025040820241 11
1657511623064 0.004501336254179478 12
1657511623318 0.004979753866791725 13
1657511623576 0.004964514635503292 14
1657511623833 0.005291110835969448 15
1657511624094 0.005293403286486864 16
1657511624354 0.0054218522273004055 17
1657511624609 0.005489385221153498 18
1657511624861 0.005607453640550375 19
1657511625118 0.005653245374560356 20
1657511625375 0.0058830976486206055 21
1657511625629 0.005670721177011728 22
1657511625886 0.00556893739849329 23
1657511626143 0.005465250462293625 24
1657511626399 0.0054654330015182495 25
1657511626656 0.005042022559791803 26
1657511626923 0.004867703653872013 27
1657511627178 0.004854960832744837 28
1657511627438 0.0046249208971858025 29
1657511627696 0.004662609193474054 30
1657511627955 0.004775418899953365 31
1657511628207 0.005033247172832489 32
1657511628511 0.005344245117157698 33
1657511628771 0.00542260380461812 34
1657511629027 0.005763814318925142 35
1657511629316 0.005891537759453058 36
1657511629571 0.005600074306130409 37
1657511629866 0.005621935706585646 38
1657511630123 0.00649143336340785 39
1657511630377 0.006876092869788408 40
1657511630632 0.007020376622676849 41
1657511630884 0.007142576854676008 42
1657511631141 0.0069474526681005955 43
1657511631395 0.006430139299482107 44
1657511631649 0.006276980042457581 45
1657511631909 0.004780557006597519 46
1657511632170 0.004623274318873882 47
1657511632428 0.004602642729878426 48
1657511632680 0.004512461367994547 49
1657511632937 0.004708772990852594 50
1657511633188 0.004954920150339603 51
1657511633442 0.005181262269616127 52
1657511633697 0.00550847640261054 53
1657511633956 0.005587103310972452 54
1657511634210 0.005804861430078745 55
1657511634468 0.005981402471661568 56
1657511634727 0.006530048791319132 57
1657511634981 0.006382399704307318 58
1657511635234 0.006561636924743652 59
1657511635489 0.006803423166275024 60
1657511635743 0.007193040568381548 61
1657511636007 0.007112993858754635 62
1657511636264 0.006734393537044525 63
1657511636520 0.006915985140949488 64
1657511636779 0.007087244652211666 65
1657511637035 0.006847811862826347 66
1657511637286 0.006360009778290987 67
1657511637537 0.006227707024663687 68
