1657511619422 0.0 0
1657511619898 0.009577912278473377 1
1657511620445 0.02876618504524231 2
1657511620729 0.0927836075425148 3
1657511620987 0.2518359422683716 4
1657511621246 0.5582231283187866 5
1657511621506 1.0134634971618652 6
1657511621770 1.7165285348892212 7
1657511622035 2.7534990310668945 8
1657511622292 4.240632057189941 9
1657511622553 5.635700225830078 10
1657511622808 6.947504043579102 11
1657511623066 8.097880363464355 12
1657511623320 8.82270622253418 13
1657511623579 9.035847663879395 14
1657511623835 8.676126480102539 15
1657511624096 7.502129554748535 16
1657511624357 5.282499313354492 17
1657511624611 2.2470903396606445 18
1657511624864 0.9553648233413696 19
1657511625120 1.2567622661590576 20
1657511625377 1.7621062994003296 21
1657511625631 2.4572465419769287 22
1657511625888 3.4577906131744385 23
1657511626145 3.997255325317383 24
1657511626401 4.251186847686768 25
1657511626658 4.273005962371826 26
1657511626925 4.073045253753662 27
1657511627180 3.604613780975342 28
1657511627441 4.033697128295898 29
1657511627698 4.35101318359375 30
1657511627957 4.578830242156982 31
1657511628210 4.971253871917725 32
1657511628513 5.70422887802124 33
1657511628773 6.844356536865234 34
1657511629029 8.312804222106934 35
1657511629319 10.126941680908203 36
1657511629573 12.19066047668457 37
1657511629869 14.336807250976562 38
1657511630125 16.66868782043457 39
1657511630380 19.55445098876953 40
1657511630634 22.814346313476562 41
1657511630886 26.343486785888672 42
1657511631143 30.070905685424805 43
1657511631398 33.69736862182617 44
1657511631651 36.92656707763672 45
1657511631911 39.86659240722656 46
1657511632172 41.88823318481445 47
1657511632430 43.546974182128906 48
1657511632683 44.80531311035156 49
1657511632940 45.59470748901367 50
1657511633190 45.96221923828125 51
1657511633444 45.96036911010742 52
1657511633699 45.72224426269531 53
1657511633958 45.43376922607422 54
1657511634213 45.2978401184082 55
1657511634470 45.40878677368164 56
1657511634729 45.72965621948242 57
1657511634984 46.11850357055664 58
1657511635236 46.296566009521484 59
1657511635491 46.09123992919922 60
1657511635746 45.43514633178711 61
1657511636009 44.41431427001953 62
1657511636267 43.335140228271484 63
1657511636523 42.47050857543945 64
1657511636781 41.855743408203125 65
1657511637037 41.47734832763672 66
1657511637288 41.22433853149414 67
1657511637539 40.93632888793945 68
