1657511619421 0.0 0
1657511619897 1.0874191522598267 1
1657511620443 2.8663806915283203 2
1657511620728 5.360678195953369 3
1657511620986 8.048324584960938 4
1657511621245 10.484357833862305 5
1657511621505 12.192333221435547 6
1657511621768 13.18364143371582 7
1657511622034 13.502657890319824 8
1657511622291 13.463597297668457 9
1657511622552 13.279335975646973 10
1657511622807 13.140168190002441 11
1657511623065 13.190824508666992 12
1657511623319 13.209551811218262 13
1657511623577 13.15170669555664 14
1657511623834 12.966114044189453 15
1657511624095 12.58936595916748 16
1657511624355 11.988358497619629 17
1657511624610 11.67423152923584 18
1657511624863 12.106534957885742 19
1657511625119 13.067668914794922 20
1657511625376 13.953609466552734 21
1657511625630 14.412782669067383 22
1657511625887 14.331809997558594 23
1657511626144 13.675312995910645 24
1657511626400 12.898858070373535 25
1657511626657 12.423867225646973 26
1657511626924 12.221770286560059 27
1657511627179 12.095223426818848 28
1657511627440 11.900479316711426 29
1657511627697 11.624650001525879 30
1657511627956 11.390861511230469 31
1657511628209 11.337430000305176 32
1657511628512 11.701799392700195 33
1657511628772 12.739920616149902 34
1657511629028 14.496591567993164 35
1657511629317 16.996986389160156 36
1657511629572 20.040266036987305 37
1657511629867 23.192569732666016 38
1657511630124 26.573638916015625 39
1657511630379 30.829143524169922 40
1657511630633 35.69328689575195 41
1657511630885 40.78493118286133 42
1657511631142 45.921844482421875 43
1657511631396 50.8451042175293 44
1657511631650 55.261722564697266 45
1657511631910 59.354583740234375 46
1657511632171 61.81462860107422 47
1657511632429 63.62849807739258 48
1657511632682 65.01609802246094 49
1657511632939 65.9887924194336 50
1657511633189 66.72378540039062 51
1657511633443 67.2613754272461 52
1657511633698 67.66281127929688 53
1657511633957 67.9872817993164 54
1657511634212 68.19644927978516 55
1657511634469 68.26124572753906 56
1657511634728 68.17801666259766 57
1657511634983 67.95022583007812 58
1657511635235 67.53235626220703 59
1657511635490 66.95357513427734 60
1657511635744 66.26277923583984 61
1657511636008 65.42662048339844 62
1657511636266 64.5380859375 63
1657511636521 63.67510986328125 64
1657511636780 62.752864837646484 65
1657511637036 61.851680755615234 66
1657511637287 60.95486068725586 67
1657511637538 60.13232421875 68
