1657511619419 0.5826432108879089 0
1657511619894 0.6053287982940674 1
1657511620440 0.5606130957603455 2
1657511620726 0.545071005821228 3
1657511620984 0.5361073017120361 4
1657511621243 0.5561694502830505 5
1657511621503 0.5452651977539062 6
1657511621766 0.5336652398109436 7
1657511622032 0.5026480555534363 8
1657511622289 0.5587673783302307 9
1657511622550 0.55438232421875 10
1657511622805 0.5489749312400818 11
1657511623063 0.5498663783073425 12
1657511623317 0.5020245909690857 13
1657511623575 0.5035485029220581 14
1657511623832 0.4708889126777649 15
1657511624093 0.47065967321395874 16
1657511624353 0.4578147530555725 17
1657511624608 0.4510614573955536 18
1657511624860 0.43925461173057556 19
1657511625117 0.4346754848957062 20
1657511625374 0.41169020533561707 21
1657511625628 0.43292784690856934 22
1657511625885 0.4431062340736389 23
1657511626142 0.4534749388694763 24
1657511626398 0.45345669984817505 25
1657511626655 0.4957977533340454 26
1657511626922 0.5132296085357666 27
1657511627177 0.5145038962364197 28
1657511627437 0.5375078916549683 29
1657511627695 0.5337390899658203 30
1657511627954 0.5224580764770508 31
1657511628206 0.4966752231121063 32
1657511628510 0.4655754864215851 33
1657511628769 0.45773962140083313 34
1657511629026 0.4236185550689697 35
1657511629315 0.4108462631702423 36
1657511629570 0.4399925172328949 37
1657511629865 0.4378064274787903 38
1657511630122 0.3508566617965698 39
1657511630376 0.31239065527915955 40
1657511630631 0.2979622781276703 41
1657511630883 0.28574228286743164 42
1657511631140 0.305254727602005 43
1657511631394 0.35698607563972473 44
1657511631648 0.37230199575424194 45
1657511631908 0.5219442844390869 46
1657511632169 0.5376725792884827 47
1657511632427 0.539735734462738 48
1657511632679 0.5487538576126099 49
1657511632936 0.5291227102279663 50
1657511633187 0.5045079588890076 51
1657511633441 0.4818737804889679 52
1657511633696 0.4491523504257202 53
1657511633955 0.44128966331481934 54
1657511634209 0.4195137917995453 55
1657511634467 0.40185976028442383 56
1657511634726 0.34699511528015137 57
1657511634980 0.3617600202560425 58
1657511635233 0.34383633732795715 59
1657511635488 0.31965771317481995 60
1657511635742 0.28069591522216797 61
1657511636006 0.28870058059692383 62
1657511636263 0.3265605866909027 63
1657511636519 0.3084014356136322 64
1657511636778 0.2912755012512207 65
1657511637034 0.3152187764644623 66
1657511637285 0.36399900913238525 67
1657511637536 0.3772292733192444 68
