1657511619416 4.945489883422852 0
1657511619890 4.628969192504883 1
1657511620435 5.338456153869629 2
1657511620723 5.5791425704956055 3
1657511620980 5.72028923034668 4
1657511621240 5.501220703125 5
1657511621500 5.588585376739502 6
1657511621763 5.699963092803955 7
1657511622029 6.265076637268066 8
1657511622286 5.491558074951172 9
1657511622547 5.3373918533325195 10
1657511622802 5.55694580078125 11
1657511623059 5.008918762207031 12
1657511623314 6.334540843963623 13
1657511623572 6.604435443878174 14
1657511623828 6.907073020935059 15
1657511624090 6.73732852935791 16
1657511624350 6.9368486404418945 17
1657511624605 7.32749080657959 18
1657511624857 7.760468006134033 19
1657511625113 7.842499732971191 20
1657511625371 8.176217079162598 21
1657511625625 7.881974697113037 22
1657511625881 7.963989734649658 23
1657511626139 7.647932052612305 24
1657511626394 7.726744651794434 25
1657511626652 6.778115272521973 26
1657511626919 6.464194297790527 27
1657511627173 6.290230751037598 28
1657511627434 5.796422004699707 29
1657511627692 5.333103656768799 30
1657511627950 5.730841636657715 31
1657511628203 5.924683094024658 32
1657511628506 6.458364963531494 33
1657511628766 6.44963264465332 34
1657511629022 7.073030948638916 35
1657511629312 7.135159015655518 36
1657511629566 6.651759147644043 37
1657511629861 6.69996452331543 38
1657511630119 7.9430317878723145 39
1657511630373 8.48668098449707 40
1657511630627 8.676446914672852 41
1657511630879 8.910076141357422 42
1657511631137 8.790947914123535 43
1657511631391 8.23830795288086 44
1657511631645 8.140825271606445 45
1657511631904 6.079981803894043 46
1657511632166 5.528508186340332 47
1657511632423 5.488808631896973 48
1657511632676 5.011496067047119 49
1657511632933 5.514077186584473 50
1657511633184 6.038118362426758 51
1657511633438 6.1143269538879395 52
1657511633693 6.663490295410156 53
1657511633952 6.964791774749756 54
1657511634206 7.272259712219238 55
1657511634464 7.607668876647949 56
1657511634722 8.318090438842773 57
1657511634977 8.098931312561035 58
1657511635230 8.230548858642578 59
1657511635485 8.574712753295898 60
1657511635739 8.98975944519043 61
1657511636003 8.959135055541992 62
1657511636260 8.531354904174805 63
1657511636516 8.752145767211914 64
1657511636775 9.103862762451172 65
1657511637030 8.81035327911377 66
1657511637281 8.15323543548584 67
1657511637532 8.0891752243042 68
