1657511619415 4.945489883422852 0
1657511619888 4.637099742889404 1
1657511620434 5.365451812744141 2
1657511620722 5.671926021575928 3
1657511620979 5.972125053405762 4
1657511621239 6.059443950653076 5
1657511621499 6.602048873901367 6
1657511621762 7.306384563446045 7
1657511622028 8.425239562988281 8
1657511622284 8.572728157043457 9
1657511622545 9.361400604248047 10
1657511622801 10.717098236083984 11
1657511623058 10.546439170837402 12
1657511623312 11.172605514526367 13
1657511623571 10.591317176818848 14
1657511623827 9.79122543334961 15
1657511624089 7.850177764892578 16
1657511624349 7.320624828338623 17
1657511624604 7.870452404022217 18
1657511624856 8.530447006225586 19
1657511625112 9.042486190795898 20
1657511625369 9.780792236328125 21
1657511625624 10.339221000671387 22
1657511625880 8.6504487991333 23
1657511626138 9.143291473388672 24
1657511626393 9.36621379852295 25
1657511626650 8.691436767578125 26
1657511626918 8.506786346435547 27
1657511627172 8.794113159179688 28
1657511627433 8.715417861938477 29
1657511627691 9.18825912475586 30
1657511627949 9.814048767089844 31
1657511628201 10.724981307983398 32
1657511628505 11.815566062927246 33
1657511628765 13.133139610290527 34
1657511629021 14.696826934814453 35
1657511629311 16.60399627685547 36
1657511629565 18.208839416503906 37
1657511629860 20.497596740722656 38
1657511630118 23.650590896606445 39
1657511630372 26.88922119140625 40
1657511630626 29.547677993774414 41
1657511630878 32.77967071533203 42
1657511631135 36.808109283447266 43
1657511631390 40.37471008300781 44
1657511631643 43.322113037109375 45
1657511631903 42.31591033935547 46
1657511632165 44.523014068603516 47
1657511632422 47.05680847167969 48
1657511632675 48.30914306640625 49
1657511632932 49.97444152832031 50
1657511633182 50.67338943481445 51
1657511633437 51.198997497558594 52
1657511633692 51.36391830444336 53
1657511633951 50.94253158569336 54
1657511634205 50.58560562133789 55
1657511634463 50.63308334350586 56
1657511634721 50.961219787597656 57
1657511634976 50.850955963134766 58
1657511635228 51.21803665161133 59
1657511635484 51.24470520019531 60
1657511635738 50.35210418701172 61
1657511636002 49.410316467285156 62
1657511636259 48.50758361816406 63
1657511636515 47.555843353271484 64
1657511636773 47.29384994506836 65
1657511637029 46.40092086791992 66
1657511637280 46.22508239746094 67
1657511637531 45.68776321411133 68
