1657511619412 0.06518902629613876 0
1657511619883 0.05645314231514931 1
1657511620431 0.09728367626667023 2
1657511620719 0.12448866665363312 3
1657511620977 0.15512911975383759 4
1657511621236 0.17842334508895874 5
1657511621496 0.24579115211963654 6
1657511621759 0.34169918298721313 7
1657511622025 0.46943166851997375 8
1657511622282 0.5002933144569397 9
1657511622543 0.581328809261322 10
1657511622798 0.7324626445770264 11
1657511623056 0.7487841844558716 12
1657511623310 0.7713300585746765 13
1657511623569 0.7802355885505676 14
1657511623825 0.5413057804107666 15
1657511624087 0.15372993052005768 16
1657511624346 0.08101494610309601 17
1657511624601 0.0988389253616333 18
1657511624854 0.14714907109737396 19
1657511625110 0.1919885277748108 20
1657511625367 0.23932288587093353 21
1657511625621 0.42182663083076477 22
1657511625878 0.15668781101703644 23
1657511626135 0.27191653847694397 24
1657511626391 0.31394654512405396 25
1657511626648 0.31332552433013916 26
1657511626915 0.28371864557266235 27
1657511627170 0.3662365972995758 28
1657511627431 0.3887985646724701 29
1657511627689 0.48821699619293213 30
1657511627947 0.7091813087463379 31
1657511628199 0.8703453540802002 32
1657511628503 0.9551483988761902 33
1657511628763 0.9893418550491333 34
1657511629019 0.9972519278526306 35
1657511629309 0.9995934367179871 36
1657511629563 0.9999462366104126 37
1657511629857 0.999995231628418 38
1657511630116 0.9999997615814209 39
1657511630370 1.0 40
1657511630624 1.0 41
1657511630876 1.0 42
1657511631133 1.0 43
1657511631388 1.0 44
1657511631641 1.0 45
1657511631901 1.0 46
1657511632163 1.0 47
1657511632420 1.0 48
1657511632673 1.0 49
1657511632930 1.0 50
1657511633180 1.0 51
1657511633434 1.0 52
1657511633690 1.0 53
1657511633948 1.0 54
1657511634203 1.0 55
1657511634460 1.0 56
1657511634719 1.0 57
1657511634974 1.0 58
1657511635226 1.0 59
1657511635482 1.0 60
1657511635736 1.0 61
1657511636000 1.0 62
1657511636256 1.0 63
1657511636512 1.0 64
1657511636771 1.0 65
1657511637027 1.0 66
1657511637278 1.0 67
1657511637529 1.0 68
