1657511619411 0.10959871113300323 0
1657511619882 0.09292945265769958 1
1657511620430 0.1433388888835907 2
1657511620718 0.1738593876361847 3
1657511620976 0.20351222157478333 4
1657511621235 0.22105993330478668 5
1657511621495 0.2878752648830414 6
1657511621758 0.4005209505558014 7
1657511622024 0.5485050678253174 8
1657511622281 0.5733072757720947 9
1657511622542 0.6439129710197449 10
1657511622797 0.7633363604545593 11
1657511623055 0.7698760628700256 12
1657511623309 0.7837446928024292 13
1657511623568 0.7836265563964844 14
1657511623824 0.5482159852981567 15
1657511624086 0.20287489891052246 16
1657511624345 0.16978862881660461 17
1657511624600 0.19001860916614532 18
1657511624853 0.2238604724407196 19
1657511625109 0.2595101296901703 20
1657511625366 0.3474394381046295 21
1657511625620 0.4526980519294739 22
1657511625877 0.257528156042099 23
1657511626134 0.32529696822166443 24
1657511626390 0.3791678547859192 25
1657511626647 0.39227014780044556 26
1657511626914 0.38642215728759766 27
1657511627169 0.41303858160972595 28
1657511627430 0.46368420124053955 29
1657511627687 0.55916428565979 30
1657511627946 0.7217411398887634 31
1657511628198 0.8713047504425049 32
1657511628502 0.9551931023597717 33
1657511628761 0.9893443584442139 34
1657511629018 0.9972522258758545 35
1657511629307 0.9995934367179871 36
1657511629562 0.9999462366104126 37
1657511629856 0.999995231628418 38
1657511630115 0.9999997615814209 39
1657511630369 1.0 40
1657511630623 1.0 41
1657511630875 1.0 42
1657511631132 1.0 43
1657511631387 1.0 44
1657511631640 1.0 45
1657511631900 1.0 46
1657511632162 1.0 47
1657511632419 1.0 48
1657511632672 1.0 49
1657511632929 1.0 50
1657511633179 1.0 51
1657511633433 1.0 52
1657511633689 1.0 53
1657511633947 1.0 54
1657511634202 1.0 55
1657511634459 1.0 56
1657511634718 1.0 57
1657511634973 1.0 58
1657511635225 1.0 59
1657511635481 1.0 60
1657511635735 1.0 61
1657511635999 1.0 62
1657511636255 1.0 63
1657511636511 1.0 64
1657511636770 1.0 65
1657511637026 1.0 66
1657511637277 1.0 67
1657511637528 1.0 68
