1657511619413 32.840763092041016 0
1657511619886 30.434907913208008 1
1657511620432 32.834110260009766 2
1657511620720 34.662986755371094 3
1657511620978 37.090206146240234 4
1657511621238 38.194461822509766 5
1657511621497 40.23678970336914 6
1657511621761 42.266807556152344 7
1657511622027 44.968162536621094 8
1657511622283 45.50236129760742 9
1657511622544 48.64662170410156 10
1657511622799 51.71790313720703 11
1657511623057 53.92356872558594 12
1657511623311 65.72782897949219 13
1657511623570 64.99111938476562 14
1657511623826 71.25980377197266 15
1657511624088 71.17577362060547 16
1657511624347 74.36637878417969 17
1657511624603 78.69464874267578 18
1657511624855 79.98410034179688 19
1657511625111 81.05086517333984 20
1657511625368 82.60293579101562 21
1657511625623 80.41361236572266 22
1657511625879 85.48141479492188 23
1657511626137 82.69518280029297 24
1657511626392 81.31661224365234 25
1657511626649 70.69329833984375 26
1657511626916 68.86953735351562 27
1657511627171 65.66250610351562 28
1657511627432 60.1793098449707 29
1657511627690 56.700950622558594 30
1657511627948 51.66912841796875 31
1657511628200 52.25723648071289 32
1657511628504 51.92372131347656 33
1657511628764 50.48098373413086 34
1657511629020 51.340126037597656 35
1657511629310 52.08849334716797 36
1657511629564 50.67185974121094 37
1657511629859 52.172489166259766 38
1657511630117 57.468257904052734 39
1657511630371 62.046485900878906 40
1657511630625 64.18611145019531 41
1657511630877 67.82072448730469 42
1657511631134 72.91482543945312 43
1657511631389 76.34576416015625 44
1657511631642 79.97525024414062 45
1657511631902 87.96214294433594 46
1657511632164 86.6038818359375 47
1657511632421 86.34213256835938 48
1657511632674 85.12623596191406 49
1657511632931 86.47369384765625 50
1657511633181 87.4308853149414 51
1657511633436 87.27568054199219 52
1657511633691 88.06675720214844 53
1657511633950 87.6328353881836 54
1657511634204 87.2973403930664 55
1657511634462 87.30702209472656 56
1657511634720 88.28864288330078 57
1657511634975 88.1634292602539 58
1657511635227 86.69254302978516 59
1657511635483 86.81112670898438 60
1657511635737 86.3970947265625 61
1657511636001 86.21879577636719 62
1657511636258 84.94462585449219 63
1657511636514 84.69122314453125 64
1657511636772 85.84476470947266 65
1657511637028 85.5949935913086 66
1657511637279 84.2175064086914 67
1657511637530 84.32577514648438 68
