1657511619418 0.06518902629613876 0
1657511619893 0.04241444170475006 1
1657511620439 0.09728367626667023 2
1657511620725 0.12448866665363312 3
1657511620983 0.15512911975383759 4
1657511621242 0.17842334508895874 5
1657511621502 0.24579115211963654 6
1657511621765 0.34169918298721313 7
1657511622031 0.46943166851997375 8
1657511622288 0.5002933144569397 9
1657511622549 0.581328809261322 10
1657511622804 0.7324626445770264 11
1657511623061 0.7487841844558716 12
1657511623316 0.7713300585746765 13
1657511623574 0.7802355885505676 14
1657511623831 0.5413057804107666 15
1657511624092 0.15372993052005768 16
1657511624352 0.018812375143170357 17
1657511624607 0.0005971517530269921 18
1657511624859 2.0949710233253427e-05 19
1657511625116 6.974306074880587e-07 20
1657511625373 9.698155167825462e-08 21
1657511625627 4.0211162399828027e-08 22
1657511625884 3.10080338294938e-07 23
1657511626141 1.5246406519509037e-06 24
1657511626397 2.7527719794306904e-05 25
1657511626654 0.001638940186239779 26
1657511626921 0.015897037461400032 27
1657511627176 0.08720968663692474 28
1657511627436 0.24319027364253998 29
1657511627694 0.48821699619293213 30
1657511627953 0.7091813087463379 31
1657511628205 0.8703453540802002 32
1657511628509 0.9551483988761902 33
1657511628768 0.9893418550491333 34
1657511629024 0.9972519278526306 35
1657511629314 0.9995934367179871 36
1657511629569 0.9999462366104126 37
1657511629863 0.999995231628418 38
1657511630121 0.9999997615814209 39
1657511630375 1.0 40
1657511630629 1.0 41
1657511630881 1.0 42
1657511631139 1.0 43
1657511631393 1.0 44
1657511631647 1.0 45
1657511631907 1.0 46
1657511632168 1.0 47
1657511632426 1.0 48
1657511632678 1.0 49
1657511632935 1.0 50
1657511633186 1.0 51
1657511633440 1.0 52
1657511633695 1.0 53
1657511633954 1.0 54
1657511634208 1.0 55
1657511634466 1.0 56
1657511634724 1.0 57
1657511634979 1.0 58
1657511635232 1.0 59
1657511635487 1.0 60
1657511635741 1.0 61
1657511636005 1.0 62
1657511636262 1.0 63
1657511636518 1.0 64
1657511636777 1.0 65
1657511637032 1.0 66
1657511637284 1.0 67
1657511637534 1.0 68
