1657511731678 0.06518902629613876 0
1657511732264 0.04241444170475006 1
1657511732748 0.097264863550663 2
1657511733017 0.12437114864587784 3
1657511733273 0.15463756024837494 4
1657511733535 0.17674440145492554 5
1657511733790 0.24069152772426605 6
1657511734051 0.3279212713241577 7
1657511734302 0.43829596042633057 8
1657511734559 0.4269319474697113 9
1657511734810 0.4410286843776703 10
1657511735064 0.49054154753685 11
1657511735317 0.29733696579933167 12
1657511735593 0.1101776659488678 13
1657511735847 0.021083781495690346 14
1657511736102 0.0012187821557745337 15
1657511736355 6.41659862594679e-05 16
1657511736606 7.851096597732976e-06 17
1657511736858 1.169610072793148e-06 18
1657511737111 5.267146434562164e-07 19
1657511737365 3.89310400805698e-07 20
1657511737618 1.0563842351984931e-06 21
1657511737872 4.671025180869037e-06 22
1657511738127 9.850220521911979e-05 23
1657511738381 0.0004939261707477272 24
1657511738637 0.003115165513008833 25
1657511738892 0.02887893281877041 26
1657511739150 0.0350242517888546 27
1657511739404 0.02596987783908844 28
1657511739660 0.012923333793878555 29
1657511739916 0.008015098050236702 30
1657511740165 0.004233723971992731 31
1657511740423 0.0020059754606336355 32
1657511740675 0.0010648100869730115 33
1657511740971 0.0008345452370122075 34
1657511741228 0.0006653053569607437 35
1657511741488 0.0008599599823355675 36
1657511741772 0.0006967689259909093 37
1657511742026 0.0008498907554894686 38
1657511742312 0.0009462428861297667 39
1657511742575 0.0008657958242110908 40
1657511742829 0.0003033663670066744 41
1657511743077 9.766615403350443e-05 42
1657511743331 3.5613353247754276e-05 43
1657511743588 1.1237125363550149e-05 44
1657511743838 2.283185267515364e-06 45
1657511744090 5.671693337205852e-09 46
1657511744340 6.623015025297718e-09 47
1657511744594 9.796440103571058e-09 48
1657511744844 9.681927259919121e-09 49
1657511745094 1.7484564907022104e-08 50
1657511745346 1.4322410812894759e-08 51
1657511745601 1.1531128940589497e-08 52
1657511745851 8.648781246733961e-09 53
1657511746108 4.547887844097431e-09 54
1657511746360 2.427937850768558e-09 55
1657511746616 1.4322224517471227e-09 56
1657511746868 5.381488032973891e-10 57
1657511747121 2.0026590108468412e-10 58
1657511747372 1.4517767543686944e-10 59
1657511747625 9.256082011965816e-11 60
1657511747876 3.3197399690321205e-11 61
1657511748128 3.6214514026466915e-11 62
1657511748381 9.529722844181521e-11 63
1657511748636 1.527511450660768e-10 64
1657511748884 3.880319954241429e-10 65
1657511749137 3.074636656386076e-10 66
1657511749391 7.646507316216855e-10 67
1657511749643 7.154418724120148e-10 68
