1657511731680 0.0 0
1657511732266 0.009577912278473377 1
1657511732749 0.026919910684227943 2
1657511733019 0.09228289872407913 3
1657511733275 0.24935057759284973 4
1657511733536 0.548848032951355 5
1657511733791 0.9864345788955688 6
1657511734053 1.6460555791854858 7
1657511734304 2.5846428871154785 8
1657511734560 3.8640427589416504 9
1657511734812 4.934566497802734 10
1657511735066 5.727589130401611 11
1657511735319 6.117784023284912 12
1657511735594 5.780004501342773 13
1657511735848 4.500857353210449 14
1657511736103 2.537513256072998 15
1657511736357 0.12871114909648895 16
1657511736608 -2.1162922382354736 17
1657511736860 -3.824469566345215 18
1657511737113 -4.6797194480896 19
1657511737367 -4.576167106628418 20
1657511737620 -3.6103763580322266 21
1657511737873 -1.999762773513794 22
1657511738128 -0.2519630193710327 23
1657511738382 1.2995414733886719 24
1657511738638 2.37270188331604 25
1657511738894 2.844043493270874 26
1657511739152 2.745096445083618 27
1657511739406 2.2113826274871826 28
1657511739662 1.3690098524093628 29
1657511739917 0.4267411530017853 30
1657511740166 -0.4924301207065582 31
1657511740424 -1.2486752271652222 32
1657511740677 -1.7333348989486694 33
1657511740972 -1.8564378023147583 34
1657511741229 -1.59977388381958 35
1657511741490 -1.017619013786316 36
1657511741773 -0.262099951505661 37
1657511742027 0.43277472257614136 38
1657511742313 0.9673333764076233 39
1657511742576 1.2934424877166748 40
1657511742830 1.2801759243011475 41
1657511743078 0.926794707775116 42
1657511743332 0.338149756193161 43
1657511743589 -0.2891089916229248 44
1657511743839 -0.7742924690246582 45
1657511744092 -1.0637848377227783 46
1657511744341 -1.156154990196228 47
1657511744595 -1.1165659427642822 48
1657511744845 -0.9623385071754456 49
1657511745096 -0.7356318831443787 50
1657511745347 -0.4604576528072357 51
1657511745603 -0.18405988812446594 52
1657511745853 0.04131017625331879 53
1657511746110 0.17477698624134064 54
1657511746362 0.18120887875556946 55
1657511746617 0.060838375240564346 56
1657511746869 -0.15806935727596283 57
1657511747123 -0.44401222467422485 58
1657511747373 -0.707172691822052 59
1657511747627 -0.8996999263763428 60
1657511747877 -0.9796332120895386 61
1657511748129 -0.9384077787399292 62
1657511748382 -0.7953531742095947 63
1657511748637 -0.6003819108009338 64
1657511748885 -0.3922167122364044 65
1657511749138 -0.21667392551898956 66
1657511749392 -0.1296481192111969 67
1657511749645 -0.13180144131183624 68
