1657511731690 0.004173567984253168 0
1657511732279 0.003946711774915457 1
1657511732760 0.004393869079649448 2
1657511733028 0.004549290053546429 3
1657511733285 0.004638927057385445 4
1657511733546 0.004438305273652077 5
1657511733802 0.004547347780317068 6
1657511734063 0.004663347266614437 7
1657511734313 0.004973519127815962 8
1657511734570 0.004412326030433178 9
1657511734822 0.0044561768881976604 10
1657511735076 0.00451025040820241 11
1657511735328 0.004501336254179478 12
1657511735604 0.004979753866791725 13
1657511735859 0.004964514635503292 14
1657511736113 0.005291110835969448 15
1657511736367 0.005293403286486864 16
1657511736618 0.0054218522273004055 17
1657511736870 0.005489385221153498 18
1657511737123 0.005607453640550375 19
1657511737377 0.005653245374560356 20
1657511737630 0.0058830976486206055 21
1657511737883 0.005670721177011728 22
1657511738139 0.00556893739849329 23
1657511738392 0.005465250462293625 24
1657511738648 0.0054654330015182495 25
1657511738904 0.005042022559791803 26
1657511739162 0.004867703653872013 27
1657511739416 0.004854960832744837 28
1657511739672 0.0046249208971858025 29
1657511739927 0.004662609193474054 30
1657511740176 0.004775418899953365 31
1657511740434 0.005033247172832489 32
1657511740687 0.005344245117157698 33
1657511740982 0.00542260380461812 34
1657511741239 0.005763814318925142 35
1657511741500 0.005891537759453058 36
1657511741783 0.005600074306130409 37
1657511742037 0.005621935706585646 38
1657511742324 0.00649143336340785 39
1657511742586 0.006876092869788408 40
1657511742840 0.007020376622676849 41
1657511743088 0.007142576854676008 42
1657511743342 0.0069474526681005955 43
1657511743599 0.006430139299482107 44
1657511743848 0.006276980042457581 45
1657511744102 0.004780557006597519 46
1657511744351 0.004623274318873882 47
1657511744605 0.004602642729878426 48
1657511744855 0.004512461367994547 49
1657511745106 0.004708772990852594 50
1657511745357 0.004954920150339603 51
1657511745612 0.005181262269616127 52
1657511745862 0.00550847640261054 53
1657511746119 0.005587103310972452 54
1657511746372 0.005804861430078745 55
1657511746627 0.005981402471661568 56
1657511746879 0.006530048791319132 57
1657511747133 0.006382399704307318 58
1657511747383 0.006561636924743652 59
1657511747637 0.006803423166275024 60
1657511747887 0.007193040568381548 61
1657511748139 0.007112993858754635 62
1657511748392 0.006734393537044525 63
1657511748646 0.006915985140949488 64
1657511748895 0.007087244652211666 65
1657511749148 0.006847811862826347 66
1657511749402 0.006360009778290987 67
1657511749654 0.006227707024663687 68
