1657511731693 0.0 0
1657511732282 0.009577912278473377 1
1657511732763 0.028702007606625557 2
1657511733030 0.09228289872407913 3
1657511733288 0.24935057759284973 4
1657511733548 0.548848032951355 5
1657511733804 0.9864345788955688 6
1657511734065 1.6460555791854858 7
1657511734316 2.5846428871154785 8
1657511734573 3.8640427589416504 9
1657511734824 4.934566497802734 10
1657511735078 5.727589130401611 11
1657511735331 6.117784023284912 12
1657511735606 5.780004501342773 13
1657511735861 4.610718250274658 14
1657511736115 4.5326995849609375 15
1657511736369 4.240907669067383 16
1657511736620 3.713693141937256 17
1657511736872 2.9818336963653564 18
1657511737125 2.0401902198791504 19
1657511737379 0.9525834321975708 20
1657511737632 1.3139923810958862 21
1657511737886 1.9185116291046143 22
1657511738141 2.782165050506592 23
1657511738394 3.1716439723968506 24
1657511738651 3.1543166637420654 25
1657511738906 2.844043493270874 26
1657511739164 2.745096445083618 27
1657511739418 3.221872091293335 28
1657511739674 4.079966068267822 29
1657511739929 4.971879959106445 30
1657511740179 5.862185478210449 31
1657511740436 6.707406520843506 32
1657511740689 7.5098772048950195 33
1657511740984 8.277718544006348 34
1657511741241 9.001681327819824 35
1657511741503 9.742199897766113 36
1657511741785 10.479602813720703 37
1657511742040 11.154895782470703 38
1657511742326 11.756736755371094 39
1657511742588 12.29942512512207 40
1657511742842 12.683945655822754 41
1657511743090 12.931943893432617 42
1657511743344 13.139206886291504 43
1657511743601 13.404915809631348 44
1657511743851 13.781216621398926 45
1657511744104 14.293322563171387 46
1657511744354 14.782827377319336 47
1657511744607 15.34570598602295 48
1657511744857 15.982999801635742 49
1657511745108 16.659847259521484 50
1657511745359 17.380781173706055 51
1657511745614 18.101348876953125 52
1657511745865 18.764429092407227 53
1657511746122 19.348979949951172 54
1657511746374 19.83720588684082 55
1657511746629 20.28642463684082 56
1657511746881 20.74632453918457 57
1657511747135 21.279693603515625 58
1657511747385 21.828351974487305 59
1657511747639 22.36668586730957 60
1657511747889 22.802892684936523 61
1657511748141 23.040002822875977 62
1657511748394 23.021390914916992 63
1657511748649 22.800437927246094 64
1657511748897 22.419530868530273 65
1657511749150 21.919347763061523 66
1657511749404 21.36060333251953 67
1657511749656 20.797119140625 68
