1657511731692 0.0 0
1657511732281 1.0874191522598267 1
1657511732762 2.8577980995178223 2
1657511733029 5.319702625274658 3
1657511733286 7.9352264404296875 4
1657511733547 10.249394416809082 5
1657511733803 11.796463966369629 6
1657511734064 12.589507102966309 7
1657511734314 12.685593605041504 8
1657511734571 12.388136863708496 9
1657511734823 11.935331344604492 10
1657511735077 11.44479751586914 11
1657511735329 11.027674674987793 12
1657511735605 10.469649314880371 13
1657511735860 9.812369346618652 14
1657511736114 9.367329597473145 15
1657511736368 9.640474319458008 16
1657511736619 10.580870628356934 17
1657511736871 11.754687309265137 18
1657511737124 12.674032211303711 19
1657511737378 13.107674598693848 20
1657511737631 13.082021713256836 21
1657511737885 12.875566482543945 22
1657511738140 12.670624732971191 23
1657511738393 12.2553071975708 24
1657511738649 11.666101455688477 25
1657511738905 11.025884628295898 26
1657511739163 10.417798042297363 27
1657511739417 10.01141357421875 28
1657511739673 9.977866172790527 29
1657511739928 10.316999435424805 30
1657511740177 10.935416221618652 31
1657511740435 11.7073392868042 32
1657511740688 12.609951972961426 33
1657511740983 13.618584632873535 34
1657511741240 14.628412246704102 35
1657511741501 15.668548583984375 36
1657511741784 16.63552474975586 37
1657511742039 17.411867141723633 38
1657511742325 18.032215118408203 39
1657511742587 18.68144416809082 40
1657511742841 19.3367862701416 41
1657511743089 19.969303131103516 42
1657511743343 20.602983474731445 43
1657511743600 21.274015426635742 44
1657511743850 21.93924903869629 45
1657511744103 22.677978515625 46
1657511744353 23.435720443725586 47
1657511744606 24.265878677368164 48
1657511744856 25.171152114868164 49
1657511745107 26.05209732055664 50
1657511745358 26.919647216796875 51
1657511745613 27.76890754699707 52
1657511745863 28.613569259643555 53
1657511746121 29.495948791503906 54
1657511746373 30.38042449951172 55
1657511746628 31.263866424560547 56
1657511746880 32.09379196166992 57
1657511747134 32.93159484863281 58
1657511747384 33.5985107421875 59
1657511747638 34.075782775878906 60
1657511747888 34.37163162231445 61
1657511748140 34.55326461791992 62
1657511748393 34.580997467041016 63
1657511748647 34.36293411254883 64
1657511748896 33.886497497558594 65
1657511749149 33.18110656738281 66
1657511749403 32.40346908569336 67
1657511749655 31.59123420715332 68
