1657511731685 4.945489883422852 0
1657511732274 4.628969192504883 1
1657511732756 5.338456153869629 2
1657511733024 5.5791425704956055 3
1657511733280 5.72028923034668 4
1657511733542 5.501220703125 5
1657511733797 5.588585376739502 6
1657511734058 5.699963092803955 7
1657511734309 6.265076637268066 8
1657511734565 5.491558074951172 9
1657511734818 5.3373918533325195 10
1657511735072 5.55694580078125 11
1657511735324 5.008918762207031 12
1657511735600 6.334540843963623 13
1657511735854 6.604435443878174 14
1657511736109 6.907073020935059 15
1657511736362 6.73732852935791 16
1657511736613 6.9368486404418945 17
1657511736865 7.32749080657959 18
1657511737119 7.760468006134033 19
1657511737373 7.842499732971191 20
1657511737625 8.176217079162598 21
1657511737879 7.881974697113037 22
1657511738135 7.963989734649658 23
1657511738388 7.647932052612305 24
1657511738644 7.726744651794434 25
1657511738899 6.778115272521973 26
1657511739158 6.464194297790527 27
1657511739411 6.290230751037598 28
1657511739667 5.796422004699707 29
1657511739923 5.333103656768799 30
1657511740172 5.730841636657715 31
1657511740430 5.924683094024658 32
1657511740682 6.458364963531494 33
1657511740978 6.44963264465332 34
1657511741235 7.073030948638916 35
1657511741496 7.135159015655518 36
1657511741778 6.651759147644043 37
1657511742033 6.69996452331543 38
1657511742319 7.9430317878723145 39
1657511742582 8.48668098449707 40
1657511742836 8.676446914672852 41
1657511743084 8.910076141357422 42
1657511743338 8.790947914123535 43
1657511743595 8.23830795288086 44
1657511743844 8.140825271606445 45
1657511744097 6.079981803894043 46
1657511744347 5.528508186340332 47
1657511744601 5.488808631896973 48
1657511744851 5.011496067047119 49
1657511745102 5.514077186584473 50
1657511745353 6.038118362426758 51
1657511745608 6.1143269538879395 52
1657511745858 6.663490295410156 53
1657511746115 6.964791774749756 54
1657511746367 7.272259712219238 55
1657511746623 7.607668876647949 56
1657511746875 8.318090438842773 57
1657511747128 8.098931312561035 58
1657511747379 8.230548858642578 59
1657511747632 8.574712753295898 60
1657511747883 8.98975944519043 61
1657511748135 8.959135055541992 62
1657511748388 8.531354904174805 63
1657511748642 8.752145767211914 64
1657511748891 9.103862762451172 65
1657511749143 8.81035327911377 66
1657511749398 8.15323543548584 67
1657511749650 8.0891752243042 68
