1657511731683 32.840763092041016 0
1657511732271 30.434907913208008 1
1657511732753 32.83126449584961 2
1657511733022 34.6468505859375 3
1657511733278 37.038883209228516 4
1657511733540 38.07516098022461 5
1657511733795 40.0219841003418 6
1657511734056 41.9354248046875 7
1657511734307 44.51640319824219 8
1657511734563 44.92731857299805 9
1657511734815 47.99836349487305 10
1657511735069 50.9822883605957 11
1657511735322 53.152587890625 12
1657511735598 65.0076675415039 13
1657511735852 64.26810455322266 14
1657511736107 70.68693542480469 15
1657511736360 70.83696746826172 16
1657511736611 74.25505065917969 17
1657511736863 78.72991943359375 18
1657511737116 79.9656982421875 19
1657511737371 80.76274871826172 20
1657511737623 82.02397918701172 21
1657511737877 79.60098266601562 22
1657511738132 84.8025894165039 23
1657511738386 82.07054901123047 24
1657511738642 80.7881851196289 25
1657511738897 70.16012573242188 26
1657511739155 68.23541259765625 27
1657511739409 64.91974639892578 28
1657511739665 59.39288330078125 29
1657511739921 55.95338439941406 30
1657511740170 51.02389144897461 31
1657511740428 51.7772102355957 32
1657511740680 51.55973815917969 33
1657511740976 50.078575134277344 34
1657511741232 50.71002197265625 35
1657511741493 50.876529693603516 36
1657511741776 48.54104232788086 37
1657511742031 48.75368881225586 38
1657511742317 52.69587326049805 39
1657511742580 55.234962463378906 40
1657511742833 54.70957565307617 41
1657511743081 55.40434646606445 42
1657511743336 57.42051315307617 43
1657511743592 57.546424865722656 44
1657511743842 58.53474044799805 45
1657511744095 68.19931030273438 46
1657511744345 64.23385620117188 47
1657511744598 61.82258224487305 48
1657511744848 58.95158004760742 49
1657511745099 59.550941467285156 50
1657511745351 60.36982727050781 51
1657511745606 59.71624755859375 52
1657511745856 60.688472747802734 53
1657511746113 60.30941390991211 54
1657511746365 60.17952346801758 55
1657511746621 60.549171447753906 56
1657511746873 62.5030632019043 57
1657511747126 63.22014236450195 58
1657511747377 61.7124137878418 59
1657511747630 62.6086311340332 60
1657511747881 63.30952453613281 61
1657511748133 64.04003143310547 62
1657511748386 63.028987884521484 63
1657511748640 63.56627655029297 64
1657511748889 65.56636047363281 65
1657511749141 66.22468566894531 66
1657511749395 64.76036834716797 67
1657511749648 65.49687194824219 68
