1657511731682 0.06518902629613876 0
1657511732269 0.05645314231514931 1
1657511732752 0.097264863550663 2
1657511733021 0.12437114864587784 3
1657511733277 0.15463756024837494 4
1657511733539 0.17674440145492554 5
1657511733794 0.24069152772426605 6
1657511734055 0.3279212713241577 7
1657511734306 0.43829596042633057 8
1657511734562 0.4269319474697113 9
1657511734814 0.4410286843776703 10
1657511735068 0.49054154753685 11
1657511735321 0.48819494247436523 12
1657511735597 0.6095266342163086 13
1657511735851 0.5816554427146912 14
1657511736106 0.5562689304351807 15
1657511736359 0.4239439070224762 16
1657511736610 0.32114219665527344 17
1657511736862 0.183220773935318 18
1657511737115 0.12059581279754639 19
1657511737369 0.161609947681427 20
1657511737622 0.20025530457496643 21
1657511737876 0.342578649520874 22
1657511738131 0.15901492536067963 23
1657511738385 0.16819384694099426 24
1657511738641 0.25743377208709717 25
1657511738896 0.33658891916275024 26
1657511739154 0.45838692784309387 27
1657511739408 0.6129841804504395 28
1657511739664 0.7316870093345642 29
1657511739920 0.7909501194953918 30
1657511740169 0.8404703736305237 31
1657511740427 0.8861134052276611 32
1657511740679 0.9201872944831848 33
1657511740975 0.9450926184654236 34
1657511741231 0.9619642496109009 35
1657511741492 0.9738078713417053 36
1657511741775 0.9886598587036133 37
1657511742030 0.9937627911567688 38
1657511742316 0.9960210919380188 39
1657511742579 0.9970292448997498 40
1657511742832 0.9983489513397217 41
1657511743080 0.9989933371543884 42
1657511743335 0.9995274543762207 43
1657511743591 0.9997972846031189 44
1657511743841 0.9999223947525024 45
1657511744094 0.9999939203262329 46
1657511744344 0.9999951124191284 47
1657511744597 0.9999973773956299 48
1657511744847 0.9999980926513672 49
1657511745098 0.9999988079071045 50
1657511745349 0.9999991655349731 51
1657511745605 0.9999998807907104 52
1657511745855 1.0 53
1657511746112 1.0 54
1657511746364 1.0 55
1657511746620 1.0 56
1657511746872 1.0 57
1657511747125 1.0 58
1657511747376 1.0 59
1657511747629 1.0 60
1657511747880 1.0 61
1657511748131 1.0 62
1657511748385 1.0 63
1657511748639 1.0 64
1657511748887 1.0 65
1657511749140 1.0 66
1657511749394 1.0 67
1657511749647 1.0 68
