1657511731681 0.10959871113300323 0
1657511732268 0.09292945265769958 1
1657511732751 0.14331597089767456 2
1657511733020 0.17371799051761627 3
1657511733276 0.20297002792358398 4
1657511733537 0.21931320428848267 5
1657511733792 0.2828810214996338 6
1657511734054 0.3878089487552643 7
1657511734305 0.5244929194450378 8
1657511734561 0.5204859972000122 9
1657511734813 0.5564501285552979 10
1657511735067 0.6252757906913757 11
1657511735320 0.5720227360725403 12
1657511735596 0.6204651594161987 13
1657511735849 0.5849118828773499 14
1657511736104 0.5608661770820618 15
1657511736358 0.4337597191333771 16
1657511736609 0.3416881561279297 17
1657511736861 0.2367219179868698 18
1657511737114 0.21142731606960297 19
1657511737368 0.2284720242023468 20
1657511737621 0.2991098165512085 21
1657511737875 0.3763279318809509 22
1657511738130 0.23270092904567719 23
1657511738383 0.25602152943611145 24
1657511738639 0.31471019983291626 25
1657511738895 0.36379361152648926 26
1657511739153 0.4679068326950073 27
1657511739407 0.6173325181007385 28
1657511739663 0.7329960465431213 29
1657511739919 0.7914778590202332 30
1657511740167 0.8407928943634033 31
1657511740426 0.8863212466239929 32
1657511740678 0.9203196167945862 33
1657511740974 0.9451594948768616 34
1657511741230 0.962015688419342 35
1657511741491 0.9738345146179199 36
1657511741774 0.9886643290519714 37
1657511742029 0.9937642216682434 38
1657511742314 0.9960222244262695 39
1657511742578 0.9970300197601318 40
1657511742831 0.9983492493629456 41
1657511743079 0.998993456363678 42
1657511743333 0.9995275139808655 43
1657511743590 0.9997972846031189 44
1657511743840 0.9999223947525024 45
1657511744093 0.9999939203262329 46
1657511744342 0.9999951124191284 47
1657511744596 0.9999973773956299 48
1657511744846 0.9999980926513672 49
1657511745097 0.9999988079071045 50
1657511745348 0.9999991655349731 51
1657511745604 0.9999998807907104 52
1657511745854 1.0 53
1657511746111 1.0 54
1657511746363 1.0 55
1657511746619 1.0 56
1657511746871 1.0 57
1657511747124 1.0 58
1657511747374 1.0 59
1657511747628 1.0 60
1657511747879 1.0 61
1657511748130 1.0 62
1657511748383 1.0 63
1657511748638 1.0 64
1657511748886 1.0 65
1657511749139 1.0 66
1657511749393 1.0 67
1657511749646 1.0 68
