1657511731684 4.945489883422852 0
1657511732272 4.637099742889404 1
1657511732754 5.365375995635986 2
1657511733023 5.6714253425598145 3
1657511733279 5.969639778137207 4
1657511733541 6.0500688552856445 5
1657511733796 6.575019836425781 6
1657511734057 7.235911846160889 7
1657511734308 8.256382942199707 8
1657511734564 8.196138381958008 9
1657511734817 8.660266876220703 10
1657511735071 9.497182846069336 11
1657511735323 9.062191009521484 12
1657511735599 9.840492248535156 13
1657511735853 9.373701095581055 14
1657511736108 9.776012420654297 15
1657511736361 9.272642135620117 16
1657511736612 9.080699920654297 17
1657511736864 8.651593208312988 18
1657511737117 8.323278427124023 19
1657511737372 8.704874992370605 20
1657511737624 9.33267879486084 21
1657511737878 9.80048656463623 22
1657511738133 8.50256061553955 23
1657511738387 8.464484214782715 24
1657511738643 8.959556579589844 25
1657511738898 8.601329803466797 26
1657511739157 8.94575309753418 27
1657511739410 9.438528060913086 28
1657511739666 9.61783218383789 29
1657511739922 9.855895042419434 30
1657511740171 10.033668518066406 31
1657511740429 10.595766067504883 32
1657511740681 11.139782905578613 33
1657511740977 11.464496612548828 34
1657511741233 12.060735702514648 35
1657511741495 12.491519927978516 36
1657511741777 13.013731956481934 37
1657511742032 13.657709121704102 38
1657511742318 14.908260345458984 39
1657511742581 15.677098274230957 40
1657511742835 16.112424850463867 41
1657511743083 16.59592628479004 42
1657511743337 17.317670822143555 43
1657511743594 17.784317016601562 44
1657511743843 18.611114501953125 45
1657511744096 20.37330436706543 46
1657511744346 20.311336517333984 47
1657511744599 20.834514617919922 48
1657511744849 20.994495391845703 49
1657511745100 21.506046295166016 50
1657511745352 22.312150955200195 51
1657511745607 23.33278465270996 52
1657511745857 24.24883270263672 53
1657511746114 24.892141342163086 54
1657511746366 25.305198669433594 55
1657511746622 25.649173736572266 56
1657511746874 26.4163818359375 57
1657511747127 26.619815826416016 58
1657511747378 26.867359161376953 59
1657511747631 27.356918334960938 60
1657511747882 28.065872192382812 61
1657511748134 28.099157333374023 62
1657511748387 27.45111083984375 63
1657511748641 27.08716583251953 64
1657511748890 26.715824127197266 65
1657511749142 26.609561920166016 66
1657511749396 25.862695693969727 67
1657511749649 25.677753448486328 68
