1663200016777 0.0 0
1663200017028 -0.18551434576511383 1
1663200017317 -0.5721222758293152 2
1663200017636 -1.1355754137039185 3
1663200017868 -1.8868805170059204 4
1663200018095 -2.7784712314605713 5
1663200018317 -3.594862222671509 6
1663200018543 -4.0351433753967285 7
1663200018772 -4.028620719909668 8
1663200019000 -2.6392710208892822 9
1663200019229 9.03443717956543 10
1663200019454 152.7529296875 11
1663200019680 459.8667907714844 12
1663200019905 1085.610595703125 13
1663200020140 2456.8876953125 14
1663200020388 5483.24755859375 15
1663200020663 13330.3896484375 16
1663200020885 31982.462890625 17
1663200021108 72862.5390625 18
1663200021328 175943.046875 19
1663200021575 421971.625 20
1663200021799 1044397.9375 21
1663200022019 2598690.5 22
1663200022241 6580002.0 23
1663200022463 15451839.0 24
1663200022690 40639296.0 25
1663200022915 93847016.0 26
1663200023134 220187168.0 27
1663200023355 477891072.0 28
1663200023577 1087435904.0 29
1663200023799 2329848832.0 30
1663200024019 5507464192.0 31
1663200024255 13400397824.0 32
1663200024494 33930106880.0 33
1663200024718 98255233024.0 34
1663200024958 270919811072.0 35
1663200025183 804021534720.0 36
1663200025404 2179185901568.0 37
1663200025626 5403102412800.0 38
1663200025845 14414547779584.0 39
1663200026066 40041174794240.0 40
1663200026293 116414509744128.0 41
1663200026546 331362364030976.0 42
1663200026773 1014450337349632.0 43
1663200027043 3083513519669248.0 44
1663200027268 8775164183445504.0 45
1663200027507 2.546885756505293e+16 46
1663200027731 5.092994982923469e+16 47
1663200027961 1.189482516793262e+17 48
1663200028181 2.9277634133649e+17 49
1663200028411 7.48942584461656e+17 50
1663200028631 2.1354112852049265e+18 51
1663200028850 5.802435670832054e+18 52
1663200029071 1.6202789275488485e+19 53
1663200029291 4.303425619050155e+19 54
1663200029521 1.1606614507398785e+20 55
1663200029776 3.190589581603184e+20 56
1663200030020 9.296629417980933e+20 57
1663200030240 2.58075033029276e+21 58
1663200030474 6.870460219085573e+21 59
1663200030712 1.7293533212826646e+22 60
1663200031011 4.434436046453116e+22 61
1663200031305 1.250664298255572e+23 62
1663200031546 3.130800139164435e+23 63
1663200031792 7.269813560860929e+23 64
1663200032068 1.7996642077159158e+24 65
1663200032309 4.592823934381644e+24 66
1663200032547 1.204617006075462e+25 67
1663200032832 2.8122282701299096e+25 68
