1663200016775 0.0011576623655855656 0
1663200017027 0.0012185684172436595 1
1663200017316 0.0012571554398164153 2
1663200017635 0.001406575902365148 3
1663200017866 0.0015868274495005608 4
1663200018094 0.0018733203178271651 5
1663200018316 0.0023046478163450956 6
1663200018542 0.0034822903107851744 7
1663200018770 0.007637424860149622 8
1663200018999 0.06146068125963211 9
1663200019228 0.9999208450317383 10
1663200019453 1.0 11
1663200019678 1.0 12
1663200019904 1.0 13
1663200020138 1.0 14
1663200020386 1.0 15
1663200020661 1.0 16
1663200020883 1.0 17
1663200021106 1.0 18
1663200021327 1.0 19
1663200021568 1.0 20
1663200021798 1.0 21
1663200022018 1.0 22
1663200022240 1.0 23
1663200022462 1.0 24
1663200022689 1.0 25
1663200022913 1.0 26
1663200023133 1.0 27
1663200023354 1.0 28
1663200023576 1.0 29
1663200023798 1.0 30
1663200024018 1.0 31
1663200024254 1.0 32
1663200024492 1.0 33
1663200024716 1.0 34
1663200024956 1.0 35
1663200025182 1.0 36
1663200025402 1.0 37
1663200025625 1.0 38
1663200025844 1.0 39
1663200026065 1.0 40
1663200026292 1.0 41
1663200026545 1.0 42
1663200026771 1.0 43
1663200027041 1.0 44
1663200027267 1.0 45
1663200027505 1.0 46
1663200027730 1.0 47
1663200027959 1.0 48
1663200028180 1.0 49
1663200028409 1.0 50
1663200028630 1.0 51
1663200028849 1.0 52
1663200029070 1.0 53
1663200029290 1.0 54
1663200029520 1.0 55
1663200029775 1.0 56
1663200030018 1.0 57
1663200030239 1.0 58
1663200030473 1.0 59
1663200030711 1.0 60
1663200031009 1.0 61
1663200031304 1.0 62
1663200031545 1.0 63
1663200031790 1.0 64
1663200032067 1.0 65
1663200032307 1.0 66
1663200032546 1.0 67
1663200032830 1.0 68
