1663200016789 0.02706627920269966 0
1663200017042 0.03047238104045391 1
1663200017330 0.03243985399603844 2
1663200017649 0.03675801679491997 3
1663200017879 0.041530411690473557 4
1663200018107 0.04166737198829651 5
1663200018329 0.03202194720506668 6
1663200018555 0.030665649101138115 7
1663200018784 0.03309568390250206 8
1663200019012 0.02511501871049404 9
1663200019241 0.017929865047335625 10
1663200019466 0.019964247941970825 11
1663200019692 0.024185627698898315 12
1663200019917 0.02663635089993477 13
1663200020152 0.024876857176423073 14
1663200020417 0.027043277397751808 15
1663200020675 0.026477009057998657 16
1663200020896 0.024210846051573753 17
1663200021120 0.02636166289448738 18
1663200021340 0.026495283469557762 19
1663200021588 0.02804599516093731 20
1663200021811 0.028660977259278297 21
1663200022031 0.029699837788939476 22
1663200022253 0.02636629343032837 23
1663200022475 0.03110799752175808 24
1663200022702 0.025807304307818413 25
1663200022926 0.02560674026608467 26
1663200023146 0.022096026688814163 27
1663200023367 0.02328985370695591 28
1663200023589 0.020978106185793877 29
1663200023811 0.024495184421539307 30
1663200024031 0.02653943933546543 31
1663200024267 0.029028940945863724 32
1663200024505 0.03676880523562431 33
1663200024730 0.035991258919239044 34
1663200024970 0.04037361219525337 35
1663200025195 0.03594562038779259 36
1663200025416 0.030439753085374832 37
1663200025638 0.03306353837251663 38
1663200025856 0.035686194896698 39
1663200026078 0.03897187113761902 40
1663200026305 0.03850530460476875 41
1663200026558 0.04297991469502449 42
1663200026784 0.04348672181367874 43
1663200027054 0.03953505679965019 44
1663200027280 0.03999396786093712 45
1663200027519 0.02102351188659668 46
1663200027744 0.024639470502734184 47
1663200027972 0.027219552546739578 48
1663200028193 0.029715759679675102 49
1663200028423 0.03612266108393669 50
1663200028643 0.035061467438936234 51
1663200028862 0.036562081426382065 52
1663200029083 0.034072328358888626 53
1663200029303 0.03444385156035423 54
1663200029533 0.03551677614450455 55
1663200029789 0.03911762312054634 56
1663200030031 0.037067484110593796 57
1663200030252 0.03438904881477356 58
1663200030486 0.030871594324707985 59
1663200030748 0.03105309046804905 60
1663200031027 0.036059822887182236 61
1663200031318 0.030735952779650688 62
1663200031559 0.026238156482577324 63
1663200031805 0.028196364641189575 64
1663200032081 0.029946906492114067 65
1663200032321 0.031771253794431686 66
1663200032559 0.02651660516858101 67
1663200032843 0.03111315332353115 68
