1663200016790 0.0 0
1663200017043 6.1260480880737305 1
1663200017331 19.043630599975586 2
1663200017650 38.14463806152344 3
1663200017881 64.54153442382812 4
1663200018108 98.1030044555664 5
1663200018330 133.752197265625 6
1663200018556 161.3762664794922 7
1663200018785 187.18325805664062 8
1663200019013 213.57762145996094 9
1663200019242 232.49583435058594 10
1663200019467 296.5294494628906 11
1663200019693 597.4203491210938 12
1663200019918 1406.44677734375 13
1663200020153 3417.150146484375 14
1663200020418 7898.18505859375 15
1663200020676 19290.60546875 16
1663200020897 46081.60546875 17
1663200021121 104725.3046875 18
1663200021341 252749.484375 19
1663200021589 606306.3125 20
1663200021812 1500900.75 21
1663200022032 3734712.0 22
1663200022254 9456345.0 23
1663200022476 22206166.0 24
1663200022704 58403468.0 25
1663200022927 134869296.0 26
1663200023147 316434912.0 27
1663200023368 686786816.0 28
1663200023590 1562774400.0 29
1663200023812 3348268800.0 30
1663200024032 7914878464.0 31
1663200024269 19257968640.0 32
1663200024507 48761581568.0 33
1663200024731 141204504576.0 34
1663200024971 389344493568.0 35
1663200025196 1155475046400.0 36
1663200025417 3131751006208.0 37
1663200025639 7764897169408.0 38
1663200025858 20715399020544.0 39
1663200026079 57543992803328.0 40
1663200026306 167301458427904.0 41
1663200026559 476206679982080.0 42
1663200026786 1457885443784704.0 43
1663200027055 4431377604804608.0 44
1663200027281 1.261094739902464e+16 45
1663200027520 3.660175424618496e+16 46
1663200027745 7.319251337609216e+16 47
1663200027973 1.7094287665659904e+17 48
1663200028194 4.207546500865065e+17 49
1663200028424 1.0763193541334139e+18 50
1663200028644 3.0688416816053617e+18 51
1663200028863 8.33878469573922e+18 52
1663200029084 inf 53
1663200029304 inf 54
1663200029534 inf 55
1663200029790 inf 56
1663200030032 inf 57
1663200030253 inf 58
1663200030487 inf 59
1663200030750 inf 60
1663200031028 inf 61
1663200031319 inf 62
1663200031560 inf 63
1663200031806 inf 64
1663200032082 inf 65
1663200032322 inf 66
1663200032560 inf 67
1663200032844 inf 68
