1663200016791 0.0 0
1663200017045 -0.18551434576511383 1
1663200017332 -0.5721222758293152 2
1663200017651 -1.1355754137039185 3
1663200017882 -1.8868805170059204 4
1663200018109 -2.7784712314605713 5
1663200018331 -3.594862222671509 6
1663200018557 -4.0351433753967285 7
1663200018786 -4.028620719909668 8
1663200019014 -2.6392710208892822 9
1663200019243 9.03443717956543 10
1663200019468 152.7529296875 11
1663200019694 459.8667907714844 12
1663200019919 1085.610595703125 13
1663200020154 2456.8876953125 14
1663200020421 5483.24755859375 15
1663200020677 13330.3896484375 16
1663200020898 31982.462890625 17
1663200021122 72862.5390625 18
1663200021342 175943.046875 19
1663200021590 421971.625 20
1663200021813 1044397.9375 21
1663200022033 2598690.5 22
1663200022255 6580002.0 23
1663200022477 15451839.0 24
1663200022705 40639296.0 25
1663200022928 93847016.0 26
1663200023148 220187168.0 27
1663200023369 477891072.0 28
1663200023591 1087435904.0 29
1663200023813 2329848832.0 30
1663200024033 5507464192.0 31
1663200024270 13400397824.0 32
1663200024508 33930106880.0 33
1663200024732 98255233024.0 34
1663200024973 270919811072.0 35
1663200025197 804021534720.0 36
1663200025418 2179185901568.0 37
1663200025640 5403102412800.0 38
1663200025859 14414547779584.0 39
1663200026080 40041174794240.0 40
1663200026308 116414509744128.0 41
1663200026560 331362364030976.0 42
1663200026787 1014450337349632.0 43
1663200027056 3083513519669248.0 44
1663200027282 8775164183445504.0 45
1663200027521 2.546885756505293e+16 46
1663200027746 5.092994982923469e+16 47
1663200027974 1.189482516793262e+17 48
1663200028195 2.9277634133649e+17 49
1663200028425 7.48942584461656e+17 50
1663200028645 2.1354112852049265e+18 51
1663200028864 5.802435670832054e+18 52
1663200029085 1.6202789275488485e+19 53
1663200029305 4.303425619050155e+19 54
1663200029535 1.1606614507398785e+20 55
1663200029791 3.190589581603184e+20 56
1663200030034 9.296629417980933e+20 57
1663200030254 2.58075033029276e+21 58
1663200030488 6.870460219085573e+21 59
1663200030751 1.7293533212826646e+22 60
1663200031029 4.434436046453116e+22 61
1663200031320 1.250664298255572e+23 62
1663200031561 3.130800139164435e+23 63
1663200031807 7.269813560860929e+23 64
1663200032083 1.7996642077159158e+24 65
1663200032323 4.592823934381644e+24 66
1663200032561 1.204617006075462e+25 67
1663200032845 2.8122282701299096e+25 68
