1663200016778 0.14742018282413483 0
1663200017030 0.1904965192079544 1
1663200017319 0.19980178773403168 2
1663200017637 0.2715749740600586 3
1663200017869 0.3087896704673767 4
1663200018096 0.30520638823509216 5
1663200018318 0.20179343223571777 6
1663200018544 0.18223518133163452 7
1663200018773 0.14889958500862122 8
1663200019001 0.06575459241867065 9
1663200019230 0.02424420230090618 10
1663200019455 0.015295607969164848 11
1663200019681 0.008003279566764832 12
1663200019906 0.002698916243389249 13
1663200020141 0.0014442236861214042 14
1663200020389 0.0003753557684831321 15
1663200020664 0.0002201654715463519 16
1663200020886 0.00035211379872635007 17
1663200021109 0.0002712496498133987 18
1663200021329 0.00025054559228010476 19
1663200021576 0.00016845151549205184 20
1663200021800 0.00021137253497727215 21
1663200022020 0.0001633995707379654 22
1663200022242 0.002041606465354562 23
1663200022464 0.0011163548333570361 24
1663200022691 0.003338777692988515 25
1663200022916 0.014272589236497879 26
1663200023135 0.029610445722937584 27
1663200023356 0.04575665295124054 28
1663200023579 0.036809228360652924 29
1663200023800 0.07241258770227432 30
1663200024020 0.08032096922397614 31
1663200024257 0.08130565285682678 32
1663200024495 0.10208620876073837 33
1663200024719 0.09496115148067474 34
1663200024959 0.11478391289710999 35
1663200025184 0.10705751925706863 36
1663200025405 0.09191232919692993 37
1663200025627 0.07772425562143326 38
1663200025846 0.08856432884931564 39
1663200026067 0.10250676423311234 40
1663200026294 0.07812818139791489 41
1663200026547 0.09027675539255142 42
1663200026774 0.13105377554893494 43
1663200027044 0.11836984753608704 44
1663200027269 0.09699957072734833 45
1663200027508 0.011895813047885895 46
1663200027732 0.017233792692422867 47
1663200027962 0.02517201378941536 48
1663200028182 0.02970919758081436 49
1663200028412 0.03670502454042435 50
1663200028632 0.03723936155438423 51
1663200028851 0.045153599232435226 52
1663200029072 0.055088333785533905 53
1663200029293 0.043147407472133636 54
1663200029522 0.04610788822174072 55
1663200029777 0.04052447900176048 56
1663200030021 0.041632622480392456 57
1663200030241 0.02758507989346981 58
1663200030475 0.024893680587410927 59
1663200030713 0.035840585827827454 60
1663200031012 0.038236550986766815 61
1663200031306 0.037254225462675095 62
1663200031547 0.040538493543863297 63
1663200031793 0.026475729420781136 64
1663200032069 0.03909740224480629 65
1663200032310 0.03720026835799217 66
1663200032548 0.0377361960709095 67
1663200032833 0.045643746852874756 68
