1663200016787 6.171623229980469 0
1663200017040 6.514170169830322 1
1663200017328 6.610598564147949 2
1663200017646 7.043363094329834 3
1663200017877 7.377437114715576 4
1663200018105 7.352138042449951 5
1663200018327 6.6103668212890625 6
1663200018553 6.468520164489746 7
1663200018782 6.450872421264648 8
1663200019010 6.116153240203857 9
1663200019239 5.25681209564209 10
1663200019464 5.503587245941162 11
1663200019690 5.726076126098633 12
1663200019915 5.870181083679199 13
1663200020150 5.603070259094238 14
1663200020412 5.88798713684082 15
1663200020672 6.078981399536133 16
1663200020894 5.659239292144775 17
1663200021117 6.034427642822266 18
1663200021338 5.760355472564697 19
1663200021585 6.065682411193848 20
1663200021808 6.160754203796387 21
1663200022029 6.364811897277832 22
1663200022251 6.5569257736206055 23
1663200022473 7.135916709899902 24
1663200022700 6.382272720336914 25
1663200022924 6.496561050415039 26
1663200023144 5.357877731323242 27
1663200023365 5.813032150268555 28
1663200023587 5.69265604019165 29
1663200023809 6.01499605178833 30
1663200024029 6.233179092407227 31
1663200024265 6.598720550537109 32
1663200024503 7.221883296966553 33
1663200024727 7.149204254150391 34
1663200024968 7.447415351867676 35
1663200025193 7.078890800476074 36
1663200025413 6.445546627044678 37
1663200025636 6.7480597496032715 38
1663200025854 7.006031036376953 39
1663200026076 7.259499549865723 40
1663200026303 7.323078155517578 41
1663200026556 7.780105113983154 42
1663200026782 7.710174560546875 43
1663200027052 7.399585723876953 44
1663200027278 7.543492794036865 45
1663200027516 5.490172386169434 46
1663200027741 5.871233940124512 47
1663200027970 6.0521392822265625 48
1663200028191 6.197093963623047 49
1663200028421 6.881726264953613 50
1663200028641 7.0605316162109375 51
1663200028860 7.260756492614746 52
1663200029081 6.866683006286621 53
1663200029301 6.968191146850586 54
1663200029531 7.082934379577637 55
1663200029786 7.559962272644043 56
1663200030029 7.296839714050293 57
1663200030250 7.141604900360107 58
1663200030484 6.8826375007629395 59
1663200030724 6.884782791137695 60
1663200031024 7.2382941246032715 61
1663200031316 6.833785057067871 62
1663200031556 6.36119270324707 63
1663200031802 6.604498386383057 64
1663200032079 6.651175498962402 65
1663200032318 7.0171122550964355 66
1663200032557 6.386746406555176 67
1663200032841 6.825435161590576 68
