1663200016780 6.171623229980469 0
1663200017032 6.514170169830322 1
1663200017321 6.610598564147949 2
1663200017640 7.043363094329834 3
1663200017871 7.377437114715576 4
1663200018098 7.352138042449951 5
1663200018320 6.6103668212890625 6
1663200018546 6.468520164489746 7
1663200018775 6.407771587371826 8
1663200019003 5.424615859985352 9
1663200019233 4.203657150268555 10
1663200019457 3.873173236846924 11
1663200019683 3.580928325653076 12
1663200019908 2.863162040710449 13
1663200020143 2.156484842300415 14
1663200020397 1.0154647827148438 15
1663200020666 0.49432235956192017 16
1663200020888 0.7061256170272827 17
1663200021111 0.6969510316848755 18
1663200021332 0.698104977607727 19
1663200021578 0.53617924451828 20
1663200021802 0.7819037437438965 21
1663200022023 0.5965824723243713 22
1663200022244 2.954317092895508 23
1663200022466 2.5897183418273926 24
1663200022694 3.3993234634399414 25
1663200022918 4.807790756225586 26
1663200023138 5.357877731323242 27
1663200023358 5.716527938842773 28
1663200023581 5.164750099182129 29
1663200023802 6.01499605178833 30
1663200024022 6.026867866516113 31
1663200024259 5.992242813110352 32
1663200024497 6.487374305725098 33
1663200024721 6.305006980895996 34
1663200024961 6.699511528015137 35
1663200025186 6.465158939361572 36
1663200025407 6.168708801269531 37
1663200025630 6.191370010375977 38
1663200025848 6.417323112487793 39
1663200026070 6.734101295471191 40
1663200026296 6.4680280685424805 41
1663200026549 6.711851119995117 42
1663200026776 7.137717247009277 43
1663200027046 6.9331560134887695 44
1663200027271 6.718343734741211 45
1663200027510 4.055853366851807 46
1663200027735 4.673238754272461 47
1663200027964 5.139322280883789 48
1663200028184 5.334197521209717 49
1663200028414 5.926881790161133 50
1663200028634 5.842247009277344 51
1663200028853 5.934380054473877 52
1663200029074 5.833254814147949 53
1663200029295 5.562921524047852 54
1663200029525 5.632349014282227 55
1663200029780 5.738667011260986 56
1663200030023 5.513658046722412 57
1663200030244 5.010687828063965 58
1663200030477 4.676687240600586 59
1663200030716 5.012529373168945 60
1663200031015 5.185853958129883 61
1663200031309 5.065901756286621 62
1663200031549 5.072151184082031 63
1663200031795 4.7238030433654785 64
1663200032072 5.330291271209717 65
1663200032312 5.301764011383057 66
1663200032550 5.123646259307861 67
1663200032835 5.548398017883301 68
