1663200016788 0.729337215423584 0
1663200017041 0.6952762007713318 1
1663200017329 0.6756014823913574 2
1663200017647 0.6324198246002197 3
1663200017878 0.5846958756446838 4
1663200018106 0.5833262801170349 5
1663200018328 0.6797805428504944 6
1663200018554 0.6933435201644897 7
1663200018783 0.6690431833267212 8
1663200019011 0.7488498091697693 9
1663200019240 0.8207013607025146 10
1663200019465 0.8003575205802917 11
1663200019691 0.7581437230110168 12
1663200019916 0.7336364984512329 13
1663200020151 0.7512314319610596 14
1663200020414 0.7295672297477722 15
1663200020674 0.7352299094200134 16
1663200020895 0.7578915357589722 17
1663200021119 0.7363833785057068 18
1663200021339 0.7350471615791321 19
1663200021587 0.7195400595664978 20
1663200021810 0.7133902311325073 21
1663200022030 0.7030016183853149 22
1663200022252 0.7363370656967163 23
1663200022474 0.6889200210571289 24
1663200022701 0.7419269680976868 25
1663200022925 0.7439326047897339 26
1663200023145 0.779039740562439 27
1663200023366 0.7671014666557312 28
1663200023588 0.7902189493179321 29
1663200023810 0.7550481557846069 30
1663200024030 0.734605610370636 31
1663200024266 0.7097105979919434 32
1663200024504 0.6323119401931763 33
1663200024728 0.6400874257087708 34
1663200024969 0.5962638854980469 35
1663200025194 0.6405438184738159 36
1663200025414 0.6956024765968323 37
1663200025637 0.6693646311759949 38
1663200025855 0.64313805103302 39
1663200026077 0.6102812886238098 40
1663200026304 0.6149469614028931 41
1663200026557 0.5702008605003357 42
1663200026783 0.5651327967643738 43
1663200027053 0.6046494245529175 44
1663200027279 0.6000603437423706 45
1663200027517 0.7897648811340332 46
1663200027742 0.753605306148529 47
1663200027971 0.7278044819831848 48
1663200028192 0.7028424143791199 49
1663200028422 0.6387733817100525 50
1663200028642 0.6493853330612183 51
1663200028861 0.6343792080879211 52
1663200029082 0.6592767238616943 53
1663200029302 0.6555615067481995 54
1663200029532 0.6448322534561157 55
1663200029788 0.6088237762451172 56
1663200030030 0.6293251514434814 57
1663200030251 0.6561095118522644 58
1663200030485 0.6912840604782104 59
1663200030745 0.6894690990447998 60
1663200031026 0.6394017934799194 61
1663200031317 0.692640483379364 62
1663200031557 0.7376184463500977 63
1663200031803 0.7180363535881042 64
1663200032080 0.7005309462547302 65
1663200032319 0.6822874546051025 66
1663200032558 0.7348339557647705 67
1663200032842 0.6888684630393982 68
