1663200016779 0.0011576623655855656 0
1663200017031 0.0012185684172436595 1
1663200017320 0.0012571554398164153 2
1663200017638 0.001406575902365148 3
1663200017870 0.0015868274495005608 4
1663200018097 0.0018733203178271651 5
1663200018319 0.0023046478163450956 6
1663200018545 0.0034822903107851744 7
1663200018774 0.007637424860149622 8
1663200019002 0.06146068125963211 9
1663200019231 0.9999208450317383 10
1663200019456 1.0 11
1663200019682 1.0 12
1663200019907 1.0 13
1663200020142 1.0 14
1663200020393 1.0 15
1663200020665 1.0 16
1663200020887 1.0 17
1663200021110 1.0 18
1663200021331 1.0 19
1663200021577 1.0 20
1663200021801 1.0 21
1663200022022 1.0 22
1663200022243 1.0 23
1663200022465 1.0 24
1663200022693 1.0 25
1663200022917 1.0 26
1663200023137 1.0 27
1663200023357 1.0 28
1663200023580 1.0 29
1663200023801 1.0 30
1663200024021 1.0 31
1663200024258 1.0 32
1663200024496 1.0 33
1663200024720 1.0 34
1663200024960 1.0 35
1663200025185 1.0 36
1663200025406 1.0 37
1663200025628 1.0 38
1663200025847 1.0 39
1663200026069 1.0 40
1663200026295 1.0 41
1663200026548 1.0 42
1663200026775 1.0 43
1663200027045 1.0 44
1663200027270 1.0 45
1663200027509 1.0 46
1663200027734 1.0 47
1663200027963 1.0 48
1663200028183 1.0 49
1663200028413 1.0 50
1663200028633 1.0 51
1663200028852 1.0 52
1663200029073 1.0 53
1663200029294 1.0 54
1663200029523 1.0 55
1663200029778 1.0 56
1663200030022 1.0 57
1663200030242 1.0 58
1663200030476 1.0 59
1663200030714 1.0 60
1663200031014 1.0 61
1663200031308 1.0 62
1663200031548 1.0 63
1663200031794 1.0 64
1663200032070 1.0 65
1663200032311 1.0 66
1663200032549 1.0 67
1663200032834 1.0 68
