1663200016781 0.14742018282413483 0
1663200017033 0.004982173442840576 1
1663200017322 -0.3723204731941223 2
1663200017641 -0.8640004396438599 3
1663200017872 -1.5780909061431885 4
1663200018099 -2.4732649326324463 5
1663200018321 -3.393068790435791 6
1663200018547 -3.852908134460449 7
1663200018776 -3.879721164703369 8
1663200019004 -2.573516368865967 9
1663200019234 9.05868148803711 10
1663200019459 152.76821899414062 11
1663200019684 459.8747863769531 12
1663200019909 1085.61328125 13
1663200020144 2456.88916015625 14
1663200020398 5483.248046875 15
1663200020667 13330.3896484375 16
1663200020889 31982.462890625 17
1663200021112 72862.5390625 18
1663200021333 175943.046875 19
1663200021580 421971.625 20
1663200021803 1044397.9375 21
1663200022024 2598690.5 22
1663200022245 6580002.0 23
1663200022467 15451839.0 24
1663200022695 40639296.0 25
1663200022919 93847016.0 26
1663200023139 220187168.0 27
1663200023359 477891072.0 28
1663200023582 1087435904.0 29
1663200023803 2329848832.0 30
1663200024023 5507464192.0 31
1663200024260 13400397824.0 32
1663200024498 33930106880.0 33
1663200024722 98255233024.0 34
1663200024962 270919811072.0 35
1663200025187 804021534720.0 36
1663200025408 2179185901568.0 37
1663200025631 5403102412800.0 38
1663200025849 14414547779584.0 39
1663200026071 40041174794240.0 40
1663200026297 116414509744128.0 41
1663200026550 331362364030976.0 42
1663200026777 1014450337349632.0 43
1663200027047 3083513519669248.0 44
1663200027272 8775164183445504.0 45
1663200027511 2.546885756505293e+16 46
1663200027736 5.092994982923469e+16 47
1663200027965 1.189482516793262e+17 48
1663200028185 2.9277634133649e+17 49
1663200028415 7.48942584461656e+17 50
1663200028635 2.1354112852049265e+18 51
1663200028854 5.802435670832054e+18 52
1663200029075 1.6202789275488485e+19 53
1663200029296 4.303425619050155e+19 54
1663200029526 1.1606614507398785e+20 55
1663200029781 3.190589581603184e+20 56
1663200030024 9.296629417980933e+20 57
1663200030245 2.58075033029276e+21 58
1663200030478 6.870460219085573e+21 59
1663200030717 1.7293533212826646e+22 60
1663200031016 4.434436046453116e+22 61
1663200031310 1.250664298255572e+23 62
1663200031550 3.130800139164435e+23 63
1663200031797 7.269813560860929e+23 64
1663200032073 1.7996642077159158e+24 65
1663200032313 4.592823934381644e+24 66
1663200032551 1.204617006075462e+25 67
1663200032836 2.8122282701299096e+25 68
