1663200016786 0.14742018282413483 0
1663200017039 0.004982173442840576 1
1663200017326 -0.3723204731941223 2
1663200017645 -0.8640004396438599 3
1663200017876 -1.5780909061431885 4
1663200018104 -2.4732649326324463 5
1663200018326 -3.393068790435791 6
1663200018552 -3.852908134460449 7
1663200018780 -3.879721164703369 8
1663200019009 -2.573516368865967 9
1663200019238 9.05868148803711 10
1663200019463 152.76821899414062 11
1663200019688 459.8747863769531 12
1663200019914 1085.61328125 13
1663200020149 2456.88916015625 14
1663200020409 5483.248046875 15
1663200020671 13330.3896484375 16
1663200020893 31982.462890625 17
1663200021116 72862.5390625 18
1663200021337 175943.046875 19
1663200021584 421971.625 20
1663200021807 1044397.9375 21
1663200022028 2598690.5 22
1663200022250 6580002.0 23
1663200022472 15451839.0 24
1663200022699 40639296.0 25
1663200022923 93847016.0 26
1663200023143 220187168.0 27
1663200023364 477891072.0 28
1663200023586 1087435904.0 29
1663200023808 2329848832.0 30
1663200024028 5507464192.0 31
1663200024264 13400397824.0 32
1663200024502 33930106880.0 33
1663200024726 98255233024.0 34
1663200024967 270919811072.0 35
1663200025192 804021534720.0 36
1663200025412 2179185901568.0 37
1663200025635 5403102412800.0 38
1663200025853 14414547779584.0 39
1663200026075 40041174794240.0 40
1663200026302 116414509744128.0 41
1663200026555 331362364030976.0 42
1663200026781 1014450337349632.0 43
1663200027051 3083513519669248.0 44
1663200027277 8775164183445504.0 45
1663200027515 2.546885756505293e+16 46
1663200027740 5.092994982923469e+16 47
1663200027969 1.189482516793262e+17 48
1663200028189 2.9277634133649e+17 49
1663200028420 7.48942584461656e+17 50
1663200028640 2.1354112852049265e+18 51
1663200028859 5.802435670832054e+18 52
1663200029080 1.6202789275488485e+19 53
1663200029300 4.303425619050155e+19 54
1663200029530 1.1606614507398785e+20 55
1663200029785 3.190589581603184e+20 56
1663200030028 9.296629417980933e+20 57
1663200030249 2.58075033029276e+21 58
1663200030483 6.870460219085573e+21 59
1663200030723 1.7293533212826646e+22 60
1663200031022 4.434436046453116e+22 61
1663200031315 1.250664298255572e+23 62
1663200031555 3.130800139164435e+23 63
1663200031801 7.269813560860929e+23 64
1663200032077 1.7996642077159158e+24 65
1663200032317 4.592823934381644e+24 66
1663200032556 1.204617006075462e+25 67
1663200032840 2.8122282701299096e+25 68
