1663200016783 0.1858580857515335 0
1663200017035 6.098756313323975 1
1663200017324 19.013916015625 2
1663200017643 38.11476135253906 3
1663200017874 64.51165008544922 4
1663200018102 98.07315826416016 5
1663200018323 133.7219696044922 6
1663200018549 161.3463897705078 7
1663200018778 187.1539306640625 8
1663200019007 213.54812622070312 9
1663200019236 232.46664428710938 10
1663200019461 296.5114440917969 11
1663200019686 597.4069213867188 12
1663200019912 1406.4290771484375 13
1663200020147 3417.129150390625 14
1663200020404 7898.162109375 15
1663200020669 19290.583984375 16
1663200020891 46081.58203125 17
1663200021114 104725.296875 18
1663200021335 252749.46875 19
1663200021582 606306.3125 20
1663200021805 1500900.625 21
1663200022026 3734712.0 22
1663200022248 9456345.0 23
1663200022470 22206166.0 24
1663200022697 58403468.0 25
1663200022921 134869296.0 26
1663200023141 316434912.0 27
1663200023361 686786816.0 28
1663200023584 1562774400.0 29
1663200023806 3348268800.0 30
1663200024025 7914878464.0 31
1663200024262 19257968640.0 32
1663200024500 48761581568.0 33
1663200024724 141204504576.0 34
1663200024965 389344493568.0 35
1663200025190 1155475046400.0 36
1663200025410 3131751006208.0 37
1663200025633 7764897169408.0 38
1663200025851 20715399020544.0 39
1663200026073 57543992803328.0 40
1663200026300 167301458427904.0 41
1663200026553 476206679982080.0 42
1663200026779 1457885443784704.0 43
1663200027049 4431377604804608.0 44
1663200027275 1.261094739902464e+16 45
1663200027513 3.660175424618496e+16 46
1663200027738 7.319251337609216e+16 47
1663200027967 1.7094287665659904e+17 48
1663200028187 4.207546500865065e+17 49
1663200028417 1.0763193541334139e+18 50
1663200028638 3.0688416816053617e+18 51
1663200028857 8.33878469573922e+18 52
1663200029078 inf 53
1663200029298 inf 54
1663200029528 inf 55
1663200029783 inf 56
1663200030026 inf 57
1663200030247 inf 58
1663200030480 inf 59
1663200030719 inf 60
1663200031019 inf 61
1663200031312 inf 62
1663200031553 inf 63
1663200031799 inf 64
1663200032075 inf 65
1663200032315 inf 66
1663200032554 inf 67
1663200032838 inf 68
