1663200016782 0.031623367220163345 0
1663200017034 0.03162376582622528 1
1663200017323 0.031624190509319305 2
1663200017642 0.031625788658857346 3
1663200017873 0.03162895515561104 4
1663200018101 0.031636402010917664 5
1663200018322 0.03165294602513313 6
1663200018548 0.03172777593135834 7
1663200018777 0.03233424574136734 8
1663200019006 0.06829097867012024 9
1663200019235 0.9999208450317383 10
1663200019460 1.0 11
1663200019685 1.0 12
1663200019911 1.0 13
1663200020146 1.0 14
1663200020401 1.0 15
1663200020668 1.0 16
1663200020890 1.0 17
1663200021113 1.0 18
1663200021334 1.0 19
1663200021581 1.0 20
1663200021804 1.0 21
1663200022025 1.0 22
1663200022246 1.0 23
1663200022468 1.0 24
1663200022696 1.0 25
1663200022920 1.0 26
1663200023140 1.0 27
1663200023360 1.0 28
1663200023583 1.0 29
1663200023804 1.0 30
1663200024024 1.0 31
1663200024261 1.0 32
1663200024499 1.0 33
1663200024723 1.0 34
1663200024964 1.0 35
1663200025189 1.0 36
1663200025409 1.0 37
1663200025632 1.0 38
1663200025850 1.0 39
1663200026072 1.0 40
1663200026299 1.0 41
1663200026552 1.0 42
1663200026778 1.0 43
1663200027048 1.0 44
1663200027274 1.0 45
1663200027512 1.0 46
1663200027737 1.0 47
1663200027966 1.0 48
1663200028186 1.0 49
1663200028416 1.0 50
1663200028636 1.0 51
1663200028855 1.0 52
1663200029077 1.0 53
1663200029297 1.0 54
1663200029527 1.0 55
1663200029782 1.0 56
1663200030025 1.0 57
1663200030246 1.0 58
1663200030479 1.0 59
1663200030718 1.0 60
1663200031018 1.0 61
1663200031311 1.0 62
1663200031552 1.0 63
1663200031798 1.0 64
1663200032074 1.0 65
1663200032314 1.0 66
1663200032553 1.0 67
1663200032837 1.0 68
