1663200016785 0.0011576623655855656 0
1663200017037 0.0012185684172436595 1
1663200017325 0.0012571554398164153 2
1663200017644 0.001406575902365148 3
1663200017875 0.0015868274495005608 4
1663200018103 0.0018733203178271651 5
1663200018325 0.0023046478163450956 6
1663200018551 0.0034822903107851744 7
1663200018779 0.007637424860149622 8
1663200019008 0.06146068125963211 9
1663200019237 0.9999208450317383 10
1663200019462 1.0 11
1663200019687 1.0 12
1663200019913 1.0 13
1663200020148 1.0 14
1663200020407 1.0 15
1663200020670 1.0 16
1663200020892 1.0 17
1663200021115 1.0 18
1663200021336 1.0 19
1663200021583 1.0 20
1663200021806 1.0 21
1663200022027 1.0 22
1663200022249 1.0 23
1663200022471 1.0 24
1663200022698 1.0 25
1663200022922 1.0 26
1663200023142 1.0 27
1663200023363 1.0 28
1663200023585 1.0 29
1663200023807 1.0 30
1663200024026 1.0 31
1663200024263 1.0 32
1663200024501 1.0 33
1663200024725 1.0 34
1663200024966 1.0 35
1663200025191 1.0 36
1663200025411 1.0 37
1663200025634 1.0 38
1663200025852 1.0 39
1663200026074 1.0 40
1663200026301 1.0 41
1663200026554 1.0 42
1663200026780 1.0 43
1663200027050 1.0 44
1663200027276 1.0 45
1663200027514 1.0 46
1663200027739 1.0 47
1663200027968 1.0 48
1663200028188 1.0 49
1663200028418 1.0 50
1663200028639 1.0 51
1663200028858 1.0 52
1663200029079 1.0 53
1663200029299 1.0 54
1663200029529 1.0 55
1663200029784 1.0 56
1663200030027 1.0 57
1663200030248 1.0 58
1663200030481 1.0 59
1663200030721 1.0 60
1663200031021 1.0 61
1663200031313 1.0 62
1663200031554 1.0 63
1663200031800 1.0 64
1663200032076 1.0 65
1663200032316 1.0 66
1663200032555 1.0 67
1663200032839 1.0 68
