1659742684444 0.0 0
1659742727387 0.0 0
1659742753661 0.0 0
1659742757912 0.009577900171279907 1
1659742761300 0.0272222850471735 2
1659742764861 0.09429394453763962 3
1659742768127 0.2593882977962494 4
1659742771427 0.5870615243911743 5
1659742774854 1.0982558727264404 6
1659742778192 1.944556713104248 7
1659742781534 3.324927806854248 8
1659742784906 5.584725379943848 9
1659742788193 8.292264938354492 10
1659742791430 11.673452377319336 11
1659742794718 15.31712532043457 12
1659742798349 18.6835994720459 13
1659742802269 21.785066604614258 14
1659742806054 24.20734214782715 15
1659742809358 26.331884384155273 16
1659742812594 28.47627067565918 17
1659742815849 31.20796775817871 18
1659742819086 34.92097854614258 19
1659742822327 39.85902786254883 20
1659742825616 45.91172409057617 21
1659742828911 53.04240417480469 22
1659742832139 60.38473129272461 23
1659742835418 67.84088134765625 24
1659742838689 75.39569854736328 25
1659742841941 83.40022277832031 26
1659742845257 91.55712890625 27
1659742848571 100.56392669677734 28
1659742851835 111.0257797241211 29
1659742855126 122.64779663085938 30
1659742858632 136.1505126953125 31
1659742862029 151.83033752441406 32
1659742865638 170.27520751953125 33
1659742869624 191.88026428222656 34
1659742874097 215.93130493164062 35
1659742877498 243.9892578125 36
1659742882414 275.6457824707031 37
1659742885894 309.1055908203125 38
1659742889845 346.6182556152344 39
1659742904351 395.08636474609375 40
1659742908130 452.71881103515625 41
1659742911604 518.8971557617188 42
1659742914971 594.6300659179688 43
1659742918271 677.4577026367188 44
1659742922152 763.6220092773438 45
1659742932310 858.07421875 46
1659742942039 938.8060913085938 47
1659742958548 1025.9130859375 48
1659742974192 1122.177490234375 49
1659742978351 1226.5711669921875 50
1659742982091 1346.7535400390625 51
1659742985512 1486.16015625 52
1659742989533 1646.9503173828125 53
1659742993677 1835.7742919921875 54
1659742997668 2047.7862548828125 55
1659743001049 2292.016845703125 56
1659743004399 2571.464111328125 57
1659743007704 2910.69189453125 58
1659743011074 3280.342041015625 59
1659743014321 3704.647216796875 60
1659743017559 4196.74365234375 61
1659743020975 4780.09912109375 62
1659743024284 5428.9931640625 63
1659743027678 6121.50732421875 64
1659743032233 6923.29296875 65
1659743037168 7850.171875 66
1659743043393 8861.36328125 67
1659743059796 9921.5205078125 68
