1659742684439 0.06518896669149399 0
1659742727383 0.06518896669149399 0
1659742753657 0.06518896669149399 0
1659742757909 0.042414430528879166 1
1659742761297 0.0973401889204979 2
1659742764858 0.1248437911272049 3
1659742768125 0.15663133561611176 4
1659742771425 0.18365666270256042 5
1659742774852 0.2621445059776306 6
1659742778189 0.38730770349502563 7
1659742781531 0.5731803178787231 8
1659742784903 0.7414383888244629 9
1659742788190 0.9302507638931274 10
1659742791428 0.9958338737487793 11
1659742794715 0.9997870326042175 12
1659742798347 0.9999903440475464 13
1659742802265 0.9999996423721313 14
1659742806049 1.0 15
1659742809355 1.0 16
1659742812592 1.0 17
1659742815847 1.0 18
1659742819083 1.0 19
1659742822324 1.0 20
1659742825613 1.0 21
1659742828908 1.0 22
1659742832136 1.0 23
1659742835415 1.0 24
1659742838686 1.0 25
1659742841939 1.0 26
1659742845255 1.0 27
1659742848568 1.0 28
1659742851831 1.0 29
1659742855124 1.0 30
1659742858629 1.0 31
1659742862026 1.0 32
1659742865636 1.0 33
1659742869622 1.0 34
1659742874091 1.0 35
1659742877496 1.0 36
1659742882408 1.0 37
1659742885891 1.0 38
1659742889837 1.0 39
1659742904314 1.0 40
1659742908127 1.0 41
1659742911601 1.0 42
1659742914969 1.0 43
1659742918266 1.0 44
1659742922149 1.0 45
1659742932302 1.0 46
1659742942031 1.0 47
1659742958542 1.0 48
1659742974185 1.0 49
1659742978347 1.0 50
1659742982088 1.0 51
1659742985510 1.0 52
1659742989527 1.0 53
1659742993674 1.0 54
1659742997663 1.0 55
1659743001045 1.0 56
1659743004396 1.0 57
1659743007700 1.0 58
1659743011072 1.0 59
1659743014318 1.0 60
1659743017556 1.0 61
1659743020970 1.0 62
1659743024281 1.0 63
1659743027676 1.0 64
1659743032226 1.0 65
1659743037165 1.0 66
1659743043386 1.0 67
1659743059792 1.0 68
