1659742753676 0.004173566587269306 0
1659742757922 0.003946710843592882 1
1659742761312 0.004393869079649448 2
1659742764871 0.004549292381852865 3
1659742768138 0.004638927523046732 4
1659742771440 0.004438304807990789 5
1659742774864 0.004547348711639643 6
1659742778202 0.004663347266614437 7
1659742781546 0.0049735200591385365 8
1659742784917 0.004412327893078327 9
1659742788203 0.004456177353858948 10
1659742791441 0.004510251805186272 11
1659742794729 0.004501336254179478 12
1659742798361 0.004979753401130438 13
1659742802282 0.00496451323851943 14
1659742806070 0.005291111301630735 15
1659742809370 0.0052934023551642895 16
1659742812605 0.0054218522273004055 17
1659742815862 0.005489383824169636 18
1659742819097 0.00560745457187295 19
1659742822341 0.0056532458402216434 20
1659742825628 0.0058830976486206055 21
1659742828922 0.005670720711350441 22
1659742832150 0.005568936467170715 23
1659742835432 0.005465249996632338 24
1659742838700 0.005465433467179537 25
1659742841952 0.005042023025453091 26
1659742845269 0.004867701791226864 27
1659742848584 0.004854962695389986 28
1659742851845 0.004624919965863228 29
1659742855138 0.004662610124796629 30
1659742858643 0.004775417502969503 31
1659742862042 0.005033247172832489 32
1659742865651 0.005344245117157698 33
1659742869635 0.005422602873295546 34
1659742874114 0.005763813853263855 35
1659742877515 0.0058915382251143456 36
1659742882430 0.005600073374807835 37
1659742885904 0.0056219398975372314 38
1659742889862 0.00649143336340785 39
1659742904440 0.00687609426677227 40
1659742908140 0.007020375691354275 41
1659742911614 0.007142576854676008 42
1659742914981 0.006947455462068319 43
1659742918286 0.0064301383681595325 44
1659742922162 0.006276980508118868 45
1659742932354 0.004780554678291082 46
1659742942070 0.004623273387551308 47
1659742958571 0.004602641332894564 48
1659742974212 0.004512461367994547 49
1659742978367 0.004708772990852594 50
1659742982102 0.004954920150339603 51
1659742985525 0.005181261338293552 52
1659742989547 0.00550847640261054 53
1659742993691 0.005587103310972452 54
1659742997708 0.005804861430078745 55
1659743001059 0.005981402471661568 56
1659743004410 0.006530046463012695 57
1659743007713 0.006382399704307318 58
1659743011087 0.00656163552775979 59
1659743014333 0.006803419440984726 60
1659743017580 0.007193040102720261 61
1659743020991 0.007112991064786911 62
1659743024295 0.0067343926057219505 63
1659743027689 0.006915984209626913 64
1659743032266 0.007087246049195528 65
1659743037182 0.006847812794148922 66
1659743043440 0.0063600135035812855 67
1659743059815 0.006227707955986261 68
