1659742753677 0.0 0
1659742757923 1.0874186754226685 1
1659742761314 2.89212703704834 2
1659742764873 5.484508514404297 3
1659742768140 8.393731117248535 4
1659742771441 11.211941719055176 5
1659742774866 13.439274787902832 6
1659742778204 15.096141815185547 7
1659742781548 16.20711898803711 8
1659742784919 17.160383224487305 9
1659742788205 18.12784194946289 10
1659742791442 19.658924102783203 11
1659742794730 22.000844955444336 12
1659742798362 24.859539031982422 13
1659742802284 28.440412521362305 14
1659742806071 32.34098434448242 15
1659742809371 36.94248580932617 16
1659742812607 41.989017486572266 17
1659742815863 47.625675201416016 18
1659742819098 53.76128005981445 19
1659742822343 60.53105926513672 20
1659742825629 67.95838928222656 21
1659742828923 76.55364990234375 22
1659742832152 85.76667022705078 23
1659742835433 95.91158294677734 24
1659742838701 107.03312683105469 25
1659742841954 119.55394744873047 26
1659742845270 132.65025329589844 27
1659742848585 146.91827392578125 28
1659742851846 162.9121856689453 29
1659742855139 179.94833374023438 30
1659742858644 199.1304473876953 31
1659742862043 221.02882385253906 32
1659742865652 246.73785400390625 33
1659742869637 277.1190185546875 34
1659742874115 311.4090270996094 35
1659742877516 351.9314880371094 36
1659742882432 398.0198974609375 37
1659742885907 446.7384948730469 38
1659742889863 501.1435241699219 39
1659742904460 571.1468505859375 40
1659742908141 654.0357055664062 41
1659742911616 748.801513671875 42
1659742914983 857.0220336914062 43
1659742918288 975.5304565429688 44
1659742922164 1099.1341552734375 45
1659742932358 1234.92919921875 46
1659742942098 1350.7347412109375 47
1659742958573 1475.5650634765625 48
1659742974216 1613.6201171875 49
1659742978369 1763.49853515625 50
1659742982103 1936.32421875 51
1659742985526 2137.0361328125 52
1659742989549 2368.67919921875 53
1659742993692 2640.677734375 54
1659742997709 2945.80224609375 55
1659743001060 3296.865966796875 56
1659743004411 3698.153564453125 57
1659743007715 4185.068359375 58
1659743011088 4715.654296875 59
1659743014334 5324.9990234375 60
1659743017582 6032.185546875 61
1659743020992 6870.90087890625 62
1659743024296 7803.9892578125 63
1659743027692 8799.6982421875 64
1659743032268 9952.1982421875 65
1659743037184 11284.193359375 66
1659743043443 12737.0478515625 67
1659743059818 14260.1865234375 68
