1659742753679 0.0 0
1659742757925 0.009577900171279907 1
1659742761315 0.02895873412489891 2
1659742764874 0.09429394453763962 3
1659742768141 0.2593882977962494 4
1659742771443 0.5870615243911743 5
1659742774867 1.0982558727264404 6
1659742778206 1.944556713104248 7
1659742781550 3.324927806854248 8
1659742784920 5.584725379943848 9
1659742788206 8.292264938354492 10
1659742791444 11.673452377319336 11
1659742794731 15.31712532043457 12
1659742798364 18.6835994720459 13
1659742802285 21.785066604614258 14
1659742806073 24.20734214782715 15
1659742809373 26.331884384155273 16
1659742812608 28.47627067565918 17
1659742815865 31.20796775817871 18
1659742819100 34.92097854614258 19
1659742822344 39.85902786254883 20
1659742825630 45.91172409057617 21
1659742828924 53.04240417480469 22
1659742832153 60.38473129272461 23
1659742835435 67.84088134765625 24
1659742838702 75.39569854736328 25
1659742841955 83.40022277832031 26
1659742845271 91.55712890625 27
1659742848586 100.56392669677734 28
1659742851848 111.0257797241211 29
1659742855140 122.64779663085938 30
1659742858645 136.1505126953125 31
1659742862044 151.83033752441406 32
1659742865653 170.27520751953125 33
1659742869639 191.88026428222656 34
1659742874117 215.93130493164062 35
1659742877517 243.9892578125 36
1659742882433 275.6457824707031 37
1659742885909 309.1055908203125 38
1659742889865 346.6182556152344 39
1659742904474 395.08636474609375 40
1659742908142 452.71881103515625 41
1659742911617 518.8971557617188 42
1659742914985 594.6300659179688 43
1659742918289 677.4577026367188 44
1659742922165 763.6220092773438 45
1659742932360 858.07421875 46
1659742942100 938.8060913085938 47
1659742958576 1025.9130859375 48
1659742974218 1122.177490234375 49
1659742978370 1226.5711669921875 50
1659742982104 1346.7535400390625 51
1659742985529 1486.16015625 52
1659742989551 1646.9503173828125 53
1659742993694 1835.7742919921875 54
1659742997711 2047.7862548828125 55
1659743001062 2292.016845703125 56
1659743004412 2571.464111328125 57
1659743007717 2910.69189453125 58
1659743011089 3280.342041015625 59
1659743014337 3704.647216796875 60
1659743017584 4196.74365234375 61
1659743020993 4780.09912109375 62
1659743024297 5428.9931640625 63
1659743027693 6121.50732421875 64
1659743032270 6923.29296875 65
1659743037186 7850.171875 66
1659743043446 8861.36328125 67
1659743059819 9921.5205078125 68
