1659742753673 4.945488929748535 0
1659742757919 4.628969192504883 1
1659742761309 5.338458061218262 2
1659742764869 5.5791425704956055 3
1659742768136 5.72028923034668 4
1659742771437 5.501221656799316 5
1659742774863 5.588584899902344 6
1659742778199 5.699963569641113 7
1659742781543 6.265078544616699 8
1659742784915 5.491560459136963 9
1659742788200 5.337393283843994 10
1659742791439 5.556946277618408 11
1659742794727 5.008920192718506 12
1659742798358 6.334539890289307 13
1659742802279 6.604435443878174 14
1659742806066 6.9070725440979 15
1659742809367 6.737329006195068 16
1659742812602 6.936849594116211 17
1659742815859 7.327490329742432 18
1659742819095 7.760468006134033 19
1659742822338 7.842498779296875 20
1659742825625 8.176218032836914 21
1659742828919 7.881973743438721 22
1659742832148 7.963988304138184 23
1659742835428 7.647929668426514 24
1659742838698 7.726745128631592 25
1659742841950 6.778116226196289 26
1659742845267 6.464190483093262 27
1659742848581 6.290231227874756 28
1659742851842 5.796419620513916 29
1659742855135 5.333103179931641 30
1659742858641 5.730839252471924 31
1659742862038 5.924683094024658 32
1659742865647 6.458366870880127 33
1659742869632 6.449635982513428 34
1659742874111 7.073029518127441 35
1659742877513 7.135161876678467 36
1659742882427 6.651758670806885 37
1659742885902 6.69996976852417 38
1659742889858 7.943033695220947 39
1659742904431 8.486682891845703 40
1659742908138 8.676445007324219 41
1659742911612 8.910077095031738 42
1659742914978 8.790949821472168 43
1659742918283 8.23830795288086 44
1659742922159 8.140824317932129 45
1659742932350 6.079979419708252 46
1659742942064 5.528508186340332 47
1659742958567 5.4888081550598145 48
1659742974207 5.011494159698486 49
1659742978363 5.514076232910156 50
1659742982100 6.038118362426758 51
1659742985521 6.114328384399414 52
1659742989544 6.663490295410156 53
1659742993689 6.964791774749756 54
1659742997705 7.2722578048706055 55
1659743001057 7.607668876647949 56
1659743004407 8.31808853149414 57
1659743007711 8.098930358886719 58
1659743011082 8.230547904968262 59
1659743014329 8.574708938598633 60
1659743017575 8.98975944519043 61
1659743020986 8.95913314819336 62
1659743024292 8.531352996826172 63
1659743027687 8.752143859863281 64
1659743032253 9.103862762451172 65
1659743037179 8.810354232788086 66
1659743043434 8.153237342834473 67
1659743059811 8.089174270629883 68
