1659742753674 0.5826433300971985 0
1659742757921 0.6053289175033569 1
1659742761311 0.5606130957603455 2
1659742764870 0.5450707674026489 3
1659742768137 0.5361072421073914 4
1659742771439 0.5561695098876953 5
1659742774864 0.5452651381492615 6
1659742778200 0.5336652398109436 7
1659742781544 0.5026479959487915 8
1659742784916 0.5587671995162964 9
1659742788202 0.5543822646141052 10
1659742791440 0.5489748120307922 11
1659742794728 0.5498663783073425 12
1659742798360 0.5020246505737305 13
1659742802281 0.5035486817359924 14
1659742806067 0.4708888530731201 15
1659742809369 0.47065970301628113 16
1659742812604 0.4578147530555725 17
1659742815861 0.4510616362094879 18
1659742819096 0.4392545223236084 19
1659742822340 0.434675395488739 20
1659742825626 0.41169020533561707 21
1659742828920 0.4329279065132141 22
1659742832149 0.44310635328292847 23
1659742835430 0.4534749686717987 24
1659742838699 0.4534566402435303 25
1659742841951 0.49579769372940063 26
1659742845268 0.5132297873497009 27
1659742848583 0.5145037174224854 28
1659742851843 0.5375080108642578 29
1659742855136 0.5337389707565308 30
1659742858642 0.5224582552909851 31
1659742862040 0.4966752827167511 32
1659742865649 0.4655754566192627 33
1659742869634 0.4577396810054779 34
1659742874112 0.4236186146736145 35
1659742877514 0.41084617376327515 36
1659742882428 0.43999263644218445 37
1659742885903 0.43780601024627686 38
1659742889860 0.3508566617965698 39
1659742904437 0.31239059567451477 40
1659742908139 0.29796239733695984 41
1659742911613 0.28574225306510925 42
1659742914980 0.3052544891834259 43
1659742918285 0.3569861352443695 44
1659742922161 0.37230196595191956 45
1659742932352 0.521944522857666 46
1659742942067 0.5376726388931274 47
1659742958568 0.5397358536720276 48
1659742974209 0.5487538576126099 49
1659742978365 0.5291227102279663 50
1659742982101 0.5045079588890076 51
1659742985522 0.48187389969825745 52
1659742989545 0.4491523504257202 53
1659742993690 0.44128963351249695 54
1659742997707 0.4195138216018677 55
1659743001058 0.40185976028442383 56
1659743004408 0.3469953238964081 57
1659743007712 0.36176005005836487 58
1659743011083 0.3438364565372467 59
1659743014331 0.3196580708026886 60
1659743017577 0.28069597482681274 61
1659743020989 0.2887008786201477 62
1659743024293 0.32656073570251465 63
1659743027688 0.30840155482292175 64
1659743032256 0.29127535223960876 65
1659743037181 0.3152186870574951 66
1659743043437 0.363998681306839 67
1659743059813 0.377229243516922 68
