1659742727388 0.06518896669149399 0
1659742753663 0.06518896669149399 0
1659742757913 0.04121650755405426 1
1659742761301 0.09102004766464233 2
1659742764862 0.10736459493637085 3
1659742768129 0.11555567383766174 4
1659742771429 0.10123259574174881 5
1659742774855 0.1018892228603363 6
1659742778193 0.09435899555683136 7
1659742781535 0.08492249250411987 8
1659742784907 0.02621387131512165 9
1659742788194 0.012188293039798737 10
1659742791431 0.011199417524039745 11
1659742794719 0.0027314540930092335 12
1659742798350 0.0011486643925309181 13
1659742802271 0.0005791228613816202 14
1659742806056 0.00022485021327156574 15
1659742809360 0.00010465118975844234 16
1659742812595 0.00010713284427765757 17
1659742815850 7.676715904381126e-05 18
1659742819087 7.837999146431684e-05 19
1659742822329 5.354612221708521e-05 20
1659742825617 6.667033449048176e-05 21
1659742828912 7.055234163999557e-05 22
1659742832140 0.0001711066870484501 23
1659742835419 0.0002013327757595107 24
1659742838690 0.0005006033461540937 25
1659742841943 0.003096221713349223 26
1659742845259 0.004830240737646818 27
1659742848572 0.008337254635989666 28
1659742851836 0.013148079626262188 29
1659742855128 0.025886209681630135 30
1659742858634 0.04294680804014206 31
1659742862030 0.05989876762032509 32
1659742865639 0.07137030363082886 33
1659742869625 0.08780508488416672 34
1659742874099 0.07881774753332138 35
1659742877500 0.08260666579008102 36
1659742882416 0.07259752601385117 37
1659742885895 0.08432145416736603 38
1659742889847 0.0990990698337555 39
1659742904354 0.09333895891904831 40
1659742908131 0.05253284424543381 41
1659742911605 0.035759665071964264 42
1659742914972 0.04786699637770653 43
1659742918273 0.062495965510606766 44
1659742922153 0.052727989852428436 45
1659742932313 0.0016429722309112549 46
1659742942040 0.0025773535016924143 47
1659742958551 0.00690316129475832 48
1659742974194 0.008089440874755383 49
1659742978352 0.01701424829661846 50
1659742982093 0.0208244901150465 51
1659742985513 0.03216976299881935 52
1659742989535 0.039176054298877716 53
1659742993681 0.03533060848712921 54
1659742997670 0.02644459903240204 55
1659743001051 0.02302558533847332 56
1659743004400 0.01639324054121971 57
1659743007705 0.010026010684669018 58
1659743011075 0.012737846001982689 59
1659743014323 0.013578532263636589 60
1659743017560 0.008648418821394444 61
1659743020977 0.009070274420082569 62
1659743024285 0.013843015767633915 63
1659743027680 0.010727169923484325 64
1659743032235 0.010426463559269905 65
1659743037169 0.007815444841980934 66
1659743043410 0.011968351900577545 67
1659743059799 0.010134539566934109 68
