1659742727389 0.06518896669149399 0
1659742753665 0.06518896669149399 0
1659742757914 0.042414430528879166 1
1659742761303 0.0973401889204979 2
1659742764863 0.1248437911272049 3
1659742768130 0.15663133561611176 4
1659742771431 0.18365666270256042 5
1659742774857 0.2621445059776306 6
1659742778194 0.38730770349502563 7
1659742781537 0.5731803178787231 8
1659742784908 0.7414383888244629 9
1659742788195 0.9302507638931274 10
1659742791432 0.9958338737487793 11
1659742794721 0.9997870326042175 12
1659742798351 0.9999903440475464 13
1659742802272 0.9999996423721313 14
1659742806057 1.0 15
1659742809361 1.0 16
1659742812596 1.0 17
1659742815852 1.0 18
1659742819089 1.0 19
1659742822330 1.0 20
1659742825619 1.0 21
1659742828913 1.0 22
1659742832141 1.0 23
1659742835420 1.0 24
1659742838691 1.0 25
1659742841944 1.0 26
1659742845260 1.0 27
1659742848573 1.0 28
1659742851837 1.0 29
1659742855129 1.0 30
1659742858636 1.0 31
1659742862031 1.0 32
1659742865641 1.0 33
1659742869627 1.0 34
1659742874101 1.0 35
1659742877501 1.0 36
1659742882417 1.0 37
1659742885896 1.0 38
1659742889849 1.0 39
1659742904356 1.0 40
1659742908132 1.0 41
1659742911606 1.0 42
1659742914973 1.0 43
1659742918274 1.0 44
1659742922154 1.0 45
1659742932316 1.0 46
1659742942043 1.0 47
1659742958553 1.0 48
1659742974197 1.0 49
1659742978354 1.0 50
1659742982094 1.0 51
1659742985514 1.0 52
1659742989537 1.0 53
1659742993682 1.0 54
1659742997685 1.0 55
1659743001052 1.0 56
1659743004401 1.0 57
1659743007706 1.0 58
1659743011076 1.0 59
1659743014324 1.0 60
1659743017562 1.0 61
1659743020978 1.0 62
1659743024286 1.0 63
1659743027681 1.0 64
1659743032238 1.0 65
1659743037170 1.0 66
1659743043414 1.0 67
1659743059802 1.0 68
