1659742727403 32.84076690673828 0
1659742753669 32.84076690673828 0
1659742757916 30.434911727905273 1
1659742761305 32.8426628112793 2
1659742764865 34.7120246887207 3
1659742768132 37.24863052368164 4
1659742771433 38.57048416137695 5
1659742774859 40.93065643310547 6
1659742778196 43.37059783935547 7
1659742781539 46.53175354003906 8
1659742784911 47.60077667236328 9
1659742788197 51.17618179321289 10
1659742791435 54.862789154052734 11
1659742794723 57.72330856323242 12
1659742798355 69.92680358886719 13
1659742802275 70.47801971435547 14
1659742806060 77.79976654052734 15
1659742809364 79.62338256835938 16
1659742812599 85.0106201171875 17
1659742815856 91.64779663085938 18
1659742819092 96.02544403076172 19
1659742822333 100.57170867919922 20
1659742825621 106.49089813232422 21
1659742828916 110.4476318359375 22
1659742832144 121.14238739013672 23
1659742835423 126.82747650146484 24
1659742838694 135.228271484375 25
1659742841947 140.49473571777344 26
1659742845263 151.33377075195312 27
1659742848576 163.1177215576172 28
1659742851839 176.04266357421875 29
1659742855131 191.53111267089844 30
1659742858638 208.9293670654297 31
1659742862034 230.74449157714844 32
1659742865643 256.04290771484375 33
1659742869629 285.7027282714844 34
1659742874106 319.6591796875 35
1659742877506 359.7980041503906 36
1659742882420 404.8522033691406 37
1659742885899 453.38623046875 38
1659742889852 508.4861145019531 39
1659742904372 578.6723022460938 40
1659742908134 660.7928466796875 41
1659742911608 755.141357421875 42
1659742914975 863.4810791015625 43
1659742918277 981.747314453125 44
1659742922156 1105.028564453125 45
1659742932327 1238.3427734375 46
1659742942050 1353.9366455078125 47
1659742958559 1479.1627197265625 48
1659742974201 1616.9984130859375 49
1659742978356 1767.434814453125 50
1659742982096 1940.4344482421875 51
1659742985517 2141.4189453125 52
1659742989540 2373.296630859375 53
1659742993684 2645.118408203125 54
1659742997698 2950.020751953125 55
1659743001054 3300.992919921875 56
1659743004404 3702.270263671875 57
1659743007708 4188.79296875 58
1659743011078 4719.4560546875 59
1659743014326 5328.94580078125 60
1659743017566 6035.939453125 61
1659743020981 6874.69140625 62
1659743024288 7807.8759765625 63
1659743027684 8803.5068359375 64
1659743032247 9956.2578125 65
1659743037173 11287.87109375 66
1659743043422 12740.759765625 67
1659743059805 14263.7080078125 68
