1659742753672 4.945488929748535 0
1659742757918 4.637099742889404 1
1659742761308 5.36568021774292 2
1659742764868 5.673436641693115 3
1659742768134 5.979677677154541 4
1659742771435 6.088283061981201 5
1659742774862 6.686841011047363 6
1659742778198 7.534413814544678 7
1659742781542 8.996667861938477 8
1659742784914 9.91682243347168 9
1659742788199 12.017964363098145 10
1659742791438 15.443045616149902 11
1659742794725 17.765682220458984 12
1659742798357 21.03350067138672 13
1659742802277 23.34053611755371 14
1659742806065 25.32244110107422 15
1659742809366 26.679931640625 16
1659742812601 29.054277420043945 17
1659742815858 31.722253799438477 18
1659742819094 35.582679748535156 19
1659742822337 40.20375061035156 20
1659742825623 46.7022819519043 21
1659742828918 53.639774322509766 22
1659742832147 61.75258255004883 23
1659742835426 69.17533874511719 24
1659742838696 77.56807708740234 25
1659742841949 86.7017593383789 26
1659742845265 95.18611145019531 27
1659742848579 104.62966918945312 28
1659742851841 115.23828125 29
1659742855134 127.48504638671875 30
1659742858640 141.38572692871094 31
1659742862036 157.5840606689453 32
1659742865646 176.3865509033203 33
1659742869631 198.16905212402344 34
1659742874109 222.31532287597656 35
1659742877512 250.46630859375 36
1659742882425 281.6639709472656 37
1659742885901 315.2663879394531 38
1659742889855 353.60015869140625 39
1659742904402 402.421142578125 40
1659742908137 459.4521484375 41
1659742911610 525.3333129882812 42
1659742914977 601.3672485351562 43
1659742918281 684.1350708007812 44
1659742922158 770.017578125 45
1659742932347 860.5235595703125 46
1659742942057 941.4408569335938 47
1659742958564 1029.4229736328125 48
1659742974205 1125.6812744140625 49
1659742978360 1230.950927734375 50
1659742982098 1351.4647216796875 51
1659742985520 1491.3988037109375 52
1659742989543 1652.592041015625 53
1659742993688 1841.2830810546875 54
1659742997704 2053.073974609375 55
1659743001056 2297.2412109375 56
1659743004406 2576.695556640625 57
1659743007710 2915.42431640625 58
1659743011080 3285.263427734375 59
1659743014328 3709.80078125 60
1659743017569 4201.66064453125 61
1659743020985 4785.09521484375 62
1659743024291 5434.16552734375 63
1659743027686 6126.5927734375 64
1659743032251 6928.73095703125 65
1659743037177 7855.09521484375 66
1659743043431 8866.3642578125 67
1659743059810 9926.271484375 68
