1659742753671 0.06518896669149399 0
1659742757917 0.0564531534910202 1
1659742761306 0.0973401889204979 2
1659742764866 0.1248437911272049 3
1659742768133 0.15663133561611176 4
1659742771434 0.18365666270256042 5
1659742774860 0.2621445059776306 6
1659742778197 0.38730770349502563 7
1659742781540 0.5731803178787231 8
1659742784912 0.7414383888244629 9
1659742788198 0.9302507638931274 10
1659742791437 0.9958338737487793 11
1659742794724 0.9997870326042175 12
1659742798356 0.9999903440475464 13
1659742802276 0.9999996423721313 14
1659742806063 1.0 15
1659742809365 1.0 16
1659742812600 1.0 17
1659742815857 1.0 18
1659742819093 1.0 19
1659742822335 1.0 20
1659742825622 1.0 21
1659742828917 1.0 22
1659742832145 1.0 23
1659742835425 1.0 24
1659742838695 1.0 25
1659742841948 1.0 26
1659742845264 1.0 27
1659742848578 1.0 28
1659742851840 1.0 29
1659742855133 1.0 30
1659742858639 1.0 31
1659742862035 1.0 32
1659742865645 1.0 33
1659742869630 1.0 34
1659742874107 1.0 35
1659742877508 1.0 36
1659742882424 1.0 37
1659742885900 1.0 38
1659742889854 1.0 39
1659742904375 1.0 40
1659742908136 1.0 41
1659742911609 1.0 42
1659742914976 1.0 43
1659742918279 1.0 44
1659742922157 1.0 45
1659742932335 1.0 46
1659742942054 1.0 47
1659742958561 1.0 48
1659742974203 1.0 49
1659742978358 1.0 50
1659742982097 1.0 51
1659742985519 1.0 52
1659742989541 1.0 53
1659742993686 1.0 54
1659742997701 1.0 55
1659743001055 1.0 56
1659743004405 1.0 57
1659743007709 1.0 58
1659743011079 1.0 59
1659743014327 1.0 60
1659743017568 1.0 61
1659743020983 1.0 62
1659743024290 1.0 63
1659743027685 1.0 64
1659743032249 1.0 65
1659743037174 1.0 66
1659743043426 1.0 67
1659743059808 1.0 68
