1659742727400 0.10959868878126144 0
1659742753667 0.10959868878126144 0
1659742757915 0.09292944520711899 1
1659742761304 0.14340762794017792 2
1659742764864 0.1742868572473526 3
1659742768131 0.20516905188560486 4
1659742771432 0.2265017181634903 5
1659742774858 0.30386170744895935 6
1659742778195 0.4422321915626526 7
1659742781538 0.6285454034805298 8
1659742784910 0.7619985342025757 9
1659742788196 0.9318507313728333 10
1659742791433 0.995840311050415 11
1659742794722 0.9997870326042175 12
1659742798353 0.9999903440475464 13
1659742802273 0.9999996423721313 14
1659742806059 1.0 15
1659742809363 1.0 16
1659742812597 1.0 17
1659742815854 1.0 18
1659742819090 1.0 19
1659742822331 1.0 20
1659742825620 1.0 21
1659742828915 1.0 22
1659742832143 1.0 23
1659742835422 1.0 24
1659742838693 1.0 25
1659742841945 1.0 26
1659742845261 1.0 27
1659742848575 1.0 28
1659742851838 1.0 29
1659742855130 1.0 30
1659742858637 1.0 31
1659742862032 1.0 32
1659742865642 1.0 33
1659742869628 1.0 34
1659742874103 1.0 35
1659742877504 1.0 36
1659742882419 1.0 37
1659742885897 1.0 38
1659742889851 1.0 39
1659742904364 1.0 40
1659742908133 1.0 41
1659742911607 1.0 42
1659742914974 1.0 43
1659742918276 1.0 44
1659742922155 1.0 45
1659742932320 1.0 46
1659742942046 1.0 47
1659742958556 1.0 48
1659742974199 1.0 49
1659742978355 1.0 50
1659742982095 1.0 51
1659742985516 1.0 52
1659742989538 1.0 53
1659742993683 1.0 54
1659742997694 1.0 55
1659743001053 1.0 56
1659743004403 1.0 57
1659743007707 1.0 58
1659743011077 1.0 59
1659743014325 1.0 60
1659743017564 1.0 61
1659743020980 1.0 62
1659743024287 1.0 63
1659743027683 1.0 64
1659743032240 1.0 65
1659743037172 1.0 66
1659743043420 1.0 67
1659743059803 1.0 68
