1663191851149 0.0010662878630682826 0
1663191851791 0.0010416100267320871 1
1663191852281 0.0010956092737615108 2
1663191852783 0.0011152661172673106 3
1663191853276 0.0011267767986282706 4
1663191853780 0.001113562611863017 5
1663191854271 0.0011169055942445993 6
1663191854769 0.0011108277831226587 7
1663191855263 0.0011020329548045993 8
1663191855776 0.0010399079183116555 9
1663191856281 0.001024523633532226 10
1663191856773 0.0010211790213361382 11
1663191857256 0.001009226543828845 12
1663191857745 0.0010037246393039823 13
1663191858338 0.0009987910743802786 14
1663191858912 0.0009946422651410103 15
1663191859458 0.000991558306850493 16
1663191859991 0.0009899894939735532 17
1663191860507 0.0009898673743009567 18
1663191861033 0.0009911685483530164 19
1663191861532 0.0009935548296198249 20
1663191862035 0.000996601884253323 21
1663191862545 0.0009998503373935819 22
1663191863038 0.0010026319650933146 23
1663191863531 0.0010044921655207872 24
1663191864078 0.0010055936872959137 25
1663191864639 0.0010080041829496622 26
1663191865183 0.0010087804403156042 27
1663191865715 0.001010847743600607 28
1663191866196 0.0010140069061890244 29
1663191866712 0.0010254168882966042 30
1663191867193 0.0010418399469926953 31
1663191867675 0.0010591227328404784 32
1663191868158 0.0010717716068029404 33
1663191868639 0.001091055921278894 34
1663191869120 0.0010837820591405034 35
1663191869604 0.0010909646516665816 36
1663191870087 0.00108315737452358 37
1663191870567 0.001098200911656022 38
1663191871054 0.001116034109145403 39
1663191871530 0.0011105122976005077 40
1663191872019 0.0010659665567800403 41
1663191872505 0.001046465360559523 42
1663191872988 0.0010559792863205075 43
1663191873509 0.0010679159313440323 44
1663191874008 0.00105468078982085 45
1663191874559 0.001000316347926855 46
1663191875106 0.0009999959729611874 47
1663191875632 0.00100345304235816 48
1663191876142 0.0010042341891676188 49
1663191876720 0.001013306900858879 50
1663191877338 0.0010177872609347105 51
1663191877920 0.0010305313626304269 52
1663191878441 0.0010394008131697774 53
1663191879009 0.0010373955592513084 54
1663191879573 0.0010300909634679556 55
1663191880150 0.0010279730195179582 56
1663191880654 0.0010218025417998433 57
1663191881170 0.0010150745511054993 58
1663191881666 0.001016629976220429 59
1663191882177 0.0010156469652429223 60
1663191882663 0.0010085314279422164 61
1663191883190 0.0010069403797388077 62
1663191883803 0.0010103198001161218 63
1663191884322 0.001006562146358192 64
1663191884837 0.0010064530652016401 65
1663191885340 0.001004738500341773 66
1663191885859 0.001010232255794108 67
1663191886414 0.0010097332997247577 68
