1663191851150 0.0 0
1663191851792 -0.029316702857613564 1
1663191852283 -0.07870593667030334 2
1663191852784 -0.1484001725912094 3
1663191853278 -0.2245408445596695 4
1663191853781 -0.2950844168663025 5
1663191854272 -0.34715721011161804 6
1663191854770 -0.3791236877441406 7
1663191855264 -0.3877403438091278 8
1663191855777 -0.3725433945655823 9
1663191856282 -0.34224817156791687 10
1663191856775 -0.30058833956718445 11
1663191857257 -0.2540223002433777 12
1663191857746 -0.21001309156417847 13
1663191858339 -0.1704198718070984 14
1663191858914 -0.1450595110654831 15
1663191859459 -0.1356409639120102 16
1663191859992 -0.14360588788986206 17
1663191860508 -0.16651634871959686 18
1663191861035 -0.19938446581363678 19
1663191861534 -0.23630790412425995 20
1663191862036 -0.27027955651283264 21
1663191862546 -0.2965488135814667 22
1663191863039 -0.3094773292541504 23
1663191863533 -0.30902382731437683 24
1663191864080 -0.29701417684555054 25
1663191864640 -0.2765507698059082 26
1663191865184 -0.2537214457988739 27
1663191865716 -0.23157422244548798 28
1663191866197 -0.2125924974679947 29
1663191866713 -0.1997760534286499 30
1663191867194 -0.19330771267414093 31
1663191867676 -0.19338549673557281 32
1663191868159 -0.19962505996227264 33
1663191868640 -0.21098650991916656 34
1663191869121 -0.2247631549835205 35
1663191869605 -0.23925651609897614 36
1663191870088 -0.2512710392475128 37
1663191870568 -0.25836464762687683 38
1663191871056 -0.2601918578147888 39
1663191871531 -0.25619271397590637 40
1663191872021 -0.24704137444496155 41
1663191872506 -0.23579546809196472 42
1663191872989 -0.22533631324768066 43
1663191873511 -0.2180614173412323 44
1663191874010 -0.21498288214206696 45
1663191874560 -0.2159515768289566 46
1663191875107 -0.21985693275928497 47
1663191875633 -0.2258525937795639 48
1663191876143 -0.2329450398683548 49
1663191876722 -0.23992154002189636 50
1663191877340 -0.2461392879486084 51
1663191877921 -0.2507004141807556 52
1663191878442 -0.2527448236942291 53
1663191879011 -0.2518617808818817 54
1663191879574 -0.24834904074668884 55
1663191880151 -0.24296028912067413 56
1663191880655 -0.23679125308990479 57
1663191881171 -0.23075155913829803 58
1663191881667 -0.22671526670455933 59
1663191882178 -0.22506457567214966 60
1663191882665 -0.22603723406791687 61
1663191883192 -0.22952623665332794 62
1663191883804 -0.23444782197475433 63
1663191884323 -0.23931489884853363 64
1663191884838 -0.24355448782444 65
1663191885341 -0.24629953503608704 66
1663191885860 -0.24702410399913788 67
1663191886415 -0.24586695432662964 68
