1663191851164 0.0 0
1663191851803 0.944622278213501 1
1663191852294 2.530003309249878 2
1663191852795 4.779495716094971 3
1663191853289 7.253014087677002 4
1663191853792 9.56360912322998 5
1663191854283 11.284366607666016 6
1663191854781 12.360902786254883 7
1663191855275 12.680684089660645 8
1663191855788 12.221284866333008 9
1663191856293 11.23541259765625 10
1663191856785 9.845887184143066 11
1663191857268 8.268741607666016 12
1663191857758 6.754312515258789 13
1663191858350 5.364511489868164 14
1663191858927 4.442200660705566 15
1663191859470 4.049957752227783 16
1663191860004 4.251728057861328 17
1663191860519 4.973312854766846 18
1663191861045 6.054252624511719 19
1663191861545 7.298718452453613 20
1663191862047 8.469572067260742 21
1663191862559 9.402920722961426 22
1663191863050 9.896455764770508 23
1663191863544 9.939729690551758 24
1663191864091 9.585234642028809 25
1663191864651 8.9315767288208 26
1663191865195 8.17905330657959 27
1663191865727 7.432534217834473 28
1663191866209 6.778735160827637 29
1663191866724 6.3244428634643555 30
1663191867205 6.08290433883667 31
1663191867687 6.0696516036987305 32
1663191868170 6.2797770500183105 33
1663191868651 6.683349609375 34
1663191869132 7.191985607147217 35
1663191869615 7.739526748657227 36
1663191870099 8.208771705627441 37
1663191870579 8.498605728149414 38
1663191871066 8.599563598632812 39
1663191871542 8.499032020568848 40
1663191872031 8.206320762634277 41
1663191872517 7.798007488250732 42
1663191873001 7.369864463806152 43
1663191873522 7.031506061553955 44
1663191874020 6.84863805770874 45
1663191874571 6.819032192230225 46
1663191875119 6.902770519256592 47
1663191875644 7.064663410186768 48
1663191876155 7.275985240936279 49
1663191876733 7.498814582824707 50
1663191877351 7.714554309844971 51
1663191877933 7.893599033355713 52
1663191878453 8.00783634185791 53
1663191879022 8.040567398071289 54
1663191879587 7.987292766571045 55
1663191880162 7.860373020172119 56
1663191880666 7.686015605926514 57
1663191881182 7.487034797668457 58
1663191881678 7.323061943054199 59
1663191882189 7.2149858474731445 60
1663191882675 7.181441783905029 61
1663191883205 7.227941989898682 62
1663191883815 7.336937427520752 63
1663191884334 7.471785545349121 64
1663191884849 7.611565589904785 65
1663191885352 7.726284503936768 66
1663191885870 7.788751125335693 67
1663191886426 7.794392108917236 68
