1663191851165 0.0 0
1663191851804 -0.029316702857613564 1
1663191852295 -0.07870593667030334 2
1663191852796 -0.1484001725912094 3
1663191853290 -0.2245408445596695 4
1663191853794 -0.2950844168663025 5
1663191854284 -0.34715721011161804 6
1663191854782 -0.3791236877441406 7
1663191855276 -0.3877403438091278 8
1663191855789 -0.3725433945655823 9
1663191856294 -0.34224817156791687 10
1663191856786 -0.2987738847732544 11
1663191857269 -0.24980582296848297 12
1663191857759 -0.20386295020580292 13
1663191858351 -0.1629340499639511 14
1663191858928 -0.13623620569705963 15
1663191859471 -0.12233152240514755 16
1663191860005 -0.12795963883399963 17
1663191860521 -0.15075132250785828 18
1663191861047 -0.1848929226398468 19
1663191861546 -0.22347895801067352 20
1663191862048 -0.25970137119293213 21
1663191862560 -0.28810009360313416 22
1663191863051 -0.3028014898300171 23
1663191863545 -0.304838627576828 24
1663191864092 -0.2955433130264282 25
1663191864652 -0.2731357216835022 26
1663191865196 -0.24751165509223938 27
1663191865728 -0.22288471460342407 28
1663191866211 -0.2021295726299286 29
1663191866725 -0.18874619901180267 30
1663191867206 -0.18317557871341705 31
1663191867688 -0.18372102081775665 32
1663191868171 -0.1916302889585495 33
1663191868652 -0.20536130666732788 34
1663191869133 -0.21916279196739197 35
1663191869617 -0.23351973295211792 36
1663191870100 -0.24527373909950256 37
1663191870580 -0.25221920013427734 38
1663191871067 -0.2540578842163086 39
1663191871543 -0.24866263568401337 40
1663191872032 -0.23625414073467255 41
1663191872518 -0.21879005432128906 42
1663191873002 -0.19932512938976288 43
1663191873523 -0.18378663063049316 44
1663191874021 -0.17635861039161682 45
1663191874572 -0.17654119431972504 46
1663191875120 -0.18511100113391876 47
1663191875645 -0.19958798587322235 48
1663191876156 -0.217553049325943 49
1663191876734 -0.23432447016239166 50
1663191877352 -0.24076324701309204 51
1663191877934 -0.24532856047153473 52
1663191878454 -0.24759931862354279 53
1663191879024 -0.24728496372699738 54
1663191879588 -0.24478814005851746 55
1663191880164 -0.2405289113521576 56
1663191880667 -0.2340235710144043 57
1663191881183 -0.21001002192497253 58
1663191881679 -0.18959404528141022 59
1663191882190 -0.17430438101291656 60
1663191882676 -0.16559498012065887 61
1663191883206 -0.16329750418663025 62
1663191883816 -0.16813082993030548 63
1663191884335 -0.17910601198673248 64
1663191884850 -0.1937427818775177 65
1663191885353 -0.20910602807998657 66
1663191885872 -0.22174005210399628 67
1663191886427 -0.23093979060649872 68
