1663191851161 0.5826432108879089 0
1663191851801 0.6053287982940674 1
1663191852291 0.5606130957603455 2
1663191852792 0.545071005821228 3
1663191853287 0.5361073017120361 4
1663191853790 0.5561694502830505 5
1663191854281 0.5452651977539062 6
1663191854779 0.5336652398109436 7
1663191855273 0.5026480555534363 8
1663191855786 0.5587673783302307 9
1663191856291 0.55438232421875 10
1663191856783 0.5489749312400818 11
1663191857266 0.5498663783073425 12
1663191857756 0.5020245909690857 13
1663191858348 0.5035485029220581 14
1663191858924 0.4708889126777649 15
1663191859468 0.47065967321395874 16
1663191860002 0.4578147530555725 17
1663191860517 0.4510614573955536 18
1663191861043 0.43925461173057556 19
1663191861543 0.4346754848957062 20
1663191862045 0.41169020533561707 21
1663191862556 0.43292784690856934 22
1663191863048 0.4431062340736389 23
1663191863541 0.4534749388694763 24
1663191864089 0.45345669984817505 25
1663191864649 0.4957977533340454 26
1663191865193 0.5132296085357666 27
1663191865724 0.5145038962364197 28
1663191866207 0.5375078916549683 29
1663191866722 0.5337390899658203 30
1663191867203 0.5224580764770508 31
1663191867685 0.4966752231121063 32
1663191868168 0.4655754864215851 33
1663191868649 0.45773962140083313 34
1663191869130 0.4236185550689697 35
1663191869613 0.4108462631702423 36
1663191870096 0.4399925172328949 37
1663191870577 0.4378064274787903 38
1663191871064 0.3508566617965698 39
1663191871540 0.31239065527915955 40
1663191872029 0.2979622781276703 41
1663191872514 0.28574228286743164 42
1663191872999 0.305254727602005 43
1663191873520 0.35698607563972473 44
1663191874018 0.37230199575424194 45
1663191874569 0.5219442844390869 46
1663191875117 0.5376725792884827 47
1663191875641 0.539735734462738 48
1663191876153 0.5487538576126099 49
1663191876731 0.5291227102279663 50
1663191877348 0.5045079588890076 51
1663191877931 0.4818737804889679 52
1663191878451 0.4491523504257202 53
1663191879020 0.44128966331481934 54
1663191879585 0.4195137917995453 55
1663191880160 0.40185976028442383 56
1663191880664 0.34699511528015137 57
1663191881180 0.3617600202560425 58
1663191881676 0.34383633732795715 59
1663191882187 0.31965771317481995 60
1663191882673 0.28069591522216797 61
1663191883201 0.28870058059692383 62
1663191883813 0.3265605866909027 63
1663191884332 0.3084014356136322 64
1663191884846 0.2912755012512207 65
1663191885350 0.3152187764644623 66
1663191885868 0.36399900913238525 67
1663191886424 0.3772292733192444 68
