1663191851160 4.945489883422852 0
1663191851800 4.628969192504883 1
1663191852290 5.338456153869629 2
1663191852791 5.5791425704956055 3
1663191853286 5.72028923034668 4
1663191853789 5.501220703125 5
1663191854280 5.588585376739502 6
1663191854778 5.699963092803955 7
1663191855272 6.265076637268066 8
1663191855785 5.491558074951172 9
1663191856290 5.3373918533325195 10
1663191856782 5.55694580078125 11
1663191857264 5.008918762207031 12
1663191857754 6.334540843963623 13
1663191858347 6.604435443878174 14
1663191858923 6.907073020935059 15
1663191859467 6.73732852935791 16
1663191860001 6.9368486404418945 17
1663191860516 7.32749080657959 18
1663191861042 7.760468006134033 19
1663191861542 7.842499732971191 20
1663191862044 8.176217079162598 21
1663191862555 7.881974697113037 22
1663191863047 7.963989734649658 23
1663191863540 7.647932052612305 24
1663191864087 7.726744651794434 25
1663191864648 6.778115272521973 26
1663191865192 6.464194297790527 27
1663191865723 6.290230751037598 28
1663191866206 5.796422004699707 29
1663191866721 5.333103656768799 30
1663191867202 5.730841636657715 31
1663191867684 5.924683094024658 32
1663191868167 6.458364963531494 33
1663191868647 6.44963264465332 34
1663191869129 7.073030948638916 35
1663191869612 7.135159015655518 36
1663191870095 6.651759147644043 37
1663191870576 6.69996452331543 38
1663191871063 7.9430317878723145 39
1663191871539 8.48668098449707 40
1663191872028 8.676446914672852 41
1663191872513 8.910076141357422 42
1663191872998 8.790947914123535 43
1663191873519 8.23830795288086 44
1663191874017 8.140825271606445 45
1663191874568 6.079981803894043 46
1663191875116 5.528508186340332 47
1663191875640 5.488808631896973 48
1663191876151 5.011496067047119 49
1663191876730 5.514077186584473 50
1663191877347 6.038118362426758 51
1663191877930 6.1143269538879395 52
1663191878449 6.663490295410156 53
1663191879019 6.964791774749756 54
1663191879583 7.272259712219238 55
1663191880159 7.607668876647949 56
1663191880663 8.318090438842773 57
1663191881179 8.098931312561035 58
1663191881675 8.230548858642578 59
1663191882186 8.574712753295898 60
1663191882672 8.98975944519043 61
1663191883200 8.959135055541992 62
1663191883812 8.531354904174805 63
1663191884331 8.752145767211914 64
1663191884845 9.103862762451172 65
1663191885349 8.81035327911377 66
1663191885867 8.15323543548584 67
1663191886423 8.0891752243042 68
