1663191851152 0.06518902629613876 0
1663191851793 0.04121652618050575 1
1663191852284 0.0910198837518692 2
1663191852785 0.10736466944217682 3
1663191853279 0.11555568873882294 4
1663191853782 0.10123251378536224 5
1663191854273 0.10188926011323929 6
1663191854772 0.09435892105102539 7
1663191855266 0.08492255210876465 8
1663191855778 0.026213865727186203 9
1663191856283 0.01218829583376646 10
1663191856776 0.011199425905942917 11
1663191857258 0.00273145642131567 12
1663191857747 0.001148662413470447 13
1663191858340 0.0005791218136437237 14
1663191858915 0.00022485047520603985 15
1663191859460 0.00010465132800163701 16
1663191859994 0.00010713283700169995 17
1663191860510 7.676719542359933e-05 18
1663191861036 7.838008605176583e-05 19
1663191861535 5.354617314878851e-05 20
1663191862037 6.66703563183546e-05 21
1663191862548 7.055231253616512e-05 22
1663191863040 0.00017110648332163692 23
1663191863534 0.00020133249927312136 24
1663191864081 0.0005006029969081283 25
1663191864641 0.003096218453720212 26
1663191865185 0.004830247722566128 27
1663191865717 0.008337246254086494 28
1663191866198 0.013148091733455658 29
1663191866715 0.02588621899485588 30
1663191867196 0.04294699802994728 31
1663191867677 0.059898748993873596 32
1663191868160 0.07137022912502289 33
1663191868641 0.08780523389577866 34
1663191869122 0.07881788909435272 35
1663191869606 0.082606740295887 36
1663191870089 0.07259760051965714 37
1663191870569 0.08432138711214066 38
1663191871057 0.09909941256046295 39
1663191871533 0.09333924949169159 40
1663191872022 0.05253281071782112 41
1663191872507 0.03575977683067322 42
1663191872990 0.04786703735589981 43
1663191873512 0.06249590218067169 44
1663191874011 0.05272795632481575 45
1663191874561 0.0016429717652499676 46
1663191875108 0.002577355597168207 47
1663191875634 0.006903162691742182 48
1663191876144 0.008089443668723106 49
1663191876723 0.017014240846037865 50
1663191877341 0.02082449570298195 51
1663191877922 0.032169733196496964 52
1663191878443 0.0391760915517807 53
1663191879012 0.035330630838871 54
1663191879575 0.026444613933563232 55
1663191880152 0.02302558533847332 56
1663191880657 0.016393231227993965 57
1663191881172 0.010026030242443085 58
1663191881668 0.012737867422401905 59
1663191882180 0.013578535988926888 60
1663191882666 0.008648421615362167 61
1663191883193 0.009070266038179398 62
1663191883805 0.013843010179698467 63
1663191884324 0.010727157816290855 64
1663191884839 0.01042651105672121 65
1663191885343 0.007815451361238956 66
1663191885861 0.01196838915348053 67
1663191886416 0.010134536772966385 68
