1663191851159 0.06518902629613876 0
1663191851799 0.025534646585583687 1
1663191852289 0.012313947081565857 2
1663191852790 -0.04103550314903259 3
1663191853285 -0.10898515582084656 4
1663191853788 -0.19385190308094025 5
1663191854279 -0.24526795744895935 6
1663191854777 -0.2769032120704651 7
1663191855271 -0.23735865950584412 8
1663191855784 -0.2911720871925354 9
1663191856289 -0.2815747857093811 10
1663191856781 -0.23187285661697388 11
1663191857263 -0.21861693263053894 12
1663191857753 -0.14995120465755463 13
1663191858346 -0.07657862454652786 14
1663191858922 -0.06551074981689453 15
1663191859466 -0.06331154704093933 16
1663191859999 -0.06873072683811188 17
1663191860515 -0.08268339186906815 18
1663191861041 -0.09088476747274399 19
1663191861541 -0.12733173370361328 20
1663191862043 -0.15278685092926025 21
1663191862554 -0.185257226228714 22
1663191863046 -0.18391160666942596 23
1663191863539 -0.19809621572494507 24
1663191864086 -0.16679629683494568 25
1663191864647 -0.1729765683412552 26
1663191865191 -0.1652332842350006 27
1663191865722 -0.1512453258037567 28
1663191866204 -0.14336904883384705 29
1663191866720 -0.14938297867774963 30
1663191867201 -0.12056798487901688 31
1663191867683 -0.11848544329404831 32
1663191868166 -0.09370847791433334 33
1663191868646 -0.10223333537578583 34
1663191869128 -0.06217817962169647 35
1663191869611 -0.0739956796169281 36
1663191870094 -0.10847495496273041 37
1663191870574 -0.10764230787754059 38
1663191871062 0.005052119493484497 39
1663191871538 0.04668481647968292 40
1663191872027 0.13044919073581696 41
1663191872512 0.20562690496444702 42
1663191872997 0.17389576137065887 43
1663191873518 0.11390778422355652 44
1663191874016 0.12564095854759216 45
1663191874567 -0.14880414307117462 46
1663191875115 -0.16754397749900818 47
1663191875639 -0.1698722541332245 48
1663191876150 -0.19044815003871918 49
1663191876729 -0.1817144900560379 50
1663191877346 -0.1622648537158966 51
1663191877929 -0.16810356080532074 52
1663191878448 -0.16610746085643768 53
1663191879017 -0.1239323616027832 54
1663191879582 -0.07565464079380035 55
1663191880158 -0.003948375582695007 56
1663191880662 0.12500229477882385 57
1663191881178 0.08050712943077087 58
1663191881674 0.15891318023204803 59
1663191882185 0.24130244553089142 60
1663191882671 0.34225183725357056 61
1663191883199 0.31399691104888916 62
1663191883811 0.2299642711877823 63
1663191884330 0.2406143695116043 64
1663191884844 0.2137841284275055 65
1663191885348 0.17192602157592773 66
1663191885866 0.058252349495887756 67
1663191886422 0.054402902722358704 68
