1663191851154 0.031622953712940216 0
1663191851796 0.03162289783358574 1
1663191852286 0.03162308782339096 2
1663191852787 0.03162318840622902 3
1663191853281 0.031623248010873795 4
1663191853784 0.03162315860390663 5
1663191854275 0.03162320330739021 6
1663191854774 0.03162330016493797 7
1663191855268 0.03162359073758125 8
1663191855780 0.03162306919693947 9
1663191856286 0.0316229946911335 10
1663191856778 0.0316229984164238 11
1663191857260 0.031622935086488724 12
1663191857750 0.031623031944036484 13
1663191858343 0.03162308782339096 14
1663191858918 0.03162316232919693 15
1663191859462 0.03162314370274544 16
1663191859996 0.031623195856809616 17
1663191860512 0.03162321820855141 18
1663191861038 0.031623296439647675 19
1663191861537 0.03162332624197006 20
1663191862040 0.03162350505590439 21
1663191862550 0.03162335231900215 22
1663191863043 0.031623393297195435 23
1663191863536 0.03162333369255066 24
1663191864083 0.03162343427538872 25
1663191864644 0.031623248010873795 26
1663191865187 0.03162311390042305 27
1663191865719 0.03162312135100365 28
1663191866201 0.03162302449345589 29
1663191866717 0.0316229872405529 30
1663191867198 0.031623054295778275 31
1663191867679 0.031623128801584244 32
1663191868163 0.031623296439647675 33
1663191868643 0.03162338212132454 34
1663191869125 0.03162374347448349 35
1663191869608 0.031623899936676025 36
1663191870091 0.031623780727386475 37
1663191870571 0.031623855233192444 38
1663191871059 0.031625233590602875 39
1663191871535 0.031626034528017044 40
1663191872024 0.031627312302589417 41
1663191872509 0.03162858262658119 42
1663191872993 0.03162740170955658 43
1663191873514 0.03162573650479317 44
1663191874013 0.03162571042776108 45
1663191874563 0.03162302449345589 46
1663191875111 0.031622983515262604 47
1663191875636 0.031622979789972305 48
1663191876147 0.031622953712940216 49
1663191876726 0.0316229872405529 50
1663191877343 0.03162308409810066 51
1663191877925 0.03162315487861633 52
1663191878445 0.03162328526377678 53
1663191879014 0.03162342309951782 54
1663191879578 0.03162374347448349 55
1663191880155 0.031624309718608856 56
1663191880659 0.031626198440790176 57
1663191881175 0.031625475734472275 58
1663191881671 0.031626805663108826 59
1663191882182 0.03162873908877373 60
1663191882668 0.031632255762815475 61
1663191883195 0.03163120895624161 62
1663191883808 0.03162848576903343 63
1663191884326 0.031628962606191635 64
1663191884841 0.031628429889678955 65
1663191885345 0.03162739798426628 66
1663191885863 0.031625207513570786 67
1663191886419 0.031625062227249146 68
