1663191851153 0.0010662878630682826 0
1663191851794 0.0010416100267320871 1
1663191852285 0.0010956092737615108 2
1663191852786 0.0011152661172673106 3
1663191853280 0.0011267767986282706 4
1663191853783 0.001113562611863017 5
1663191854274 0.0011169055942445993 6
1663191854773 0.0011108277831226587 7
1663191855267 0.0011020329548045993 8
1663191855779 0.0010399079183116555 9
1663191856285 0.001024523633532226 10
1663191856777 0.0010211790213361382 11
1663191857259 0.001009226543828845 12
1663191857748 0.0010037246393039823 13
1663191858342 0.0009987910743802786 14
1663191858916 0.0009946422651410103 15
1663191859461 0.000991558306850493 16
1663191859995 0.0009899894939735532 17
1663191860511 0.0009898673743009567 18
1663191861037 0.0009911685483530164 19
1663191861536 0.0009935548296198249 20
1663191862038 0.000996601884253323 21
1663191862549 0.0009998503373935819 22
1663191863042 0.0010026319650933146 23
1663191863535 0.0010044921655207872 24
1663191864082 0.0010055936872959137 25
1663191864643 0.0010080041829496622 26
1663191865186 0.0010087804403156042 27
1663191865718 0.001010847743600607 28
1663191866200 0.0010140069061890244 29
1663191866716 0.0010254168882966042 30
1663191867197 0.0010418399469926953 31
1663191867678 0.0010591227328404784 32
1663191868162 0.0010717716068029404 33
1663191868642 0.001091055921278894 34
1663191869124 0.0010837820591405034 35
1663191869607 0.0010909646516665816 36
1663191870090 0.00108315737452358 37
1663191870570 0.001098200911656022 38
1663191871058 0.001116034109145403 39
1663191871534 0.0011105122976005077 40
1663191872023 0.0010659665567800403 41
1663191872508 0.001046465360559523 42
1663191872992 0.0010559792863205075 43
1663191873513 0.0010679159313440323 44
1663191874012 0.00105468078982085 45
1663191874562 0.001000316347926855 46
1663191875110 0.0009999959729611874 47
1663191875635 0.00100345304235816 48
1663191876146 0.0010042341891676188 49
1663191876724 0.001013306900858879 50
1663191877342 0.0010177872609347105 51
1663191877923 0.0010305313626304269 52
1663191878444 0.0010394008131697774 53
1663191879013 0.0010373955592513084 54
1663191879576 0.0010300909634679556 55
1663191880153 0.0010279730195179582 56
1663191880658 0.0010218025417998433 57
1663191881173 0.0010150745511054993 58
1663191881669 0.001016629976220429 59
1663191882181 0.0010156469652429223 60
1663191882667 0.0010085314279422164 61
1663191883194 0.0010069403797388077 62
1663191883807 0.0010103198001161218 63
1663191884325 0.001006562146358192 64
1663191884840 0.0010064530652016401 65
1663191885344 0.001004738500341773 66
1663191885862 0.001010232255794108 67
1663191886418 0.0010097332997247577 68
