1663191851156 0.10959871113300323 0
1663191851797 0.9170604944229126 1
1663191852287 2.50197172164917 2
1663191852788 4.75039529800415 3
1663191853282 7.223275661468506 4
1663191853785 9.533146858215332 5
1663191854276 11.253839492797852 6
1663191854775 12.330490112304688 7
1663191855269 12.650832176208496 8
1663191855781 12.190347671508789 9
1663191856287 11.204360961914062 10
1663191856779 9.814929008483887 11
1663191857261 8.237696647644043 12
1663191857751 6.72381591796875 13
1663191858344 5.334601879119873 14
1663191858919 4.41318941116333 15
1663191859463 4.021088123321533 16
1663191859997 4.223056793212891 17
1663191860513 4.944360733032227 18
1663191861039 6.025177478790283 19
1663191861538 7.26931619644165 20
1663191862041 8.440458297729492 21
1663191862551 9.37309455871582 22
1663191863044 9.866616249084473 23
1663191863537 9.909734725952148 24
1663191864084 9.555574417114258 25
1663191864645 8.901468276977539 26
1663191865188 8.148653984069824 27
1663191865720 7.402271270751953 28
1663191866202 6.74818229675293 29
1663191866718 6.29382848739624 30
1663191867199 6.0526533126831055 31
1663191867680 6.039780139923096 32
1663191868164 6.250607490539551 33
1663191868644 6.65440559387207 34
1663191869126 7.164131164550781 35
1663191869609 7.711945056915283 36
1663191870092 8.180570602416992 37
1663191870572 8.470518112182617 38
1663191871060 8.575121879577637 39
1663191871536 8.476685523986816 40
1663191872025 8.187030792236328 41
1663191872510 7.7817487716674805 42
1663191872994 7.351861953735352 43
1663191873515 7.009664058685303 44
1663191874014 6.826815128326416 45
1663191874565 6.788397312164307 46
1663191875112 6.871984481811523 47
1663191875637 7.033877372741699 48
1663191876148 7.245095729827881 49
1663191876727 7.468055248260498 50
1663191877344 7.684117317199707 51
1663191877926 7.863378524780273 52
1663191878446 7.978080749511719 53
1663191879015 8.011248588562012 54
1663191879579 7.959018230438232 55
1663191880156 7.833821773529053 56
1663191880660 7.664397239685059 57
1663191881176 7.464025020599365 58
1663191881672 7.30347204208374 59
1663191882183 7.199722766876221 60
1663191882669 7.173051357269287 61
1663191883196 7.217480659484863 62
1663191883809 7.320744037628174 63
1663191884327 7.4563889503479 64
1663191884842 7.595052242279053 65
1663191885346 7.707394599914551 66
1663191885864 7.764691352844238 67
1663191886420 7.769905090332031 68
