1663191851158 0.0010662878630682826 0
1663191851798 0.0010559094371274114 1
1663191852288 0.0010956092737615108 2
1663191852789 0.0011152661172673106 3
1663191853284 0.0011267767986282706 4
1663191853787 0.001113562611863017 5
1663191854278 0.0011169055942445993 6
1663191854776 0.0011195950210094452 7
1663191855270 0.0011765845119953156 8
1663191855783 0.0010988779831677675 9
1663191856288 0.001075421692803502 10
1663191856780 0.001081635244190693 11
1663191857262 0.0010427465895190835 12
1663191857752 0.0010646338341757655 13
1663191858345 0.001096422434784472 14
1663191858920 0.0010767548810690641 15
1663191859465 0.0010658230166882277 16
1663191859998 0.0010668464237824082 17
1663191860514 0.0010763459140434861 18
1663191861040 0.0011046744184568524 19
1663191861539 0.0011078892275691032 20
1663191862042 0.0011207768693566322 21
1663191862553 0.0011174746323376894 22
1663191863045 0.0011365792015567422 23
1663191863538 0.0011221072636544704 24
1663191864085 0.0011448749573901296 25
1663191864646 0.0011145495809614658 26
1663191865189 0.0010968035785481334 27
1663191865721 0.0010863038478419185 28
1663191866203 0.001072492217645049 29
1663191866719 0.0010508571285754442 30
1663191867200 0.0010733462404459715 31
1663191867682 0.0010751307709142566 32
1663191868165 0.0011094444198533893 33
1663191868645 0.0011141523718833923 34
1663191869127 0.0011784781236201525 35
1663191869610 0.0011849687434732914 36
1663191870093 0.0011619257275015116 37
1663191870573 0.0011735979933291674 38
1663191871061 0.0013177503133192658 39
1663191871537 0.0013693822547793388 40
1663191872026 0.0014752679271623492 41
1663191872511 0.0015700079966336489 42
1663191872995 0.0015005528694018722 43
1663191873516 0.0013981952797621489 44
1663191874015 0.001406541676260531 45
1663191874566 0.001068035257048905 46
1663191875114 0.0010509889107197523 47
1663191875638 0.0010539281647652388 48
1663191876149 0.0010393885895609856 49
1663191876728 0.0010559194488450885 50
1663191877345 0.0010840249015018344 51
1663191877927 0.0010838306043297052 52
1663191878447 0.0010899214539676905 53
1663191879016 0.0011380452197045088 54
1663191879581 0.0011923151323571801 55
1663191880157 0.0012758022639900446 56
1663191880661 0.001443352666683495 57
1663191881177 0.0013718974078074098 58
1663191881673 0.0014760708436369896 59
1663191882184 0.001597299356944859 60
1663191882670 0.001764973858371377 61
1663191883197 0.0017183582531288266 62
1663191883810 0.0015853988006711006 63
1663191884328 0.0016092091100290418 64
1663191884843 0.0015735662309452891 65
1663191885347 0.0015145789366215467 66
1663191885865 0.0013545758556574583 67
1663191886421 0.0013496179599314928 68
