1663192467046 0.0 0
1663192467719 -0.029316702857613564 1
1663192468344 -0.07870593667030334 2
1663192468932 -0.1484001725912094 3
1663192469511 -0.2245408445596695 4
1663192470052 -0.2950844168663025 5
1663192470573 -0.34715721011161804 6
1663192471151 -0.3791236877441406 7
1663192471677 -0.3877403438091278 8
1663192472204 -0.3725433945655823 9
1663192472728 -0.34224817156791687 10
1663192473251 -0.30058833956718445 11
1663192473803 -0.2540223002433777 12
1663192474375 -0.21001309156417847 13
1663192474998 -0.1704198718070984 14
1663192475560 -0.1450595110654831 15
1663192476170 -0.1356409639120102 16
1663192476748 -0.14360588788986206 17
1663192477286 -0.16651634871959686 18
1663192477811 -0.19938446581363678 19
1663192478454 -0.23630790412425995 20
1663192479061 -0.27027955651283264 21
1663192479738 -0.2965488135814667 22
1663192480403 -0.3094773292541504 23
1663192480951 -0.30902382731437683 24
1663192481466 -0.29701417684555054 25
1663192481998 -0.2765507698059082 26
1663192482497 -0.2537214457988739 27
1663192483018 -0.23157422244548798 28
1663192483538 -0.2125924974679947 29
1663192484057 -0.1997760534286499 30
1663192484579 -0.19330771267414093 31
1663192485110 -0.19338549673557281 32
1663192485639 -0.19962505996227264 33
1663192486159 -0.21098650991916656 34
1663192486676 -0.2247631549835205 35
1663192487222 -0.23925651609897614 36
1663192487760 -0.2512710392475128 37
1663192488291 -0.25836464762687683 38
1663192488835 -0.2601918578147888 39
1663192489445 -0.25619271397590637 40
1663192489999 -0.24704137444496155 41
1663192490576 -0.23579546809196472 42
1663192491141 -0.22533631324768066 43
1663192491691 -0.2180614173412323 44
1663192492228 -0.21498288214206696 45
1663192492828 -0.2159515768289566 46
1663192493370 -0.21985693275928497 47
1663192493923 -0.2258525937795639 48
1663192494493 -0.2329450398683548 49
1663192495020 -0.23992154002189636 50
1663192495548 -0.2461392879486084 51
1663192496078 -0.2507004141807556 52
1663192496642 -0.2527448236942291 53
1663192497222 -0.2518617808818817 54
1663192497755 -0.24834904074668884 55
1663192498294 -0.24296028912067413 56
1663192498849 -0.23679125308990479 57
1663192499386 -0.23075155913829803 58
1663192499931 -0.22671526670455933 59
1663192500459 -0.22506457567214966 60
1663192500992 -0.22603723406791687 61
1663192501529 -0.22952623665332794 62
1663192502063 -0.23444782197475433 63
1663192502581 -0.23931489884853363 64
1663192503098 -0.24355448782444 65
1663192503626 -0.24629953503608704 66
1663192504148 -0.24702410399913788 67
1663192504685 -0.24586695432662964 68
