1663192467058 0.004173567984253168 0
1663192467729 0.003946711774915457 1
1663192468354 0.004393869079649448 2
1663192468943 0.004549290053546429 3
1663192469522 0.004638927057385445 4
1663192470062 0.004438305273652077 5
1663192470583 0.004547347780317068 6
1663192471161 0.004663347266614437 7
1663192471687 0.004973519127815962 8
1663192472214 0.004412326030433178 9
1663192472738 0.0044561768881976604 10
1663192473262 0.00451025040820241 11
1663192473813 0.004501336254179478 12
1663192474385 0.004979753866791725 13
1663192475008 0.004964514635503292 14
1663192475570 0.005291110835969448 15
1663192476181 0.005293403286486864 16
1663192476760 0.0054218522273004055 17
1663192477296 0.005489385221153498 18
1663192477821 0.005607453640550375 19
1663192478464 0.005653245374560356 20
1663192479076 0.0058830976486206055 21
1663192479750 0.005670721177011728 22
1663192480413 0.00556893739849329 23
1663192480960 0.005465250462293625 24
1663192481476 0.0054654330015182495 25
1663192482008 0.005042022559791803 26
1663192482507 0.004867703653872013 27
1663192483028 0.004854960832744837 28
1663192483547 0.0046249208971858025 29
1663192484067 0.004662609193474054 30
1663192484589 0.004775418899953365 31
1663192485121 0.005033247172832489 32
1663192485650 0.005344245117157698 33
1663192486169 0.00542260380461812 34
1663192486686 0.005763814318925142 35
1663192487232 0.005891537759453058 36
1663192487770 0.005600074306130409 37
1663192488301 0.005621935706585646 38
1663192488846 0.00649143336340785 39
1663192489456 0.006876092869788408 40
1663192490010 0.007020376622676849 41
1663192490586 0.007142576854676008 42
1663192491151 0.0069474526681005955 43
1663192491701 0.006430139299482107 44
1663192492238 0.006276980042457581 45
1663192492839 0.004780557006597519 46
1663192493380 0.004623274318873882 47
1663192493933 0.004602642729878426 48
1663192494504 0.004512461367994547 49
1663192495030 0.004708772990852594 50
1663192495558 0.004954920150339603 51
1663192496088 0.005181262269616127 52
1663192496654 0.00550847640261054 53
1663192497232 0.005587103310972452 54
1663192497765 0.005804861430078745 55
1663192498304 0.005981402471661568 56
1663192498859 0.006530048791319132 57
1663192499396 0.006382399704307318 58
1663192499941 0.006561636924743652 59
1663192500469 0.006803423166275024 60
1663192501002 0.007193040568381548 61
1663192501539 0.007112993858754635 62
1663192502073 0.006734393537044525 63
1663192502591 0.006915985140949488 64
1663192503108 0.007087244652211666 65
1663192503636 0.006847811862826347 66
1663192504158 0.006360009778290987 67
1663192504695 0.006227707024663687 68
