1663192467060 0.0 0
1663192467732 -0.029316702857613564 1
1663192468357 -0.07870593667030334 2
1663192468946 -0.1484001725912094 3
1663192469525 -0.2245408445596695 4
1663192470065 -0.2950844168663025 5
1663192470586 -0.34715721011161804 6
1663192471163 -0.3791236877441406 7
1663192471689 -0.3877403438091278 8
1663192472216 -0.3725433945655823 9
1663192472741 -0.34224817156791687 10
1663192473264 -0.2987738847732544 11
1663192473815 -0.24980582296848297 12
1663192474388 -0.20386295020580292 13
1663192475011 -0.1629340499639511 14
1663192475572 -0.13623620569705963 15
1663192476183 -0.12233152240514755 16
1663192476763 -0.12795963883399963 17
1663192477298 -0.15075132250785828 18
1663192477824 -0.1848929226398468 19
1663192478466 -0.22347895801067352 20
1663192479079 -0.25970137119293213 21
1663192479753 -0.28810009360313416 22
1663192480415 -0.3028014898300171 23
1663192480963 -0.304838627576828 24
1663192481478 -0.2955433130264282 25
1663192482010 -0.2731357216835022 26
1663192482510 -0.24751165509223938 27
1663192483030 -0.22288471460342407 28
1663192483550 -0.2021295726299286 29
1663192484069 -0.18874619901180267 30
1663192484591 -0.18317557871341705 31
1663192485124 -0.18372102081775665 32
1663192485652 -0.1916302889585495 33
1663192486171 -0.20536130666732788 34
1663192486688 -0.21916279196739197 35
1663192487234 -0.23351973295211792 36
1663192487772 -0.24527373909950256 37
1663192488303 -0.25221920013427734 38
1663192488848 -0.2540578842163086 39
1663192489459 -0.24866263568401337 40
1663192490012 -0.23625414073467255 41
1663192490588 -0.21879005432128906 42
1663192491153 -0.19932512938976288 43
1663192491704 -0.18378663063049316 44
1663192492240 -0.17635861039161682 45
1663192492841 -0.17654119431972504 46
1663192493382 -0.18511100113391876 47
1663192493936 -0.19958798587322235 48
1663192494506 -0.217553049325943 49
1663192495032 -0.23432447016239166 50
1663192495560 -0.24076324701309204 51
1663192496090 -0.24532856047153473 52
1663192496656 -0.24759931862354279 53
1663192497234 -0.24728496372699738 54
1663192497767 -0.24478814005851746 55
1663192498306 -0.2405289113521576 56
1663192498862 -0.2340235710144043 57
1663192499398 -0.21001002192497253 58
1663192499944 -0.18959404528141022 59
1663192500472 -0.17430438101291656 60
1663192501005 -0.16559498012065887 61
1663192501541 -0.16329750418663025 62
1663192502075 -0.16813082993030548 63
1663192502593 -0.17910601198673248 64
1663192503111 -0.1937427818775177 65
1663192503638 -0.20910602807998657 66
1663192504160 -0.22174005210399628 67
1663192504697 -0.23093979060649872 68
