1663192467059 0.0 0
1663192467730 0.944622278213501 1
1663192468356 2.530003309249878 2
1663192468945 4.779495716094971 3
1663192469523 7.253014087677002 4
1663192470064 9.56360912322998 5
1663192470584 11.284366607666016 6
1663192471162 12.360902786254883 7
1663192471688 12.680684089660645 8
1663192472215 12.221284866333008 9
1663192472740 11.23541259765625 10
1663192473263 9.845887184143066 11
1663192473814 8.268741607666016 12
1663192474386 6.754312515258789 13
1663192475010 5.364511489868164 14
1663192475571 4.442200660705566 15
1663192476182 4.049957752227783 16
1663192476761 4.251728057861328 17
1663192477297 4.973312854766846 18
1663192477822 6.054252624511719 19
1663192478465 7.298718452453613 20
1663192479078 8.469572067260742 21
1663192479752 9.402920722961426 22
1663192480414 9.896455764770508 23
1663192480962 9.939729690551758 24
1663192481477 9.585234642028809 25
1663192482009 8.9315767288208 26
1663192482509 8.17905330657959 27
1663192483029 7.432534217834473 28
1663192483549 6.778735160827637 29
1663192484068 6.3244428634643555 30
1663192484590 6.08290433883667 31
1663192485123 6.0696516036987305 32
1663192485651 6.2797770500183105 33
1663192486170 6.683349609375 34
1663192486687 7.191985607147217 35
1663192487233 7.739526748657227 36
1663192487771 8.208771705627441 37
1663192488302 8.498605728149414 38
1663192488847 8.599563598632812 39
1663192489457 8.499032020568848 40
1663192490011 8.206320762634277 41
1663192490587 7.798007488250732 42
1663192491152 7.369864463806152 43
1663192491702 7.031506061553955 44
1663192492239 6.84863805770874 45
1663192492840 6.819032192230225 46
1663192493381 6.902770519256592 47
1663192493935 7.064663410186768 48
1663192494505 7.275985240936279 49
1663192495031 7.498814582824707 50
1663192495559 7.714554309844971 51
1663192496089 7.893599033355713 52
1663192496655 8.00783634185791 53
1663192497233 8.040567398071289 54
1663192497766 7.987292766571045 55
1663192498305 7.860373020172119 56
1663192498861 7.686015605926514 57
1663192499397 7.487034797668457 58
1663192499942 7.323061943054199 59
1663192500470 7.2149858474731445 60
1663192501004 7.181441783905029 61
1663192501540 7.227941989898682 62
1663192502074 7.336937427520752 63
1663192502592 7.471785545349121 64
1663192503109 7.611565589904785 65
1663192503637 7.726284503936768 66
1663192504159 7.788751125335693 67
1663192504696 7.794392108917236 68
