1663192467047 0.06518902629613876 0
1663192467720 0.04121652618050575 1
1663192468345 0.0910198837518692 2
1663192468934 0.10736466944217682 3
1663192469513 0.11555568873882294 4
1663192470053 0.10123251378536224 5
1663192470575 0.10188926011323929 6
1663192471152 0.09435892105102539 7
1663192471678 0.08492255210876465 8
1663192472205 0.026213865727186203 9
1663192472729 0.01218829583376646 10
1663192473253 0.011199425905942917 11
1663192473804 0.00273145642131567 12
1663192474376 0.001148662413470447 13
1663192474999 0.0005791218136437237 14
1663192475561 0.00022485047520603985 15
1663192476171 0.00010465132800163701 16
1663192476750 0.00010713283700169995 17
1663192477287 7.676719542359933e-05 18
1663192477812 7.838008605176583e-05 19
1663192478455 5.354617314878851e-05 20
1663192479063 6.66703563183546e-05 21
1663192479740 7.055231253616512e-05 22
1663192480404 0.00017110648332163692 23
1663192480952 0.00020133249927312136 24
1663192481467 0.0005006029969081283 25
1663192481999 0.003096218453720212 26
1663192482499 0.004830247722566128 27
1663192483020 0.008337246254086494 28
1663192483539 0.013148091733455658 29
1663192484058 0.02588621899485588 30
1663192484580 0.04294699802994728 31
1663192485111 0.059898748993873596 32
1663192485641 0.07137022912502289 33
1663192486160 0.08780523389577866 34
1663192486677 0.07881788909435272 35
1663192487223 0.082606740295887 36
1663192487761 0.07259760051965714 37
1663192488292 0.08432138711214066 38
1663192488836 0.09909941256046295 39
1663192489446 0.09333924949169159 40
1663192490001 0.05253281071782112 41
1663192490577 0.03575977683067322 42
1663192491142 0.04786703735589981 43
1663192491692 0.06249590218067169 44
1663192492229 0.05272795632481575 45
1663192492830 0.0016429717652499676 46
1663192493371 0.002577355597168207 47
1663192493924 0.006903162691742182 48
1663192494494 0.008089443668723106 49
1663192495021 0.017014240846037865 50
1663192495549 0.02082449570298195 51
1663192496079 0.032169733196496964 52
1663192496643 0.0391760915517807 53
1663192497223 0.035330630838871 54
1663192497756 0.026444613933563232 55
1663192498295 0.02302558533847332 56
1663192498850 0.016393231227993965 57
1663192499387 0.010026030242443085 58
1663192499933 0.012737867422401905 59
1663192500460 0.013578535988926888 60
1663192500993 0.008648421615362167 61
1663192501530 0.009070266038179398 62
1663192502064 0.013843010179698467 63
1663192502582 0.010727157816290855 64
1663192503099 0.01042651105672121 65
1663192503627 0.007815451361238956 66
1663192504149 0.01196838915348053 67
1663192504686 0.010134536772966385 68
