1663192467055 4.945489883422852 0
1663192467727 4.628969192504883 1
1663192468352 5.338456153869629 2
1663192468941 5.5791425704956055 3
1663192469519 5.72028923034668 4
1663192470060 5.501220703125 5
1663192470581 5.588585376739502 6
1663192471158 5.699963092803955 7
1663192471684 6.265076637268066 8
1663192472212 5.491558074951172 9
1663192472736 5.3373918533325195 10
1663192473260 5.55694580078125 11
1663192473811 5.008918762207031 12
1663192474383 6.334540843963623 13
1663192475006 6.604435443878174 14
1663192475568 6.907073020935059 15
1663192476178 6.73732852935791 16
1663192476758 6.9368486404418945 17
1663192477294 7.32749080657959 18
1663192477819 7.760468006134033 19
1663192478462 7.842499732971191 20
1663192479073 8.176217079162598 21
1663192479747 7.881974697113037 22
1663192480411 7.963989734649658 23
1663192480958 7.647932052612305 24
1663192481474 7.726744651794434 25
1663192482005 6.778115272521973 26
1663192482505 6.464194297790527 27
1663192483026 6.290230751037598 28
1663192483545 5.796422004699707 29
1663192484065 5.333103656768799 30
1663192484587 5.730841636657715 31
1663192485119 5.924683094024658 32
1663192485647 6.458364963531494 33
1663192486167 6.44963264465332 34
1663192486684 7.073030948638916 35
1663192487229 7.135159015655518 36
1663192487767 6.651759147644043 37
1663192488299 6.69996452331543 38
1663192488843 7.9430317878723145 39
1663192489453 8.48668098449707 40
1663192490007 8.676446914672852 41
1663192490583 8.910076141357422 42
1663192491148 8.790947914123535 43
1663192491699 8.23830795288086 44
1663192492236 8.140825271606445 45
1663192492836 6.079981803894043 46
1663192493378 5.528508186340332 47
1663192493931 5.488808631896973 48
1663192494501 5.011496067047119 49
1663192495028 5.514077186584473 50
1663192495556 6.038118362426758 51
1663192496086 6.1143269538879395 52
1663192496652 6.663490295410156 53
1663192497230 6.964791774749756 54
1663192497763 7.272259712219238 55
1663192498302 7.607668876647949 56
1663192498857 8.318090438842773 57
1663192499393 8.098931312561035 58
1663192499939 8.230548858642578 59
1663192500467 8.574712753295898 60
1663192501000 8.98975944519043 61
1663192501536 8.959135055541992 62
1663192502071 8.531354904174805 63
1663192502589 8.752145767211914 64
1663192503106 9.103862762451172 65
1663192503634 8.81035327911377 66
1663192504156 8.15323543548584 67
1663192504693 8.0891752243042 68
