1663192467050 0.031622953712940216 0
1663192467723 0.03162289783358574 1
1663192468347 0.03162308782339096 2
1663192468936 0.03162318840622902 3
1663192469515 0.031623248010873795 4
1663192470055 0.03162315860390663 5
1663192470577 0.03162320330739021 6
1663192471154 0.03162330016493797 7
1663192471680 0.03162359073758125 8
1663192472207 0.03162306919693947 9
1663192472731 0.0316229946911335 10
1663192473255 0.0316229984164238 11
1663192473806 0.031622935086488724 12
1663192474378 0.031623031944036484 13
1663192475001 0.03162308782339096 14
1663192475563 0.03162316232919693 15
1663192476174 0.03162314370274544 16
1663192476752 0.031623195856809616 17
1663192477289 0.03162321820855141 18
1663192477814 0.031623296439647675 19
1663192478458 0.03162332624197006 20
1663192479066 0.03162350505590439 21
1663192479742 0.03162335231900215 22
1663192480407 0.031623393297195435 23
1663192480954 0.03162333369255066 24
1663192481469 0.03162343427538872 25
1663192482001 0.031623248010873795 26
1663192482501 0.03162311390042305 27
1663192483022 0.03162312135100365 28
1663192483541 0.03162302449345589 29
1663192484060 0.0316229872405529 30
1663192484582 0.031623054295778275 31
1663192485114 0.031623128801584244 32
1663192485643 0.031623296439647675 33
1663192486162 0.03162338212132454 34
1663192486679 0.03162374347448349 35
1663192487225 0.031623899936676025 36
1663192487763 0.031623780727386475 37
1663192488294 0.031623855233192444 38
1663192488839 0.031625233590602875 39
1663192489449 0.031626034528017044 40
1663192490003 0.031627312302589417 41
1663192490579 0.03162858262658119 42
1663192491144 0.03162740170955658 43
1663192491694 0.03162573650479317 44
1663192492231 0.03162571042776108 45
1663192492832 0.03162302449345589 46
1663192493374 0.031622983515262604 47
1663192493926 0.031622979789972305 48
1663192494497 0.031622953712940216 49
1663192495023 0.0316229872405529 50
1663192495551 0.03162308409810066 51
1663192496081 0.03162315487861633 52
1663192496646 0.03162328526377678 53
1663192497225 0.03162342309951782 54
1663192497758 0.03162374347448349 55
1663192498297 0.031624309718608856 56
1663192498853 0.031626198440790176 57
1663192499389 0.031625475734472275 58
1663192499935 0.031626805663108826 59
1663192500462 0.03162873908877373 60
1663192500995 0.031632255762815475 61
1663192501532 0.03163120895624161 62
1663192502066 0.03162848576903343 63
1663192502584 0.031628962606191635 64
1663192503101 0.031628429889678955 65
1663192503629 0.03162739798426628 66
1663192504152 0.031625207513570786 67
1663192504688 0.031625062227249146 68
