1663192467054 0.06518902629613876 0
1663192467726 0.025534646585583687 1
1663192468351 0.012313947081565857 2
1663192468940 -0.04103550314903259 3
1663192469518 -0.10898515582084656 4
1663192470059 -0.19385190308094025 5
1663192470580 -0.24526795744895935 6
1663192471157 -0.2769032120704651 7
1663192471683 -0.23735865950584412 8
1663192472211 -0.2911720871925354 9
1663192472735 -0.2815747857093811 10
1663192473258 -0.23187285661697388 11
1663192473810 -0.21861693263053894 12
1663192474382 -0.14995120465755463 13
1663192475005 -0.07657862454652786 14
1663192475567 -0.06551074981689453 15
1663192476177 -0.06331154704093933 16
1663192476757 -0.06873072683811188 17
1663192477292 -0.08268339186906815 18
1663192477818 -0.09088476747274399 19
1663192478461 -0.12733173370361328 20
1663192479071 -0.15278685092926025 21
1663192479746 -0.185257226228714 22
1663192480410 -0.18391160666942596 23
1663192480957 -0.19809621572494507 24
1663192481473 -0.16679629683494568 25
1663192482004 -0.1729765683412552 26
1663192482504 -0.1652332842350006 27
1663192483025 -0.1512453258037567 28
1663192483544 -0.14336904883384705 29
1663192484064 -0.14938297867774963 30
1663192484586 -0.12056798487901688 31
1663192485118 -0.11848544329404831 32
1663192485646 -0.09370847791433334 33
1663192486166 -0.10223333537578583 34
1663192486683 -0.06217817962169647 35
1663192487228 -0.0739956796169281 36
1663192487766 -0.10847495496273041 37
1663192488297 -0.10764230787754059 38
1663192488842 0.005052119493484497 39
1663192489452 0.04668481647968292 40
1663192490006 0.13044919073581696 41
1663192490582 0.20562690496444702 42
1663192491147 0.17389576137065887 43
1663192491698 0.11390778422355652 44
1663192492234 0.12564095854759216 45
1663192492835 -0.14880414307117462 46
1663192493377 -0.16754397749900818 47
1663192493930 -0.1698722541332245 48
1663192494500 -0.19044815003871918 49
1663192495027 -0.1817144900560379 50
1663192495554 -0.1622648537158966 51
1663192496084 -0.16810356080532074 52
1663192496650 -0.16610746085643768 53
1663192497229 -0.1239323616027832 54
1663192497761 -0.07565464079380035 55
1663192498301 -0.003948375582695007 56
1663192498856 0.12500229477882385 57
1663192499392 0.08050712943077087 58
1663192499938 0.15891318023204803 59
1663192500466 0.24130244553089142 60
1663192500998 0.34225183725357056 61
1663192501535 0.31399691104888916 62
1663192502070 0.2299642711877823 63
1663192502588 0.2406143695116043 64
1663192503105 0.2137841284275055 65
1663192503633 0.17192602157592773 66
1663192504155 0.058252349495887756 67
1663192504692 0.054402902722358704 68
