1663192467051 0.10959871113300323 0
1663192467724 0.9170604944229126 1
1663192468349 2.50197172164917 2
1663192468937 4.75039529800415 3
1663192469516 7.223275661468506 4
1663192470057 9.533146858215332 5
1663192470578 11.253839492797852 6
1663192471155 12.330490112304688 7
1663192471681 12.650832176208496 8
1663192472208 12.190347671508789 9
1663192472733 11.204360961914062 10
1663192473256 9.814929008483887 11
1663192473807 8.237696647644043 12
1663192474380 6.72381591796875 13
1663192475003 5.334601879119873 14
1663192475565 4.41318941116333 15
1663192476175 4.021088123321533 16
1663192476754 4.223056793212891 17
1663192477290 4.944360733032227 18
1663192477816 6.025177478790283 19
1663192478459 7.26931619644165 20
1663192479068 8.440458297729492 21
1663192479743 9.37309455871582 22
1663192480408 9.866616249084473 23
1663192480955 9.909734725952148 24
1663192481470 9.555574417114258 25
1663192482002 8.901468276977539 26
1663192482502 8.148653984069824 27
1663192483023 7.402271270751953 28
1663192483542 6.74818229675293 29
1663192484061 6.29382848739624 30
1663192484584 6.0526533126831055 31
1663192485115 6.039780139923096 32
1663192485644 6.250607490539551 33
1663192486163 6.65440559387207 34
1663192486680 7.164131164550781 35
1663192487226 7.711945056915283 36
1663192487764 8.180570602416992 37
1663192488295 8.470518112182617 38
1663192488840 8.575121879577637 39
1663192489450 8.476685523986816 40
1663192490004 8.187030792236328 41
1663192490580 7.7817487716674805 42
1663192491145 7.351861953735352 43
1663192491695 7.009664058685303 44
1663192492232 6.826815128326416 45
1663192492833 6.788397312164307 46
1663192493375 6.871984481811523 47
1663192493927 7.033877372741699 48
1663192494498 7.245095729827881 49
1663192495024 7.468055248260498 50
1663192495552 7.684117317199707 51
1663192496082 7.863378524780273 52
1663192496647 7.978080749511719 53
1663192497227 8.011248588562012 54
1663192497759 7.959018230438232 55
1663192498299 7.833821773529053 56
1663192498854 7.664397239685059 57
1663192499390 7.464025020599365 58
1663192499936 7.30347204208374 59
1663192500464 7.199722766876221 60
1663192500996 7.173051357269287 61
1663192501533 7.217480659484863 62
1663192502068 7.320744037628174 63
1663192502586 7.4563889503479 64
1663192503103 7.595052242279053 65
1663192503630 7.707394599914551 66
1663192504153 7.764691352844238 67
1663192504689 7.769905090332031 68
