1663192467048 0.0010662878630682826 0
1663192467722 0.0010416100267320871 1
1663192468346 0.0010956092737615108 2
1663192468935 0.0011152661172673106 3
1663192469514 0.0011267767986282706 4
1663192470054 0.001113562611863017 5
1663192470576 0.0011169055942445993 6
1663192471153 0.0011108277831226587 7
1663192471679 0.0011020329548045993 8
1663192472206 0.0010399079183116555 9
1663192472730 0.001024523633532226 10
1663192473254 0.0010211790213361382 11
1663192473805 0.001009226543828845 12
1663192474377 0.0010037246393039823 13
1663192475000 0.0009987910743802786 14
1663192475562 0.0009946422651410103 15
1663192476172 0.000991558306850493 16
1663192476751 0.0009899894939735532 17
1663192477288 0.0009898673743009567 18
1663192477813 0.0009911685483530164 19
1663192478456 0.0009935548296198249 20
1663192479065 0.000996601884253323 21
1663192479741 0.0009998503373935819 22
1663192480406 0.0010026319650933146 23
1663192480953 0.0010044921655207872 24
1663192481468 0.0010055936872959137 25
1663192482000 0.0010080041829496622 26
1663192482500 0.0010087804403156042 27
1663192483021 0.001010847743600607 28
1663192483540 0.0010140069061890244 29
1663192484059 0.0010254168882966042 30
1663192484581 0.0010418399469926953 31
1663192485113 0.0010591227328404784 32
1663192485642 0.0010717716068029404 33
1663192486161 0.001091055921278894 34
1663192486678 0.0010837820591405034 35
1663192487224 0.0010909646516665816 36
1663192487762 0.00108315737452358 37
1663192488293 0.001098200911656022 38
1663192488838 0.001116034109145403 39
1663192489447 0.0011105122976005077 40
1663192490002 0.0010659665567800403 41
1663192490578 0.001046465360559523 42
1663192491143 0.0010559792863205075 43
1663192491693 0.0010679159313440323 44
1663192492230 0.00105468078982085 45
1663192492831 0.001000316347926855 46
1663192493373 0.0009999959729611874 47
1663192493925 0.00100345304235816 48
1663192494496 0.0010042341891676188 49
1663192495022 0.001013306900858879 50
1663192495550 0.0010177872609347105 51
1663192496080 0.0010305313626304269 52
1663192496645 0.0010394008131697774 53
1663192497224 0.0010373955592513084 54
1663192497757 0.0010300909634679556 55
1663192498296 0.0010279730195179582 56
1663192498851 0.0010218025417998433 57
1663192499388 0.0010150745511054993 58
1663192499934 0.001016629976220429 59
1663192500461 0.0010156469652429223 60
1663192500994 0.0010085314279422164 61
1663192501531 0.0010069403797388077 62
1663192502065 0.0010103198001161218 63
1663192502583 0.001006562146358192 64
1663192503100 0.0010064530652016401 65
1663192503628 0.001004738500341773 66
1663192504150 0.001010232255794108 67
1663192504687 0.0010097332997247577 68
