1657511923265 0.0 0
1657511923793 0.008620120584964752 1
1657511924263 0.02375047653913498 2
1657511924570 0.07874640822410583 3
1657511924825 0.20857232809066772 4
1657511925077 0.45228803157806396 5
1657511925328 0.8000751733779907 6
1657511925583 1.3052005767822266 7
1657511925835 1.985564112663269 8
1657511926090 2.847363233566284 9
1657511926343 3.4340286254882812 10
1657511926611 3.658005475997925 11
1657511926876 3.4304635524749756 12
1657511927134 2.704328775405884 13
1657511927392 1.497842788696289 14
1657511927652 0.1276618242263794 15
1657511927900 -1.2538243532180786 16
1657511928146 -2.321781873703003 17
1657511928397 -2.9265077114105225 18
1657511928646 -2.9806535243988037 19
1657511928900 -2.511540412902832 20
1657511929155 -1.6552364826202393 21
1657511929408 -0.5741469264030457 22
1657511929660 0.42154568433761597 23
1657511929913 1.1828148365020752 24
1657511930164 1.5974645614624023 25
1657511930418 1.6456502676010132 26
1657511930672 1.4007527828216553 27
1657511930928 0.9564278721809387 28
1657511931180 0.40253007411956787 29
1657511931434 -0.1314546912908554 30
1657511931682 -0.5812546610832214 31
1657511931936 -0.877964198589325 32
1657511932185 -0.9739458560943604 33
1657511932503 -0.8415639400482178 34
1657511932759 -0.5010895133018494 35
1657511933065 -0.006873630918562412 36
1657511933388 0.5339999794960022 37
1657511933649 0.9686890840530396 38
1657511933905 1.2347923517227173 39
1657511934168 1.2585885524749756 40
1657511934430 0.9827320575714111 41
1657511934705 0.4654257595539093 42
1657511934994 -0.16951650381088257 43
1657511935245 -0.7390154600143433 44
1657511935501 -1.1094484329223633 45
1657511935750 -1.2680079936981201 46
1657511936002 -1.245858907699585 47
1657511936263 -1.1105642318725586 48
1657511936519 -0.8979673385620117 49
1657511936777 -0.6602944731712341 50
1657511937028 -0.4182158410549164 51
1657511937279 -0.20873631536960602 52
1657511937533 -0.06225531920790672 53
1657511937782 0.005128851626068354 54
1657511938059 -0.013590624555945396 55
1657511938431 -0.10621584951877594 56
1657511938688 -0.24710842967033386 57
1657511938950 -0.415712833404541 58
1657511939199 -0.5621587038040161 59
1657511939449 -0.6639728546142578 60
1657511939701 -0.7021927237510681 61
1657511939952 -0.6761901378631592 62
1657511940200 -0.5957187414169312 63
1657511940453 -0.48540395498275757 64
1657511940701 -0.36959904432296753 65
1657511940954 -0.2775970697402954 66
1657511941201 -0.24442371726036072 67
1657511941458 -0.27014753222465515 68
