1657511923263 0.06518902629613876 0
1657511923791 0.04229350760579109 1
1657511924261 0.09660813212394714 2
1657511924569 0.12227945029735565 3
1657511924824 0.14889201521873474 4
1657511925076 0.1632908135652542 5
1657511925327 0.21107664704322815 6
1657511925582 0.2679348886013031 7
1657511925833 0.32961350679397583 8
1657511926089 0.24294139444828033 9
1657511926341 0.1790079027414322 10
1657511926609 0.13002288341522217 11
1657511926875 0.02678005024790764 12
1657511927133 0.003951684571802616 13
1657511927391 0.000570103817153722 14
1657511927651 4.807675213669427e-05 15
1657511927898 7.058044502628036e-06 16
1657511928145 2.8200963697599946e-06 17
1657511928396 1.3730831369684893e-06 18
1657511928645 1.3471478723658947e-06 19
1657511928899 2.042261485257768e-06 20
1657511929153 5.197970494918991e-06 21
1657511929406 1.2930017874168698e-05 22
1657511929658 0.00021163620112929493 23
1657511929912 0.0005062220734544098 24
1657511930163 0.001731155440211296 25
1657511930416 0.010386314243078232 26
1657511930670 0.011533023789525032 27
1657511930926 0.010964307002723217 28
1657511931179 0.009757938794791698 29
1657511931433 0.013168226927518845 30
1657511931681 0.01707584783434868 31
1657511931935 0.021241793408989906 32
1657511932184 0.0253713671118021 33
1657511932502 0.0355054996907711 34
1657511932758 0.036277540028095245 35
1657511933064 0.04497130215167999 36
1657511933386 0.04340400546789169 37
1657511933648 0.034625742584466934 38
1657511933903 0.008825956843793392 39
1657511934167 0.00103923084679991 40
1657511934428 4.144737249589525e-05 41
1657511934704 1.953092578332871e-06 42
1657511934993 2.452864009683253e-07 43
1657511935243 3.627725675414695e-08 44
1657511935499 3.0593176880699957e-09 45
1657511935749 9.401586176238652e-10 46
1657511936001 1.5686492382815942e-10 47
1657511936262 3.8380746497646e-11 48
1657511936517 9.595378311355596e-12 49
1657511936775 1.514271173730375e-11 50
1657511937027 1.8389484379710552e-11 51
1657511937278 5.7806533865223386e-11 52
1657511937532 2.4003185550292017e-10 53
1657511937780 1.008172989536149e-09 54
1657511938057 2.848591362791808e-09 55
1657511938430 5.181205686710655e-09 56
1657511938686 3.471470888527506e-09 57
1657511938948 1.9571826381792334e-09 58
1657511939198 1.1821995604677227e-09 59
1657511939448 6.390102336162329e-10 60
1657511939700 2.7214741571413015e-10 61
1657511939950 3.471661569331985e-10 62
1657511940198 8.155360275985402e-10 63
1657511940451 6.255317375192249e-10 64
1657511940700 4.258756125530283e-10 65
1657511940953 1.3901386985981645e-10 66
1657511941200 8.358553432730176e-11 67
1657511941457 1.9530750280938314e-11 68
