1657511923275 0.003756210906431079 0
1657511923804 0.0035520405508577824 1
1657511924275 0.003954481799155474 2
1657511924580 0.004094360861927271 3
1657511924836 0.004175033885985613 4
1657511925088 0.003994474653154612 5
1657511925338 0.004092613235116005 6
1657511925593 0.004197012633085251 7
1657511925845 0.004476167261600494 8
1657511926101 0.003971093334257603 9
1657511926353 0.004010559059679508 10
1657511926621 0.00405922532081604 11
1657511926886 0.004051202442497015 12
1657511927144 0.004481778480112553 13
1657511927403 0.004468063358217478 14
1657511927662 0.004761999472975731 15
1657511927910 0.0047640628181397915 16
1657511928157 0.004879666958004236 17
1657511928408 0.004940446466207504 18
1657511928657 0.005046708043664694 19
1657511928910 0.005087920464575291 20
1657511929165 0.00529478769749403 21
1657511929418 0.005103649105876684 22
1657511929670 0.005012043751776218 23
1657511929924 0.0049187252297997475 24
1657511930174 0.004918889608234167 25
1657511930428 0.0045378198847174644 26
1657511930682 0.004380933474749327 27
1657511930937 0.004369464702904224 28
1657511931191 0.00416242890059948 29
1657511931444 0.004196348134428263 30
1657511931692 0.004297877196222544 31
1657511931946 0.0045299227349460125 32
1657511932196 0.004809820558875799 33
1657511932513 0.004880343563854694 34
1657511932770 0.005187432747334242 35
1657511933077 0.005302383564412594 36
1657511933398 0.005040066782385111 37
1657511933659 0.0050597419030964375 38
1657511933915 0.005842289887368679 39
1657511934178 0.006188483443111181 40
1657511934441 0.006318339146673679 41
1657511934715 0.006428319029510021 42
1657511935004 0.006252707447856665 43
1657511935255 0.005787125322967768 44
1657511935511 0.005649281665682793 45
1657511935760 0.00430250121280551 46
1657511936012 0.004160946700721979 47
1657511936273 0.004142377991229296 48
1657511936529 0.004061215091496706 49
1657511936787 0.004237895365804434 50
1657511937038 0.004459428135305643 51
1657511937289 0.004663135856389999 52
1657511937544 0.004957628436386585 53
1657511937791 0.005028392653912306 54
1657511938069 0.005224375519901514 55
1657511938442 0.0053832619450986385 56
1657511938697 0.0058770435862243176 57
1657511938959 0.005744159687310457 58
1657511939209 0.00590547313913703 59
1657511939459 0.006123080383986235 60
1657511939711 0.006473736371845007 61
1657511939961 0.006401694379746914 62
1657511940209 0.006060954183340073 63
1657511940463 0.006224386394023895 64
1657511940711 0.006378520280122757 65
1657511940963 0.00616303039714694 66
1657511941211 0.005724008660763502 67
1657511941468 0.005604936275631189 68
