1657511923276 0.0 0
1657511923806 0.9786771535873413 1
1657511924276 2.5793654918670654 2
1657511924581 4.82241153717041 3
1657511924837 7.235964775085449 4
1657511925089 9.41561508178711 5
1657511925340 10.927643775939941 6
1657511925594 11.76518440246582 7
1657511925846 11.925976753234863 8
1657511926102 11.592647552490234 9
1657511926354 10.955404281616211 10
1657511926622 10.147745132446289 11
1657511926887 9.424322128295898 12
1657511927145 8.882392883300781 13
1657511927404 8.74382495880127 14
1657511927663 9.046069145202637 15
1657511927911 9.857674598693848 16
1657511928158 10.924978256225586 17
1657511928409 12.057950019836426 18
1657511928658 13.025530815124512 19
1657511928912 13.715049743652344 20
1657511929166 13.929935455322266 21
1657511929419 13.802253723144531 22
1657511929671 13.463512420654297 23
1657511929925 12.483323097229004 24
1657511930176 11.10930347442627 25
1657511930429 9.731060981750488 26
1657511930683 8.752872467041016 27
1657511930939 8.316902160644531 28
1657511931192 8.346263885498047 29
1657511931445 8.54690170288086 30
1657511931693 8.697330474853516 31
1657511931947 8.697678565979004 32
1657511932197 8.629561424255371 33
1657511932514 8.669910430908203 34
1657511932771 8.939229965209961 35
1657511933078 9.500883102416992 36
1657511933399 10.20172119140625 37
1657511933660 10.779838562011719 38
1657511933916 11.357583999633789 39
1657511934179 12.552359580993652 40
1657511934442 14.688461303710938 41
1657511934716 17.687896728515625 42
1657511935005 21.33062171936035 43
1657511935256 25.09783172607422 44
1657511935512 28.43954849243164 45
1657511935761 31.417139053344727 46
1657511936013 32.87221908569336 47
1657511936274 33.64320373535156 48
1657511936530 33.96413040161133 49
1657511936788 33.90475082397461 50
1657511937039 33.46601104736328 51
1657511937290 32.704139709472656 52
1657511937545 31.733747482299805 53
1657511937793 30.688772201538086 54
1657511938071 29.679468154907227 55
1657511938443 28.68465232849121 56
1657511938698 27.734283447265625 57
1657511938960 26.93214225769043 58
1657511939210 26.40015411376953 59
1657511939460 26.15083885192871 60
1657511939713 26.231204986572266 61
1657511939962 26.71795082092285 62
1657511940210 27.556913375854492 63
1657511940465 28.522750854492188 64
1657511940712 29.606765747070312 65
1657511940965 30.791475296020508 66
1657511941212 31.932231903076172 67
1657511941469 32.89044189453125 68
