1657511923277 0.0 0
1657511923807 0.008620120584964752 1
1657511924278 0.025170134380459785 2
1657511924582 0.07874640822410583 3
1657511924838 0.20857232809066772 4
1657511925090 0.45228803157806396 5
1657511925341 0.8000751733779907 6
1657511925595 1.3052005767822266 7
1657511925847 1.985564112663269 8
1657511926103 2.847363233566284 9
1657511926355 3.4340286254882812 10
1657511926623 3.658005475997925 11
1657511926889 4.234130382537842 12
1657511927146 4.948403835296631 13
1657511927405 5.508268356323242 14
1657511927665 5.723323822021484 15
1657511927912 5.636867523193359 16
1657511928159 5.331902027130127 17
1657511928410 4.977755069732666 18
1657511928659 4.70234489440918 19
1657511928913 4.676197052001953 20
1657511929167 4.686822414398193 21
1657511929420 4.845469951629639 22
1657511929672 5.24821662902832 23
1657511929926 4.884997367858887 24
1657511930177 3.871962547302246 25
1657511930430 2.3481574058532715 26
1657511930684 1.9876270294189453 27
1657511930940 2.4855997562408447 28
1657511931193 2.9226114749908447 29
1657511931446 3.2173662185668945 30
1657511931695 3.3041725158691406 31
1657511931948 3.1023194789886475 32
1657511932198 2.552279472351074 33
1657511932515 1.6369867324829102 34
1657511932772 0.9600955247879028 35
1657511933079 1.5626099109649658 36
1657511933400 2.4431638717651367 37
1657511933661 3.534146547317505 38
1657511933917 4.964432716369629 39
1657511934180 6.971827507019043 40
1657511934444 9.130453109741211 41
1657511934717 11.137611389160156 42
1657511935006 12.997577667236328 43
1657511935257 14.83209228515625 44
1657511935513 16.75034523010254 45
1657511935762 18.893268585205078 46
1657511936014 20.625755310058594 47
1657511936275 22.173925399780273 48
1657511936531 23.310832977294922 49
1657511936789 23.804529190063477 50
1657511937040 23.571584701538086 51
1657511937291 22.600751876831055 52
1657511937546 21.066179275512695 53
1657511937794 19.264225006103516 54
1657511938072 17.678354263305664 55
1657511938444 16.588638305664062 56
1657511938699 16.14505386352539 57
1657511938962 16.269569396972656 58
1657511939211 16.684650421142578 59
1657511939461 17.085878372192383 60
1657511939714 17.24968147277832 61
1657511939964 17.141895294189453 62
1657511940212 16.972545623779297 63
1657511940466 17.040205001831055 64
1657511940713 17.541519165039062 65
1657511940966 18.53207015991211 66
1657511941213 19.808231353759766 67
1657511941470 21.0511417388916 68
