1657511923270 4.945489883422852 0
1657511923799 4.628969192504883 1
1657511924270 5.338456153869629 2
1657511924576 5.5791425704956055 3
1657511924831 5.72028923034668 4
1657511925083 5.501220703125 5
1657511925334 5.588585376739502 6
1657511925589 5.699963092803955 7
1657511925840 6.265076637268066 8
1657511926096 5.491558074951172 9
1657511926348 5.3373918533325195 10
1657511926617 5.55694580078125 11
1657511926882 5.008918762207031 12
1657511927140 6.334540843963623 13
1657511927398 6.604435443878174 14
1657511927658 6.907073020935059 15
1657511927905 6.73732852935791 16
1657511928153 6.9368486404418945 17
1657511928403 7.32749080657959 18
1657511928653 7.760468006134033 19
1657511928906 7.842499732971191 20
1657511929160 8.176217079162598 21
1657511929413 7.881974697113037 22
1657511929666 7.963989734649658 23
1657511929919 7.647932052612305 24
1657511930170 7.726744651794434 25
1657511930423 6.778115272521973 26
1657511930677 6.464194297790527 27
1657511930933 6.290230751037598 28
1657511931186 5.796422004699707 29
1657511931440 5.333103656768799 30
1657511931688 5.730841636657715 31
1657511931942 5.924683094024658 32
1657511932191 6.458364963531494 33
1657511932508 6.44963264465332 34
1657511932765 7.073030948638916 35
1657511933072 7.135159015655518 36
1657511933393 6.651759147644043 37
1657511933655 6.69996452331543 38
1657511933910 7.9430317878723145 39
1657511934174 8.48668098449707 40
1657511934436 8.676446914672852 41
1657511934711 8.910076141357422 42
1657511935000 8.790947914123535 43
1657511935250 8.23830795288086 44
1657511935507 8.140825271606445 45
1657511935756 6.079981803894043 46
1657511936008 5.528508186340332 47
1657511936269 5.488808631896973 48
1657511936525 5.011496067047119 49
1657511936782 5.514077186584473 50
1657511937033 6.038118362426758 51
1657511937284 6.1143269538879395 52
1657511937539 6.663490295410156 53
1657511937787 6.964791774749756 54
1657511938065 7.272259712219238 55
1657511938437 7.607668876647949 56
1657511938693 8.318090438842773 57
1657511938955 8.098931312561035 58
1657511939205 8.230548858642578 59
1657511939455 8.574712753295898 60
1657511939707 8.98975944519043 61
1657511939957 8.959135055541992 62
1657511940205 8.531354904174805 63
1657511940459 8.752145767211914 64
1657511940707 9.103862762451172 65
1657511940959 8.81035327911377 66
1657511941207 8.15323543548584 67
1657511941463 8.0891752243042 68
