1657511923268 32.840763092041016 0
1657511923796 30.40346336364746 1
1657511924267 32.73944854736328 2
1657511924574 34.448482513427734 3
1657511924829 36.71128463745117 4
1657511925081 37.6257209777832 5
1657511925332 39.50408935546875 6
1657511925587 41.40542221069336 7
1657511925838 44.0068359375 8
1657511926094 44.44941711425781 9
1657511926346 47.53736114501953 10
1657511926614 50.49888229370117 11
1657511926880 52.71846008300781 12
1657511927138 64.67684173583984 13
1657511927396 64.02985382080078 14
1657511927656 70.52928924560547 15
1657511927903 70.68788146972656 16
1657511928150 74.04742431640625 17
1657511928401 78.4544677734375 18
1657511928650 79.67083740234375 19
1657511928904 80.4738998413086 20
1657511929158 81.80924987792969 21
1657511929411 79.45638275146484 22
1657511929663 84.61116790771484 23
1657511929917 81.82806396484375 24
1657511930168 80.4740982055664 25
1657511930421 69.75702667236328 26
1657511930675 67.75023651123047 27
1657511930931 64.35786437988281 28
1657511931184 58.7498893737793 29
1657511931437 55.18523406982422 30
1657511931685 50.07319259643555 31
1657511931940 50.644168853759766 32
1657511932189 50.26839065551758 33
1657511932506 48.66416549682617 34
1657511932763 49.279605865478516 35
1657511933069 49.50718688964844 36
1657511933391 47.09158706665039 37
1657511933652 47.297725677490234 38
1657511933908 51.34046936035156 39
1657511934172 54.05585861206055 40
1657511934434 53.83408737182617 41
1657511934708 55.193115234375 42
1657511934998 58.16676330566406 43
1657511935248 59.571495056152344 44
1657511935504 61.948787689208984 45
1657511935753 71.1468505859375 46
1657511936006 68.02520751953125 47
1657511936267 66.16266632080078 48
1657511936523 63.629180908203125 49
1657511936780 63.92564010620117 50
1657511937031 64.24345397949219 51
1657511937282 62.861473083496094 52
1657511937537 62.84144592285156 53
1657511937785 61.29044723510742 54
1657511938062 60.04243469238281 55
1657511938435 59.35873794555664 56
1657511938691 60.40727615356445 57
1657511938953 60.346622467041016 58
1657511939202 58.30978012084961 59
1657511939452 59.03746032714844 60
1657511939705 59.721778869628906 61
1657511939955 60.709712982177734 62
1657511940203 60.17486572265625 63
1657511940457 61.46734619140625 64
1657511940705 64.47468566894531 65
1657511940957 65.94415283203125 66
1657511941205 65.43687438964844 67
1657511941461 67.03435516357422 68
