1657511923267 0.06518902629613876 0
1657511923795 0.05630031228065491 1
1657511924266 0.09660813212394714 2
1657511924573 0.12227945029735565 3
1657511924828 0.14889201521873474 4
1657511925080 0.1632908135652542 5
1657511925331 0.21107664704322815 6
1657511925585 0.2679348886013031 7
1657511925837 0.32961350679397583 8
1657511926093 0.3215470016002655 9
1657511926345 0.41707342863082886 10
1657511926613 0.6099259257316589 11
1657511926879 0.6830384731292725 12
1657511927137 0.7717421054840088 13
1657511927395 0.7774362564086914 14
1657511927655 0.8034528493881226 15
1657511927902 0.7505383491516113 16
1657511928149 0.7145828604698181 17
1657511928400 0.644863486289978 18
1657511928649 0.6398229598999023 19
1657511928903 0.4878596365451813 20
1657511929157 0.5277312994003296 21
1657511929410 0.6125725507736206 22
1657511929662 0.16324497759342194 23
1657511929916 0.14510397613048553 24
1657511930167 0.22624294459819794 25
1657511930420 0.276997834444046 26
1657511930674 0.35329359769821167 27
1657511930930 0.434731662273407 28
1657511931183 0.45647087693214417 29
1657511931436 0.3928377628326416 30
1657511931684 0.2869638204574585 31
1657511931939 0.17607101798057556 32
1657511932188 0.13953806459903717 33
1657511932505 0.17913147807121277 34
1657511932762 0.3114977180957794 35
1657511933068 0.41721922159194946 36
1657511933390 0.5518603324890137 37
1657511933651 0.7721900939941406 38
1657511933907 0.9614737033843994 39
1657511934171 0.9958845973014832 40
1657511934433 0.999750554561615 41
1657511934707 0.9999816417694092 42
1657511934996 0.9999973773956299 43
1657511935247 0.9999995231628418 44
1657511935503 1.0 45
1657511935752 0.9999986886978149 46
1657511936005 0.9999998807907104 47
1657511936266 1.0 48
1657511936521 1.0 49
1657511936779 1.0 50
1657511937030 1.0 51
1657511937281 1.0 52
1657511937535 1.0 53
1657511937784 1.0 54
1657511938061 1.0 55
1657511938434 0.9999998807907104 56
1657511938690 0.9999998807907104 57
1657511938952 0.9999998807907104 58
1657511939201 1.0 59
1657511939451 1.0 60
1657511939704 1.0 61
1657511939954 1.0 62
1657511940202 1.0 63
1657511940456 1.0 64
1657511940703 1.0 65
1657511940956 1.0 66
1657511941204 1.0 67
1657511941460 1.0 68
