1657511923266 0.10959871113300323 0
1657511923794 0.09273417294025421 1
1657511924265 0.14250096678733826 2
1657511924571 0.17132247984409332 3
1657511924827 0.19703443348407745 4
1657511925079 0.20606575906276703 5
1657511925329 0.2550963759422302 6
1657511925584 0.33481961488723755 7
1657511925836 0.4466839134693146 8
1657511926091 0.40725359320640564 9
1657511926344 0.4566323757171631 10
1657511926612 0.6243535876274109 11
1657511926877 0.6842028498649597 12
1657511927136 0.7723107933998108 13
1657511927394 0.7781175374984741 14
1657511927654 0.8040728569030762 15
1657511927901 0.7515566945075989 16
1657511928148 0.7161603569984436 17
1657511928399 0.6477744579315186 18
1657511928648 0.6434141397476196 19
1657511928902 0.49804866313934326 20
1657511929156 0.5392380356788635 21
1657511929409 0.6189584732055664 22
1657511929661 0.24163784086704254 23
1657511929915 0.2380237728357315 24
1657511930166 0.2756849229335785 25
1657511930419 0.3079833984375 26
1657511930673 0.36883559823036194 27
1657511930929 0.44842877984046936 28
1657511931182 0.4662989675998688 29
1657511931435 0.4024949073791504 30
1657511931683 0.30568280816078186 31
1657511931938 0.2198106348514557 32
1657511932186 0.20304100215435028 33
1657511932504 0.2320016622543335 34
1657511932761 0.3458094000816345 35
1657511933067 0.44246503710746765 36
1657511933389 0.5659604072570801 37
1657511933650 0.7754059433937073 38
1657511933906 0.9615908265113831 39
1657511934169 0.9958862662315369 40
1657511934432 0.999750554561615 41
1657511934706 0.9999816417694092 42
1657511934995 0.9999973773956299 43
1657511935246 0.9999995231628418 44
1657511935502 1.0 45
1657511935751 0.9999986886978149 46
1657511936003 0.9999998807907104 47
1657511936265 1.0 48
1657511936520 1.0 49
1657511936778 1.0 50
1657511937029 1.0 51
1657511937280 1.0 52
1657511937534 1.0 53
1657511937783 1.0 54
1657511938060 1.0 55
1657511938432 0.9999998807907104 56
1657511938689 0.9999998807907104 57
1657511938951 0.9999998807907104 58
1657511939200 1.0 59
1657511939450 1.0 60
1657511939703 1.0 61
1657511939953 1.0 62
1657511940201 1.0 63
1657511940454 1.0 64
1657511940702 1.0 65
1657511940955 1.0 66
1657511941203 1.0 67
1657511941459 1.0 68
