1657511923269 4.945489883422852 0
1657511923798 4.636286735534668 1
1657511924269 5.36220645904541 2
1657511924575 5.657888889312744 3
1657511924830 5.928861618041992 4
1657511925082 5.9535088539123535 5
1657511925333 6.388660430908203 6
1657511925588 6.89505672454834 7
1657511925839 7.657304286956787 8
1657511926095 7.45978307723999 9
1657511926347 8.005560874938965 10
1657511926616 8.973226547241211 11
1657511926881 9.117916107177734 12
1657511927139 10.328737258911133 13
1657511927397 10.27125072479248 14
1657511927657 10.966636657714844 15
1657511927904 10.668601989746094 16
1657511928152 10.698907852172852 17
1657511928402 10.647514343261719 18
1657511928651 10.752004623413086 19
1657511928905 10.216907501220703 20
1657511929159 10.663396835327148 21
1657511929412 10.789095878601074 22
1657511929664 8.437533378601074 23
1657511929918 8.175501823425293 24
1657511930169 8.642659187316895 25
1657511930422 8.230707168579102 26
1657511930676 8.451821327209473 27
1657511930932 8.702255249023438 28
1657511931185 8.460477828979492 29
1657511931438 8.101381301879883 30
1657511931687 7.475655555725098 31
1657511931941 6.990679740905762 32
1657511932190 6.84210729598999 33
1657511932507 7.0656514167785645 34
1657511932764 8.033126831054688 35
1657511933070 8.697769165039062 36
1657511933392 9.09492301940918 37
1657511933653 10.234110832214355 38
1657511933909 12.907464981079102 39
1657511934173 15.458508491516113 40
1657511934435 17.806900024414062 41
1657511934710 20.047687530517578 42
1657511934999 21.788524627685547 43
1657511935249 23.07040023803711 44
1657511935505 24.891170501708984 45
1657511935755 21.966279983520508 46
1657511936007 23.964557647705078 47
1657511936268 26.382736206054688 48
1657511936524 27.975601196289062 49
1657511936781 28.632938385009766 50
1657511937032 29.012195587158203 51
1657511937283 28.60381317138672 52
1657511937538 27.72966957092285 53
1657511937786 26.22901725769043 54
1657511938064 24.95061492919922 55
1657511938436 24.196308135986328 56
1657511938692 24.463144302368164 57
1657511938954 24.368499755859375 58
1657511939203 24.915199279785156 59
1657511939453 25.66059112548828 60
1657511939706 26.23944091796875 61
1657511939956 26.101030349731445 62
1657511940204 25.5039005279541 63
1657511940458 25.79235076904297 64
1657511940706 26.645381927490234 65
1657511940958 27.342422485351562 66
1657511941206 27.961467742919922 67
1657511941462 29.140316009521484 68
