1657511473405 0.0 0
1657511473794 0.019155824556946754 1
1657511474276 0.0631541907787323 2
1657511474612 0.268431693315506 3
1657511474894 0.783564567565918 4
1657511475245 1.7991068363189697 5
1657511475586 3.4367547035217285 6
1657511475844 6.088805675506592 7
1657511476106 8.933979034423828 8
1657511476364 10.603095054626465 9
1657511476618 10.568711280822754 10
1657511476880 9.770946502685547 11
1657511477139 9.326388359069824 12
1657511477395 9.868447303771973 13
1657511477656 11.25376033782959 14
1657511477915 12.380603790283203 15
1657511478172 12.08863639831543 16
1657511478432 9.764303207397461 17
1657511478701 5.225214004516602 18
1657511478957 -1.1573723554611206 19
1657511479219 -6.637214660644531 20
1657511479485 -8.877782821655273 21
1657511479742 -7.128068447113037 22
1657511480007 -2.6581106185913086 23
1657511480261 2.3273074626922607 24
1657511480519 5.683358192443848 25
1657511480774 6.511311054229736 26
1657511481032 5.920709609985352 27
1657511481301 4.07415246963501 28
1657511481565 1.1591805219650269 29
1657511481821 -1.744791030883789 30
1657511482075 -3.7697060108184814 31
1657511482333 -4.277017116546631 32
1657511482604 -3.1326045989990234 33
1657511482856 -0.7798447012901306 34
1657511483146 1.678118109703064 35
1657511483400 3.291126012802124 36
1657511483652 3.3588359355926514 37
1657511483962 2.021228075027466 38
1657511484218 -0.04582667350769043 39
1657511484492 -2.164384126663208 40
1657511484762 -3.0300090312957764 41
1657511485020 -2.184725522994995 42
1657511485301 -0.18847033381462097 43
1657511485554 1.7330327033996582 44
1657511485808 2.5064592361450195 45
1657511486066 1.9385179281234741 46
1657511486317 0.747492790222168 47
1657511486570 -0.6625983715057373 48
1657511486826 -1.8094313144683838 49
1657511487083 -2.3275251388549805 50
1657511487347 -2.1038424968719482 51
1657511487612 -1.2312631607055664 52
1657511487867 -0.0574120469391346 53
1657511488134 0.9531774520874023 54
1657511488397 1.328424334526062 55
1657511488655 0.9366901516914368 56
1657511488943 -0.022516850382089615 57
1657511489208 -1.1558760404586792 58
1657511489481 -1.8092728853225708 59
1657511489744 -1.7421444654464722 60
1657511490001 -1.0285745859146118 61
1657511490259 -0.07903637737035751 62
1657511490512 0.5077207684516907 63
1657511490763 0.458710640668869 64
1657511491015 -0.14476104080677032 65
1657511491268 -0.955134928226471 66
1657511491526 -1.5000718832015991 67
1657511491795 -1.5346029996871948 68
