1657511473415 0.008347135968506336 0
1657511473805 0.007893423549830914 1
1657511474290 0.008787738159298897 2
1657511474623 0.009098580107092857 3
1657511474905 0.00927785411477089 4
1657511475257 0.008876610547304153 5
1657511475596 0.009094695560634136 6
1657511475854 0.009326694533228874 7
1657511476116 0.009947038255631924 8
1657511476374 0.008824652060866356 9
1657511476629 0.008912353776395321 10
1657511476889 0.00902050081640482 11
1657511477150 0.009002672508358955 12
1657511477405 0.00995950773358345 13
1657511477667 0.009929029271006584 14
1657511477925 0.010582221671938896 15
1657511478182 0.010586806572973728 16
1657511478442 0.010843704454600811 17
1657511478711 0.010978770442306995 18
1657511478968 0.01121490728110075 19
1657511479229 0.011306490749120712 20
1657511479495 0.011766195297241211 21
1657511479753 0.011341442354023457 22
1657511480018 0.01113787479698658 23
1657511480271 0.01093050092458725 24
1657511480529 0.010930866003036499 25
1657511480785 0.010084045119583607 26
1657511481042 0.009735407307744026 27
1657511481311 0.009709921665489674 28
1657511481575 0.009249841794371605 29
1657511481831 0.009325218386948109 30
1657511482085 0.00955083779990673 31
1657511482344 0.010066494345664978 32
1657511482613 0.010688490234315395 33
1657511482867 0.01084520760923624 34
1657511483155 0.011527628637850285 35
1657511483410 0.011783075518906116 36
1657511483662 0.011200148612260818 37
1657511483972 0.011243871413171291 38
1657511484228 0.0129828667268157 39
1657511484503 0.013752185739576817 40
1657511484772 0.014040753245353699 41
1657511485029 0.014285153709352016 42
1657511485311 0.013894905336201191 43
1657511485564 0.012860278598964214 44
1657511485818 0.012553960084915161 45
1657511486076 0.009561114013195038 46
1657511486327 0.009246548637747765 47
1657511486581 0.009205285459756851 48
1657511486835 0.009024922735989094 49
1657511487093 0.009417545981705189 50
1657511487358 0.009909840300679207 51
1657511487621 0.010362524539232254 52
1657511487877 0.01101695280522108 53
1657511488144 0.011174206621944904 54
1657511488407 0.01160972286015749 55
1657511488665 0.011962804943323135 56
1657511488953 0.013060097582638264 57
1657511489218 0.012764799408614635 58
1657511489491 0.013123273849487305 59
1657511489754 0.013606846332550049 60
1657511490011 0.014386081136763096 61
1657511490268 0.01422598771750927 62
1657511490522 0.01346878707408905 63
1657511490773 0.013831970281898975 64
1657511491025 0.014174489304423332 65
1657511491278 0.013695623725652695 66
1657511491536 0.012720019556581974 67
1657511491805 0.012455414049327374 68
