1657511473416 0.0 0
1657511473807 2.1748383045196533 1
1657511474291 5.363681793212891 2
1657511474625 9.036694526672363 3
1657511474906 11.740827560424805 4
1657511475258 12.713231086730957 5
1657511475598 12.1361722946167 6
1657511475855 11.421187400817871 7
1657511476117 11.985491752624512 8
1657511476375 13.425381660461426 9
1657511476630 14.738186836242676 10
1657511476890 16.25289535522461 11
1657511477151 17.74456787109375 12
1657511477406 18.304370880126953 13
1657511477668 18.078880310058594 14
1657511477926 17.36984634399414 15
1657511478183 15.983864784240723 16
1657511478443 13.471381187438965 17
1657511478712 9.99612045288086 18
1657511478969 8.462345123291016 19
1657511479230 11.164999008178711 20
1657511479496 13.394972801208496 21
1657511479754 13.347455978393555 22
1657511480019 12.541435241699219 23
1657511480272 12.453268051147461 24
1657511480530 12.893607139587402 25
1657511480786 12.594675064086914 26
1657511481043 11.714134216308594 27
1657511481312 10.628610610961914 28
1657511481576 10.139421463012695 29
1657511481832 10.916095733642578 30
1657511482086 12.44869613647461 31
1657511482345 13.9039888381958 32
1657511482614 15.10531234741211 33
1657511482868 16.285430908203125 34
1657511483156 17.42595100402832 35
1657511483411 18.24380111694336 36
1657511483663 18.213247299194336 37
1657511483973 17.371112823486328 38
1657511484229 16.126344680786133 39
1657511484504 14.83642578125 40
1657511484773 13.570563316345215 41
1657511485030 11.986808776855469 42
1657511485312 10.180977821350098 43
1657511485565 10.979044914245605 44
1657511485819 14.707795143127441 45
1657511486077 18.980247497558594 46
1657511486328 21.257070541381836 47
1657511486582 22.96430206298828 48
1657511486836 24.495973587036133 49
1657511487094 25.63385581970215 50
1657511487360 26.15880584716797 51
1657511487623 26.191139221191406 52
1657511487878 26.125564575195312 53
1657511488145 26.321273803710938 54
1657511488408 26.6409912109375 55
1657511488666 26.900419235229492 56
1657511488954 27.2564640045166 57
1657511489219 28.220239639282227 58
1657511489492 29.51415252685547 59
1657511489755 30.881589889526367 60
1657511490012 32.30659484863281 61
1657511490270 34.00703430175781 62
1657511490523 35.71450424194336 63
1657511490774 36.941261291503906 64
1657511491026 37.805904388427734 65
1657511491279 38.48499298095703 66
1657511491537 38.82894515991211 67
1657511491806 38.57240295410156 68
