1657511473417 0.0 0
1657511473808 0.019155824556946754 1
1657511474293 0.07115990668535233 2
1657511474626 0.268431693315506 3
1657511474908 0.783564567565918 4
1657511475259 1.7991068363189697 5
1657511475599 3.4367547035217285 6
1657511475856 6.088805675506592 7
1657511476118 8.933979034423828 8
1657511476376 10.603095054626465 9
1657511476631 10.568711280822754 10
1657511476892 9.770946502685547 11
1657511477152 9.326388359069824 12
1657511477407 9.868447303771973 13
1657511477669 11.25376033782959 14
1657511477927 12.380603790283203 15
1657511478184 12.08863639831543 16
1657511478444 9.764303207397461 17
1657511478713 5.225214004516602 18
1657511478970 0.4799096882343292 19
1657511479231 0.8346787691116333 20
1657511479497 1.3909437656402588 21
1657511479756 2.13021183013916 22
1657511480020 3.426320791244507 23
1657511480273 3.7800118923187256 24
1657511480531 5.683358192443848 25
1657511480787 6.511311054229736 26
1657511481044 5.920709609985352 27
1657511481313 4.07415246963501 28
1657511481577 4.496260643005371 29
1657511481833 5.5742363929748535 30
1657511482087 6.9049835205078125 31
1657511482346 8.306396484375 32
1657511482615 9.568626403808594 33
1657511482870 10.496907234191895 34
1657511483158 11.033027648925781 35
1657511483413 11.300918579101562 36
1657511483664 11.334029197692871 37
1657511483974 11.14968490600586 38
1657511484230 10.657402038574219 39
1657511484505 9.624001502990723 40
1657511484774 8.135087013244629 41
1657511485031 6.308948516845703 42
1657511485313 3.2229669094085693 43
1657511485566 5.287143230438232 44
1657511485820 8.892195701599121 45
1657511486078 11.805291175842285 46
1657511486329 13.54732894897461 47
1657511486583 14.84201717376709 48
1657511486837 15.766822814941406 49
1657511487095 16.34244728088379 50
1657511487361 16.643022537231445 51
1657511487624 16.699697494506836 52
1657511487879 16.58534049987793 53
1657511488146 16.42957305908203 54
1657511488409 16.4108943939209 55
1657511488667 16.63092613220215 56
1657511488955 17.075748443603516 57
1657511489220 17.70073699951172 58
1657511489493 18.442136764526367 59
1657511489756 19.33365249633789 60
1657511490013 20.344974517822266 61
1657511490271 21.451004028320312 62
1657511490524 22.566761016845703 63
1657511490775 23.574085235595703 64
1657511491027 24.35246467590332 65
1657511491280 24.741479873657227 66
1657511491538 24.817264556884766 67
1657511491807 24.729639053344727 68
