1657511473410 4.945489883422852 0
1657511473800 4.628969192504883 1
1657511474284 5.338456153869629 2
1657511474619 5.5791425704956055 3
1657511474900 5.72028923034668 4
1657511475252 5.501220703125 5
1657511475592 5.588585376739502 6
1657511475850 5.699963092803955 7
1657511476112 6.265076637268066 8
1657511476369 5.491558074951172 9
1657511476624 5.3373918533325195 10
1657511476885 5.55694580078125 11
1657511477146 5.008918762207031 12
1657511477401 6.334540843963623 13
1657511477662 6.604435443878174 14
1657511477920 6.907073020935059 15
1657511478178 6.73732852935791 16
1657511478438 6.9368486404418945 17
1657511478707 7.32749080657959 18
1657511478964 7.760468006134033 19
1657511479225 7.842499732971191 20
1657511479490 8.176217079162598 21
1657511479749 7.881974697113037 22
1657511480013 7.963989734649658 23
1657511480267 7.647932052612305 24
1657511480524 7.726744651794434 25
1657511480780 6.778115272521973 26
1657511481037 6.464194297790527 27
1657511481307 6.290230751037598 28
1657511481570 5.796422004699707 29
1657511481827 5.333103656768799 30
1657511482081 5.730841636657715 31
1657511482339 5.924683094024658 32
1657511482609 6.458364963531494 33
1657511482863 6.44963264465332 34
1657511483151 7.073030948638916 35
1657511483406 7.135159015655518 36
1657511483657 6.651759147644043 37
1657511483967 6.69996452331543 38
1657511484223 7.9430317878723145 39
1657511484498 8.48668098449707 40
1657511484767 8.676446914672852 41
1657511485025 8.910076141357422 42
1657511485306 8.790947914123535 43
1657511485559 8.23830795288086 44
1657511485813 8.140825271606445 45
1657511486071 6.079981803894043 46
1657511486323 5.528508186340332 47
1657511486576 5.488808631896973 48
1657511486831 5.011496067047119 49
1657511487088 5.514077186584473 50
1657511487353 6.038118362426758 51
1657511487617 6.1143269538879395 52
1657511487873 6.663490295410156 53
1657511488140 6.964791774749756 54
1657511488402 7.272259712219238 55
1657511488661 7.607668876647949 56
1657511488948 8.318090438842773 57
1657511489213 8.098931312561035 58
1657511489486 8.230548858642578 59
1657511489750 8.574712753295898 60
1657511490006 8.98975944519043 61
1657511490264 8.959135055541992 62
1657511490518 8.531354904174805 63
1657511490768 8.752145767211914 64
1657511491020 9.103862762451172 65
1657511491273 8.81035327911377 66
1657511491531 8.15323543548584 67
1657511491800 8.0891752243042 68
