1657511473414 0.5826432108879089 0
1657511473804 0.6053287982940674 1
1657511474289 0.5606130957603455 2
1657511474622 0.545071005821228 3
1657511474904 0.5361073017120361 4
1657511475255 0.5561694502830505 5
1657511475595 0.5452651977539062 6
1657511475853 0.5336652398109436 7
1657511476115 0.5026480555534363 8
1657511476373 0.5587673783302307 9
1657511476628 0.55438232421875 10
1657511476888 0.5489749312400818 11
1657511477149 0.5498663783073425 12
1657511477404 0.5020245909690857 13
1657511477666 0.5035485029220581 14
1657511477923 0.4708889126777649 15
1657511478181 0.47065967321395874 16
1657511478441 0.4578147530555725 17
1657511478710 0.4510614573955536 18
1657511478967 0.43925461173057556 19
1657511479228 0.4346754848957062 20
1657511479494 0.41169020533561707 21
1657511479752 0.43292784690856934 22
1657511480017 0.4431062340736389 23
1657511480270 0.4534749388694763 24
1657511480528 0.45345669984817505 25
1657511480784 0.4957977533340454 26
1657511481040 0.5132296085357666 27
1657511481310 0.5145038962364197 28
1657511481573 0.5375078916549683 29
1657511481830 0.5337390899658203 30
1657511482084 0.5224580764770508 31
1657511482343 0.4966752231121063 32
1657511482612 0.4655754864215851 33
1657511482866 0.45773962140083313 34
1657511483154 0.4236185550689697 35
1657511483409 0.4108462631702423 36
1657511483661 0.4399925172328949 37
1657511483970 0.4378064274787903 38
1657511484227 0.3508566617965698 39
1657511484502 0.31239065527915955 40
1657511484771 0.2979622781276703 41
1657511485028 0.28574228286743164 42
1657511485310 0.305254727602005 43
1657511485562 0.35698607563972473 44
1657511485817 0.37230199575424194 45
1657511486074 0.5219442844390869 46
1657511486326 0.5376725792884827 47
1657511486579 0.539735734462738 48
1657511486834 0.5487538576126099 49
1657511487092 0.5291227102279663 50
1657511487357 0.5045079588890076 51
1657511487620 0.4818737804889679 52
1657511487876 0.4491523504257202 53
1657511488143 0.44128966331481934 54
1657511488406 0.4195137917995453 55
1657511488664 0.40185976028442383 56
1657511488952 0.34699511528015137 57
1657511489217 0.3617600202560425 58
1657511489490 0.34383633732795715 59
1657511489753 0.31965771317481995 60
1657511490010 0.28069591522216797 61
1657511490267 0.28870058059692383 62
1657511490521 0.3265605866909027 63
1657511490772 0.3084014356136322 64
1657511491024 0.2912755012512207 65
1657511491277 0.3152187764644623 66
1657511491534 0.36399900913238525 67
1657511491804 0.3772292733192444 68
