1657511473408 32.840763092041016 0
1657511473798 30.768739700317383 1
1657511474281 33.759300231933594 2
1657511474616 36.36655044555664 3
1657511474898 39.15906524658203 4
1657511475249 39.83818435668945 5
1657511475590 40.810420989990234 6
1657511475848 41.72179412841797 7
1657511476109 43.76726150512695 8
1657511476367 43.91706848144531 9
1657511476622 47.32829666137695 10
1657511476883 51.117366790771484 11
1657511477143 54.4642333984375 12
1657511477399 66.92688751220703 13
1657511477660 66.76361846923828 14
1657511477918 72.89888000488281 15
1657511478175 72.15910339355469 16
1657511478436 74.3449478149414 17
1657511478704 77.37298583984375 18
1657511478961 77.8929672241211 19
1657511479222 78.9490737915039 20
1657511479488 80.79905700683594 21
1657511479746 78.95439147949219 22
1657511480011 84.54116821289062 23
1657511480265 82.43040466308594 24
1657511480522 81.7341079711914 25
1657511480778 71.25759887695312 26
1657511481035 68.70913696289062 27
1657511481304 64.4696273803711 28
1657511481568 58.116249084472656 29
1657511481824 54.42506408691406 30
1657511482079 49.86537170410156 31
1657511482337 51.275638580322266 32
1657511482607 51.93983459472656 33
1657511482860 51.365692138671875 34
1657511483149 52.548583984375 35
1657511483403 52.71647644042969 36
1657511483655 49.73136901855469 37
1657511483965 48.7350959777832 38
1657511484221 51.385009765625 39
1657511484496 52.82156753540039 40
1657511484765 51.70463943481445 41
1657511485023 52.147422790527344 42
1657511485304 54.35688400268555 43
1657511485557 54.96070861816406 44
1657511485811 56.637046813964844 45
1657511486069 66.0980453491211 46
1657511486320 62.7825927734375 47
1657511486574 60.88077163696289 48
1657511486829 58.50303649902344 49
1657511487086 59.1782341003418 50
1657511487351 60.025909423828125 51
1657511487615 59.12709426879883 52
1657511487870 59.86885452270508 53
1657511488138 59.08382034301758 54
1657511488400 58.58245849609375 55
1657511488659 58.501861572265625 56
1657511488946 60.09112548828125 57
1657511489211 60.806976318359375 58
1657511489484 59.65827178955078 59
1657511489748 61.41282272338867 60
1657511490004 63.13616180419922 61
1657511490262 65.04071807861328 62
1657511490515 65.30784606933594 63
1657511490766 66.79932403564453 64
1657511491018 69.49557495117188 65
1657511491271 70.5221939086914 66
1657511491529 69.61888122558594 67
1657511491798 70.53986358642578 68
