1657511473409 4.945489883422852 0
1657511473799 4.645230770111084 1
1657511474283 5.401610374450684 2
1657511474618 5.847574234008789 3
1657511474899 6.503853797912598 4
1657511475250 7.300327301025391 5
1657511475591 9.02534008026123 6
1657511475849 11.678661346435547 7
1657511476110 14.605718612670898 8
1657511476368 14.93519115447998 9
1657511476623 14.294410705566406 10
1657511476884 13.54054069519043 11
1657511477144 11.774947166442871 12
1657511477400 12.218347549438477 13
1657511477661 12.809229850769043 14
1657511477919 13.495702743530273 15
1657511478176 12.436684608459473 16
1657511478437 10.342309951782227 17
1657511478706 7.5460662841796875 18
1657511478962 8.193826675415039 19
1657511479223 8.677178382873535 20
1657511479489 9.409629821777344 21
1657511479747 10.012186050415039 22
1657511480012 8.618979454040527 23
1657511480266 8.926048278808594 24
1657511480523 9.327796936035156 25
1657511480779 9.812847137451172 26
1657511481036 9.745244979858398 27
1657511481305 9.978105545043945 28
1657511481569 10.034127235412598 29
1657511481826 10.458251953125 30
1657511482080 11.07646656036377 31
1657511482338 12.194756507873535 32
1657511482608 13.198532104492188 33
1657511482862 13.683685302734375 34
1657511483150 14.092081069946289 35
1657511483405 14.050238609313965 36
1657511483656 13.868158340454102 37
1657511483966 13.652498245239258 38
1657511484222 13.80892562866211 39
1657511484497 13.00167465209961 40
1657511484766 11.563567161560059 41
1657511485024 9.972930908203125 42
1657511485305 10.839700698852539 43
1657511485558 13.52545166015625 44
1657511485812 17.03302001953125 45
1657511486070 14.878301620483398 46
1657511486322 16.886131286621094 47
1657511486575 19.05082893371582 48
1657511486830 20.431591033935547 49
1657511487087 21.170856475830078 50
1657511487352 22.083633422851562 51
1657511487616 22.7027587890625 52
1657511487872 23.248830795288086 53
1657511488139 23.394365310668945 54
1657511488401 23.683155059814453 55
1657511488660 24.23859405517578 56
1657511488947 25.39383888244629 57
1657511489212 25.799667358398438 58
1657511489485 26.672685623168945 59
1657511489749 27.90836524963379 60
1657511490005 29.334733963012695 61
1657511490263 30.410139083862305 62
1657511490516 31.098115921020508 63
1657511490767 32.32623291015625 64
1657511491019 33.456329345703125 65
1657511491272 33.55183410644531 66
1657511491530 32.97050094604492 67
1657511491799 32.81881332397461 68
