1657511473406 0.10959871113300323 0
1657511473795 0.09490490704774857 1
1657511474278 0.15150098502635956 2
1657511474614 0.20004767179489136 3
1657511474895 0.2774401307106018 4
1657511475247 0.41868293285369873 5
1657511475587 0.728330671787262 6
1657511475845 0.963434100151062 7
1657511476107 0.997697651386261 8
1657511476365 0.9991626739501953 9
1657511476620 0.998427152633667 10
1657511476881 0.9965304732322693 11
1657511477140 0.977719247341156 12
1657511477396 0.9672131538391113 13
1657511477658 0.9814439415931702 14
1657511477916 0.9823132157325745 15
1657511478173 0.9467976689338684 16
1657511478433 0.6314598321914673 17
1657511478702 0.1670992374420166 18
1657511478959 0.19387458264827728 19
1657511479220 0.22598449885845184 20
1657511479486 0.2991848587989807 21
1657511479744 0.42905187606811523 22
1657511480009 0.26047685742378235 23
1657511480262 0.3148149847984314 24
1657511480520 0.3576643764972687 25
1657511480775 0.5475333333015442 26
1657511481033 0.5680369734764099 27
1657511481302 0.6945205926895142 28
1657511481566 0.8324602246284485 29
1657511481822 0.8970511555671692 30
1657511482076 0.9484717845916748 31
1657511482335 0.9791314601898193 32
1657511482605 0.9904699921607971 33
1657511482858 0.9940507411956787 34
1657511483147 0.9929261207580566 35
1657511483401 0.9815895557403564 36
1657511483653 0.9848507642745972 37
1657511483963 0.9907788038253784 38
1657511484219 0.9903193116188049 39
1657511484493 0.9688131809234619 40
1657511484763 0.8683031797409058 41
1657511485021 0.5674238801002502 42
1657511485302 0.766502320766449 43
1657511485555 0.9793635606765747 44
1657511485809 0.9993665218353271 45
1657511486067 0.9982349872589111 46
1657511486318 0.9998308420181274 47
1657511486572 0.9999837875366211 48
1657511486827 0.9999963045120239 49
1657511487084 0.9999969005584717 50
1657511487348 0.9999982118606567 51
1657511487613 0.9999991655349731 52
1657511487868 0.9999997615814209 53
1657511488136 0.9999997615814209 54
1657511488398 0.9999998807907104 55
1657511488656 0.9999998807907104 56
1657511488944 1.0 57
1657511489209 1.0 58
1657511489482 1.0 59
1657511489746 1.0 60
1657511490002 1.0 61
1657511490260 1.0 62
1657511490513 1.0 63
1657511490764 1.0 64
1657511491016 1.0 65
1657511491269 1.0 66
1657511491527 1.0 67
1657511491796 1.0 68
