1657511473407 0.06518902629613876 0
1657511473796 0.05799756199121475 1
1657511474280 0.10384735465049744 2
1657511474615 0.14825809001922607 3
1657511474896 0.2304946929216385 4
1657511475248 0.38884007930755615 5
1657511475589 0.7212075591087341 6
1657511475846 0.9632454514503479 7
1657511476108 0.9976969361305237 8
1657511476366 0.9991626739501953 9
1657511476621 0.998427152633667 10
1657511476882 0.9965304732322693 11
1657511477142 0.9777169227600098 12
1657511477397 0.9672041535377502 13
1657511477659 0.9814401865005493 14
1657511477917 0.9823091626167297 15
1657511478174 0.9467616081237793 16
1657511478434 0.6285527944564819 17
1657511478703 0.07637332379817963 18
1657511478960 0.12165243923664093 19
1657511479221 0.1651880443096161 20
1657511479487 0.2248646467924118 21
1657511479745 0.4092273712158203 22
1657511480010 0.17145027220249176 23
1657511480263 0.2406989336013794 24
1657511480521 0.30590716004371643 25
1657511480777 0.4575619697570801 26
1657511481034 0.43805596232414246 27
1657511481303 0.6851475238800049 28
1657511481567 0.8321945071220398 29
1657511481823 0.8969764709472656 30
1657511482078 0.9484449028968811 31
1657511482336 0.9791260957717896 32
1657511482606 0.9904683232307434 33
1657511482859 0.9940500855445862 34
1657511483148 0.9929225444793701 35
1657511483402 0.9814950823783875 36
1657511483654 0.9847884178161621 37
1657511483964 0.9907692074775696 38
1657511484220 0.9903134107589722 39
1657511484494 0.9687197208404541 40
1657511484764 0.8657035231590271 41
1657511485022 0.4730934798717499 42
1657511485303 0.7614330053329468 43
1657511485556 0.979333221912384 44
1657511485810 0.9993664622306824 45
1657511486068 0.9982349872589111 46
1657511486319 0.9998308420181274 47
1657511486573 0.9999837875366211 48
1657511486828 0.9999963045120239 49
1657511487085 0.9999969005584717 50
1657511487349 0.9999982118606567 51
1657511487614 0.9999991655349731 52
1657511487869 0.9999997615814209 53
1657511488137 0.9999997615814209 54
1657511488399 0.9999998807907104 55
1657511488657 0.9999998807907104 56
1657511488945 1.0 57
1657511489210 1.0 58
1657511489483 1.0 59
1657511489747 1.0 60
1657511490003 1.0 61
1657511490261 1.0 62
1657511490514 1.0 63
1657511490765 1.0 64
1657511491017 1.0 65
1657511491270 1.0 66
1657511491528 1.0 67
1657511491797 1.0 68
