1657511473413 0.06518902629613876 0
1657511473803 0.04363790526986122 1
1657511474287 0.10384735465049744 2
1657511474621 0.14825809001922607 3
1657511474903 0.2304946929216385 4
1657511475254 0.38884007930755615 5
1657511475594 0.7212075591087341 6
1657511475852 0.9632454514503479 7
1657511476114 0.9976969361305237 8
1657511476371 0.9991626739501953 9
1657511476626 0.998427152633667 10
1657511476887 0.9965304732322693 11
1657511477148 0.9777169227600098 12
1657511477403 0.9672041535377502 13
1657511477665 0.9814401865005493 14
1657511477922 0.9823091626167297 15
1657511478180 0.9467616081237793 16
1657511478440 0.6285527944564819 17
1657511478709 0.012541808187961578 18
1657511478966 2.0479523300309666e-05 19
1657511479227 5.2087486324126075e-08 20
1657511479493 5.66414692926287e-09 21
1657511479751 2.6759741089676936e-08 22
1657511480016 8.52333596412791e-06 23
1657511480269 0.0012451584916561842 24
1657511480526 0.07019079476594925 25
1657511480782 0.4575619697570801 26
1657511481039 0.36024874448776245 27
1657511481309 0.10900840908288956 28
1657511481572 0.007858717814087868 29
1657511481829 0.0005673565319739282 30
1657511482083 6.353720527840778e-05 31
1657511482342 2.167955244658515e-05 32
1657511482611 3.609426858020015e-05 33
1657511482865 0.00028000163729302585 34
1657511483153 0.002388613298535347 35
1657511483408 0.013558587990701199 36
1657511483660 0.011037345044314861 37
1657511483969 0.00417034886777401 38
1657511484226 0.0010254915105178952 39
1657511484500 0.0003846913459710777 40
1657511484770 0.00033397061633877456 41
1657511485027 0.0015493264654651284 42
1657511485309 0.010425301268696785 43
1657511485561 0.005881395190954208 44
1657511485816 0.00029408271075226367 45
1657511486073 2.775114080577623e-05 46
1657511486325 1.3654483836944564e-06 47
1657511486578 9.18041394015745e-08 48
1657511486833 7.286840020270802e-09 49
1657511487091 4.975939216222969e-09 50
1657511487356 3.4797451586854322e-09 51
1657511487619 7.597903639577908e-09 52
1657511487875 2.129979925769021e-08 53
1657511488142 4.429355371371457e-08 54
1657511488405 3.871784670650413e-08 55
1657511488663 1.4092736755344504e-08 56
1657511488950 1.7133906515809372e-09 57
1657511489216 2.2316914982667413e-10 58
1657511489488 5.858809271064302e-11 59
1657511489752 2.296505520471559e-11 60
1657511490009 8.887707410309975e-12 61
1657511490266 8.481178433161762e-12 62
1657511490520 9.14375779953458e-12 63
1657511490770 2.336921888640431e-12 64
1657511491023 5.87451365764019e-13 65
1657511491276 1.4193645716219228e-13 66
1657511491533 1.5900647497898296e-13 67
1657511491803 1.3932290651025303e-13 68
