1657481672253 0.0009194703307002783 0
1657481687897 0.0009194703307002783 0
1657481688161 0.0009458299609832466 0
1657481879571 0.0009194703307002783 0
1657481879842 0.0009458299609832466 0
1657481987856 0.0009194703307002783 0
1657481988133 0.0009458299609832466 0
1657482692743 0.0009194703307002783 0
1657482715586 0.0009194703307002783 0
1657482737592 0.0009194703307002783 0
1657482737865 0.0009458299609832466 1
1657482738148 0.0018039378337562084 2
1657482738427 0.001986997202038765 3
1657482738709 0.0021958397701382637 4
1657482738981 0.0007860410260036588 5
1657482739259 4.085308319190517e-06 6
1657482739528 1.1040346548520758e-17 7
1657482739807 2.8698592549372254e-42 8
1657482740088 0.0 9
1657482740368 0.0 10
1657482740649 0.0 11
1657482740929 0.0 12
1657482741214 0.0 13
1657482741491 0.0 14
1657482741777 0.0 15
1657482742076 0.0 16
1657482742374 0.0 17
1657482742668 0.0 18
1657482742962 0.0 19
1657482743261 0.0 20
1657482743555 0.0 21
1657482743845 0.0 22
1657482744134 0.0 23
1657482744425 0.0 24
1657482744716 0.0 25
1657482745004 0.0 26
1657482745318 0.0 27
1657482745601 0.0 28
1657482745887 0.0 29
1657482746191 0.0 30
1657482746470 0.0 31
1657482746759 0.0 32
1657482747044 0.0 33
1657482747333 0.0 34
1657482747610 0.0 35
1657482747882 0.0 36
1657482748156 0.0 37
1657482748436 0.0 38
1657482748730 0.0 39
1657482749007 0.0 40
1657482749283 0.0 41
1657482749566 0.0 42
1657482749858 0.0 43
1657482750153 0.0 44
1657482750432 0.0 45
1657482750707 0.0 46
1657482750984 0.0 47
1657482751265 0.0 48
1657482751545 0.0 49
1657482751819 0.0 50
1657482752109 0.0 51
1657482752380 0.0 52
1657482752667 0.0 53
1657482752952 0.0 54
1657482753245 0.0 55
1657482753522 0.0 56
1657482753803 0.0 57
1657482754083 0.0 58
1657482754357 0.0 59
1657482754626 0.0 60
1657482754898 0.0 61
1657482755170 0.0 62
1657482755448 0.0 63
1657482755726 0.0 64
1657482756004 0.0 65
1657482756281 0.0 66
1657482756561 0.0 67
1657482756832 0.0 68
