1657481687899 0.0 0
1657481688162 -0.04639657959342003 0
1657481879574 0.0 0
1657481879844 -0.04639657959342003 0
1657481987858 0.0 0
1657481988134 -0.04639657959342003 0
1657482692745 0.0 0
1657482715588 0.0 0
1657482737594 0.0 0
1657482737866 -0.04639657959342003 1
1657482738150 -0.1296655386686325 2
1657482738428 -0.23071329295635223 3
1657482738710 -0.3511568307876587 4
1657482738982 -0.4713870584964752 5
1657482739260 -0.6192412376403809 6
1657482739530 -0.8610182404518127 7
1657482739808 -1.5261095762252808 8
1657482740089 -3.197829484939575 9
1657482740369 -6.875300884246826 10
1657482740650 -13.919015884399414 11
1657482740931 -26.685855865478516 12
1657482741216 -49.37358093261719 13
1657482741492 -83.53732299804688 14
1657482741778 -144.59710693359375 15
1657482742078 -243.37075805664062 16
1657482742375 -405.3725280761719 17
1657482742670 -672.3753051757812 18
1657482742964 -1025.2890625 19
1657482743262 -1748.659912109375 20
1657482743556 -2976.14013671875 21
1657482743846 -4868.6201171875 22
1657482744135 -8002.51220703125 23
1657482744426 -14787.2255859375 24
1657482744717 -26262.10546875 25
1657482745005 -47305.12109375 26
1657482745320 -85568.3125 27
1657482745603 -153661.734375 28
1657482745889 -279434.90625 29
1657482746193 -508005.875 30
1657482746471 -926432.5625 31
1657482746760 -1679824.5 32
1657482747045 -3060302.25 33
1657482747334 -5520695.0 34
1657482747612 -9938827.0 35
1657482747884 -17806898.0 36
1657482748158 -31423004.0 37
1657482748437 -56090860.0 38
1657482748731 -101090160.0 39
1657482749008 -179944096.0 40
1657482749285 -324082048.0 41
1657482749567 -580383616.0 42
1657482749860 -1054720576.0 43
1657482750155 -1921921280.0 44
1657482750433 -3528261888.0 45
1657482750709 -6473192960.0 46
1657482750986 -11727618048.0 47
1657482751266 -21313394688.0 48
1657482751547 -38620811264.0 49
1657482751821 -71297490944.0 50
1657482752110 -130673967104.0 51
1657482752381 -240524869632.0 52
1657482752668 -442802077696.0 53
1657482752954 -811694227456.0 54
1657482753246 -1482373201920.0 55
1657482753523 -2711234281472.0 56
1657482753804 -4831424020480.0 57
1657482754084 -8752614342656.0 58
1657482754359 -15764169949184.0 59
1657482754627 -28589233799168.0 60
1657482754899 -51937227571200.0 61
1657482755172 -95212235915264.0 62
1657482755450 -173981608968192.0 63
1657482755727 -316998315671552.0 64
1657482756005 -577220250697728.0 65
1657482756283 -1062794891886592.0 66
1657482756562 -1959947256463360.0 67
1657482756834 -3596707082272768.0 68
