1657482737602 0.00996167678385973 0
1657482737872 0.009650935418903828 1
1657482738156 0.009705479256808758 2
1657482738435 0.010499310679733753 3
1657482738716 0.010785798542201519 4
1657482738988 0.011321594007313251 5
1657482739267 0.01154040452092886 6
1657482739536 0.011923366226255894 7
1657482739814 0.011446964927017689 8
1657482740096 0.011334211565554142 9
1657482740376 0.010896229185163975 10
1657482740656 0.010690812952816486 11
1657482740937 0.010685596615076065 12
1657482741222 0.009203432127833366 13
1657482741499 0.009752207435667515 14
1657482741784 0.009355003014206886 15
1657482742084 0.009166395291686058 16
1657482742382 0.009080251678824425 17
1657482742676 0.007240389008074999 18
1657482742970 0.009304863400757313 19
1657482743269 0.009620211087167263 20
1657482743563 0.00889544002711773 21
1657482743853 0.008916332386434078 22
1657482744142 0.011715210042893887 23
1657482744433 0.011399754323065281 24
1657482744724 0.011904183775186539 25
1657482745012 0.01217429619282484 26
1657482745326 0.012082340195775032 27
1657482745609 0.01243688352406025 28
1657482745896 0.012512164190411568 29
1657482746199 0.012639433145523071 30
1657482746478 0.012518322095274925 31
1657482746766 0.012634113430976868 32
1657482747051 0.012381080538034439 33
1657482747340 0.012274745851755142 34
1657482747618 0.012105641886591911 35
1657482747890 0.011647187173366547 36
1657482748164 0.011843265034258366 37
1657482748443 0.012114725075662136 38
1657482748738 0.011841916479170322 39
1657482749015 0.01211711298674345 40
1657482749291 0.012012528255581856 41
1657482749573 0.012404228560626507 42
1657482749866 0.012565904296934605 43
1657482750161 0.012835059314966202 44
1657482750439 0.012895490042865276 45
1657482750716 0.012574555352330208 46
1657482750992 0.012600306421518326 47
1657482751272 0.012507257051765919 48
1657482751553 0.01300706434994936 49
1657482751827 0.012908893637359142 50
1657482752116 0.013037176802754402 51
1657482752388 0.013072984293103218 52
1657482752675 0.012966270558536053 53
1657482752960 0.01284092664718628 54
1657482753253 0.012850074097514153 55
1657482753530 0.012115389108657837 56
1657482753811 0.012409738264977932 57
1657482754091 0.012269186787307262 58
1657482754365 0.012434432283043861 59
1657482754634 0.01251205988228321 60
1657482754906 0.012791729532182217 61
1657482755178 0.012770997360348701 62
1657482755456 0.012703693471848965 63
1657482755734 0.012675158679485321 64
1657482756011 0.01297957543283701 65
1657482756289 0.013091242872178555 66
1657482756569 0.012993601150810719 67
1657482756840 0.013126540929079056 68
