1657482737604 0.0 0
1657482737874 0.03520790860056877 1
1657482738158 0.19969381392002106 2
1657482738437 0.5614765882492065 3
1657482738718 1.395958423614502 4
1657482738991 3.9374539852142334 5
1657482739269 11.504364967346191 6
1657482739538 38.41489791870117 7
1657482739817 94.34558868408203 8
1657482740098 185.7711944580078 9
1657482740378 335.0106506347656 10
1657482740658 575.9595947265625 11
1657482740939 980.47509765625 12
1657482741224 1679.5848388671875 13
1657482741501 2725.5205078125 14
1657482741786 4596.4677734375 15
1657482742086 7627.9619140625 16
1657482742384 12602.5615234375 17
1657482742678 20798.720703125 18
1657482742972 31624.458984375 19
1657482743271 53800.69921875 20
1657482743565 91411.953125 21
1657482743855 149380.703125 22
1657482744144 245359.640625 23
1657482744435 453136.625 24
1657482744726 804539.0 25
1657482745014 1448948.25 26
1657482745328 2620694.75 27
1657482745611 4705933.0 28
1657482745899 8557492.0 29
1657482746201 15557010.0 30
1657482746480 28370440.0 31
1657482746768 51441436.0 32
1657482747053 93715544.0 33
1657482747342 169059648.0 34
1657482747620 304355136.0 35
1657482747892 545297280.0 36
1657482748166 962260160.0 37
1657482748446 1717658752.0 38
1657482748740 3095662080.0 39
1657482749017 5510387200.0 40
1657482749293 9924291584.0 41
1657482749575 17772957696.0 42
1657482749868 32298465280.0 43
1657482750163 58854543360.0 44
1657482750441 108045172736.0 45
1657482750718 198227165184.0 46
1657482750994 359132397568.0 47
1657482751274 652675383296.0 48
1657482751556 1182676287488.0 49
1657482751829 2183326597120.0 50
1657482752118 4001598537728.0 51
1657482752390 7365539659776.0 52
1657482752677 13559833559040.0 53
1657482752962 24856334696448.0 54
1657482753255 45394369183744.0 55
1657482753532 83025484316672.0 56
1657482753813 147951523463168.0 57
1657482754093 268029329932288.0 58
1657482754367 482742680682496.0 59
1657482754636 875481435996160.0 60
1657482754908 1590461957406720.0 61
1657482755180 2915663781822464.0 62
1657482755458 5327802240860160.0 63
1657482755736 9707370192044032.0 64
1657482756013 1.767608823054336e+16 65
1657482756291 3.254573745569792e+16 66
1657482756571 6.00190584052777e+16 67
1657482756842 1.1014124085025178e+17 68
