1657482737603 0.0 0
1657482737873 3.4781882762908936 1
1657482738157 9.904912948608398 2
1657482738436 19.19460678100586 3
1657482738717 31.988815307617188 4
1657482738989 47.9937629699707 5
1657482739268 68.92849731445312 6
1657482739537 100.92520904541016 7
1657482739816 162.9983367919922 8
1657482740097 274.998779296875 9
1657482740377 474.35546875 10
1657482740657 813.7218017578125 11
1657482740938 1396.95654296875 12
1657482741223 2410.3056640625 13
1657482741500 3923.39013671875 14
1657482741785 6621.2607421875 15
1657482742085 10982.357421875 16
1657482742383 18130.541015625 17
1657482742677 29903.908203125 18
1657482742971 45455.265625 19
1657482743270 77316.296875 20
1657482743564 131361.296875 21
1657482743854 214666.875 22
1657482744143 352601.78125 23
1657482744434 651207.875 24
1657482744725 1156221.625 25
1657482745013 2082319.625 26
1657482745327 3766260.5 27
1657482745610 6762993.5 28
1657482745898 12298138.0 29
1657482746200 22357274.0 30
1657482746479 40771692.0 31
1657482746767 73927448.0 32
1657482747052 134680352.0 33
1657482747341 242958832.0 34
1657482747619 437394624.0 35
1657482747891 783656832.0 36
1657482748165 1382882688.0 37
1657482748445 2468480256.0 38
1657482748739 4448833024.0 39
1657482749016 7919083008.0 40
1657482749292 14262382592.0 41
1657482749574 25541859328.0 42
1657482749867 46416744448.0 43
1657482750162 84581015552.0 44
1657482750440 155273838592.0 45
1657482750717 284876013568.0 46
1657482750993 516115824640.0 47
1657482751273 937971679232.0 48
1657482751554 1699646930944.0 49
1657482751828 3137700626432.0 50
1657482752117 5750773514240.0 51
1657482752389 10585159761920.0 52
1657482752676 19487086608384.0 53
1657482752961 35721511436288.0 54
1657482753254 65237105508352.0 55
1657482753531 119317580480512.0 56
1657482753812 212624000155648.0 57
1657482754092 385189813420032.0 58
1657482754366 693758752456704.0 59
1657482754635 1258170672480256.0 60
1657482754907 2285682273812480.0 61
1657482755179 4190152914108416.0 62
1657482755457 7656682758864896.0 63
1657482755735 1.3950642187927552e+16 64
1657482756012 2.540264634921779e+16 65
1657482756290 4.677209936415949e+16 66
1657482756570 8.625450535564083e+16 67
1657482756841 1.5828605471188582e+17 68
