1657481687905 0.49808385968208313 0
1657481879580 0.49808385968208313 0
1657481987864 0.49808385968208313 0
1657482737600 0.49808385968208313 0
1657482737871 0.48254677653312683 1
1657482738155 0.48527398705482483 2
1657482738434 0.5249655246734619 3
1657482738715 0.5392899513244629 4
1657482738987 0.5660797357559204 5
1657482739266 0.5770202279090881 6
1657482739535 0.5961683392524719 7
1657482739813 0.5723482370376587 8
1657482740095 0.5667105913162231 9
1657482740375 0.544811487197876 10
1657482740655 0.5345406532287598 11
1657482740936 0.5342798233032227 12
1657482741221 0.4601716101169586 13
1657482741498 0.487610399723053 14
1657482741783 0.4677501618862152 15
1657482742083 0.4583197832107544 16
1657482742381 0.45401260256767273 17
1657482742675 0.36201944947242737 18
1657482742969 0.4652431905269623 19
1657482743268 0.4810105860233307 20
1657482743561 0.44477200508117676 21
1657482743852 0.44581660628318787 22
1657482744141 0.5857605338096619 23
1657482744432 0.5699877142906189 24
1657482744723 0.5952091813087463 25
1657482745011 0.6087148189544678 26
1657482745325 0.6041170358657837 27
1657482745608 0.6218441724777222 28
1657482745895 0.6256082057952881 29
1657482746198 0.6319716572761536 30
1657482746477 0.6259161233901978 31
1657482746765 0.6317057013511658 32
1657482747050 0.6190540194511414 33
1657482747339 0.6137372851371765 34
1657482747617 0.6052821278572083 35
1657482747889 0.5823593735694885 36
1657482748163 0.5921632647514343 37
1657482748442 0.605736255645752 38
1657482748737 0.5920958518981934 39
1657482749014 0.6058556437492371 40
1657482749290 0.6006264090538025 41
1657482749572 0.6202114224433899 42
1657482749865 0.6282952427864075 43
1657482750160 0.6417529582977295 44
1657482750438 0.6447744965553284 45
1657482750715 0.6287277936935425 46
1657482750991 0.6300153136253357 47
1657482751271 0.6253628730773926 48
1657482751552 0.6503532528877258 49
1657482751826 0.6454446911811829 50
1657482752115 0.6518588662147522 51
1657482752387 0.6536492109298706 52
1657482752674 0.6483135223388672 53
1657482752959 0.642046332359314 54
1657482753252 0.6425037384033203 55
1657482753529 0.6057694554328918 56
1657482753810 0.6204869151115417 57
1657482754090 0.6134593486785889 58
1657482754364 0.621721625328064 59
1657482754633 0.6256030201911926 60
1657482754905 0.6395865082740784 61
1657482755177 0.6385498642921448 62
1657482755455 0.6351847052574158 63
1657482755733 0.6337579488754272 64
1657482756010 0.6489787697792053 65
1657482756288 0.6545621752738953 66
1657482756568 0.6496800780296326 67
1657482756839 0.6563270688056946 68
