1657482692746 0.12622956931591034 0
1657482715590 0.12622956931591034 0
1657482737596 0.12622956931591034 0
1657482737867 0.1520528942346573 1
1657482738151 0.16718417406082153 2
1657482738429 0.15537454187870026 3
1657482738711 0.24547071754932404 4
1657482738983 0.43612751364707947 5
1657482739261 0.909800112247467 6
1657482739531 1.0 7
1657482739809 1.0 8
1657482740090 1.0 9
1657482740370 1.0 10
1657482740651 1.0 11
1657482740932 1.0 12
1657482741217 1.0 13
1657482741493 1.0 14
1657482741779 1.0 15
1657482742079 1.0 16
1657482742376 1.0 17
1657482742671 1.0 18
1657482742965 1.0 19
1657482743263 1.0 20
1657482743557 1.0 21
1657482743848 1.0 22
1657482744136 1.0 23
1657482744428 1.0 24
1657482744718 1.0 25
1657482745006 1.0 26
1657482745321 1.0 27
1657482745604 1.0 28
1657482745890 1.0 29
1657482746194 1.0 30
1657482746473 1.0 31
1657482746761 1.0 32
1657482747046 1.0 33
1657482747335 1.0 34
1657482747613 1.0 35
1657482747885 1.0 36
1657482748159 1.0 37
1657482748438 1.0 38
1657482748732 1.0 39
1657482749009 1.0 40
1657482749286 1.0 41
1657482749568 1.0 42
1657482749861 1.0 43
1657482750156 1.0 44
1657482750434 1.0 45
1657482750710 1.0 46
1657482750987 1.0 47
1657482751267 1.0 48
1657482751548 1.0 49
1657482751822 1.0 50
1657482752111 1.0 51
1657482752382 1.0 52
1657482752669 1.0 53
1657482752955 1.0 54
1657482753247 1.0 55
1657482753524 1.0 56
1657482753805 1.0 57
1657482754085 1.0 58
1657482754360 1.0 59
1657482754628 1.0 60
1657482754900 1.0 61
1657482755173 1.0 62
1657482755451 1.0 63
1657482755728 1.0 64
1657482756006 1.0 65
1657482756284 1.0 66
1657482756563 1.0 67
1657482756835 1.0 68
