1657482737598 76.69619750976562 0
1657482737869 76.77857208251953 1
1657482738153 79.88288116455078 2
1657482738432 81.85615539550781 3
1657482738713 87.52395629882812 4
1657482738985 96.20343017578125 5
1657482739264 109.58084106445312 6
1657482739533 132.44241333007812 7
1657482739811 190.5514678955078 8
1657482740092 295.78759765625 9
1657482740372 489.2090148925781 10
1657482740653 823.9896240234375 11
1657482740934 1404.1656494140625 12
1657482741219 2417.400390625 13
1657482741496 3927.580322265625 14
1657482741781 6624.71630859375 15
1657482742081 10985.3271484375 16
1657482742378 18133.21484375 17
1657482742673 29906.228515625 18
1657482742967 45457.65234375 19
1657482743266 77318.6796875 20
1657482743559 131363.859375 21
1657482743850 214669.34375 22
1657482744139 352602.28125 23
1657482744430 651208.5625 24
1657482744721 1156222.5 25
1657482745009 2082320.875 26
1657482745323 3766261.75 27
1657482745606 6762995.0 28
1657482745893 12298138.0 29
1657482746196 22357272.0 30
1657482746475 40771696.0 31
1657482746763 73927448.0 32
1657482747048 134680352.0 33
1657482747337 242958832.0 34
1657482747615 437394656.0 35
1657482747887 783656832.0 36
1657482748161 1382882688.0 37
1657482748440 2468480256.0 38
1657482748735 4448833024.0 39
1657482749011 7919083008.0 40
1657482749288 14262382592.0 41
1657482749570 25541859328.0 42
1657482749863 46416744448.0 43
1657482750158 84581015552.0 44
1657482750436 155273838592.0 45
1657482750712 284876013568.0 46
1657482750989 516115824640.0 47
1657482751269 937971679232.0 48
1657482751550 1699646930944.0 49
1657482751824 3137700626432.0 50
1657482752113 5750773514240.0 51
1657482752384 10585159761920.0 52
1657482752672 19487086608384.0 53
1657482752957 35721511436288.0 54
1657482753250 65237105508352.0 55
1657482753527 119317580480512.0 56
1657482753808 212624000155648.0 57
1657482754088 385189813420032.0 58
1657482754362 693758752456704.0 59
1657482754630 1258170672480256.0 60
1657482754902 2285682273812480.0 61
1657482755175 4190152914108416.0 62
1657482755453 7656682758864896.0 63
1657482755730 1.3950642187927552e+16 64
1657482756008 2.540264634921779e+16 65
1657482756286 4.677209936415949e+16 66
1657482756566 8.625450535564083e+16 67
1657482756837 1.5828605471188582e+17 68
