1657482737597 0.04790596291422844 0
1657482737868 0.09184756875038147 1
1657482738152 0.08644568175077438 2
1657482738431 0.07909362018108368 3
1657482738712 0.17015469074249268 4
1657482738984 0.33180153369903564 5
1657482739263 0.9074720144271851 6
1657482739532 1.0 7
1657482739810 1.0 8
1657482740091 1.0 9
1657482740371 1.0 10
1657482740652 1.0 11
1657482740933 1.0 12
1657482741218 1.0 13
1657482741495 1.0 14
1657482741780 1.0 15
1657482742080 1.0 16
1657482742377 1.0 17
1657482742672 1.0 18
1657482742966 1.0 19
1657482743264 1.0 20
1657482743558 1.0 21
1657482743849 1.0 22
1657482744137 1.0 23
1657482744429 1.0 24
1657482744719 1.0 25
1657482745008 1.0 26
1657482745322 1.0 27
1657482745605 1.0 28
1657482745892 1.0 29
1657482746195 1.0 30
1657482746474 1.0 31
1657482746762 1.0 32
1657482747047 1.0 33
1657482747336 1.0 34
1657482747614 1.0 35
1657482747886 1.0 36
1657482748160 1.0 37
1657482748439 1.0 38
1657482748733 1.0 39
1657482749010 1.0 40
1657482749287 1.0 41
1657482749569 1.0 42
1657482749862 1.0 43
1657482750157 1.0 44
1657482750435 1.0 45
1657482750711 1.0 46
1657482750988 1.0 47
1657482751268 1.0 48
1657482751549 1.0 49
1657482751823 1.0 50
1657482752112 1.0 51
1657482752383 1.0 52
1657482752670 1.0 53
1657482752956 1.0 54
1657482753248 1.0 55
1657482753526 1.0 56
1657482753806 1.0 57
1657482754086 1.0 58
1657482754361 1.0 59
1657482754629 1.0 60
1657482754901 1.0 61
1657482755174 1.0 62
1657482755452 1.0 63
1657482755729 1.0 64
1657482756007 1.0 65
1657482756285 1.0 66
1657482756564 1.0 67
1657482756836 1.0 68
