1657482737599 6.449803352355957 0
1657482737870 7.120235919952393 1
1657482738154 7.0060272216796875 2
1657482738433 6.587484836578369 3
1657482738714 7.388185024261475 4
1657482738986 8.783198356628418 5
1657482739265 15.237719535827637 6
1657482739534 41.62137222290039 7
1657482739812 97.33927154541016 8
1657482740093 189.6057891845703 9
1657482740373 338.43304443359375 10
1657482740654 579.0585327148438 11
1657482740935 983.26611328125 12
1657482741220 1683.8768310546875 13
1657482741497 2728.292236328125 14
1657482741782 4599.51220703125 15
1657482742082 7630.923828125 16
1657482742379 12605.5322265625 17
1657482742674 20801.3984375 18
1657482742968 31627.390625 19
1657482743267 53803.77734375 20
1657482743560 91415.375 21
1657482743851 149384.015625 22
1657482744140 245360.296875 23
1657482744431 453137.5625 24
1657482744722 804540.1875 25
1657482745010 1448949.625 26
1657482745324 2620696.25 27
1657482745607 4705934.5 28
1657482745894 8557493.0 29
1657482746197 15557011.0 30
1657482746476 28370442.0 31
1657482746764 51441436.0 32
1657482747049 93715544.0 33
1657482747338 169059648.0 34
1657482747616 304355136.0 35
1657482747888 545297280.0 36
1657482748162 962260160.0 37
1657482748441 1717658752.0 38
1657482748736 3095662080.0 39
1657482749012 5510387200.0 40
1657482749289 9924291584.0 41
1657482749571 17772957696.0 42
1657482749864 32298465280.0 43
1657482750159 58854543360.0 44
1657482750437 108045172736.0 45
1657482750714 198227165184.0 46
1657482750990 359132397568.0 47
1657482751270 652675383296.0 48
1657482751551 1182676287488.0 49
1657482751825 2183326597120.0 50
1657482752114 4001598537728.0 51
1657482752385 7365539659776.0 52
1657482752673 13559833559040.0 53
1657482752958 24856334696448.0 54
1657482753251 45394369183744.0 55
1657482753528 83025484316672.0 56
1657482753809 147951523463168.0 57
1657482754089 268029329932288.0 58
1657482754363 482742680682496.0 59
1657482754632 875481435996160.0 60
1657482754903 1590461957406720.0 61
1657482755176 2915663781822464.0 62
1657482755454 5327802240860160.0 63
1657482755731 9707370192044032.0 64
1657482756009 1.767608823054336e+16 65
1657482756287 3.254573745569792e+16 66
1657482756567 6.00190584052777e+16 67
1657482756838 1.1014124085025178e+17 68
