1663284535447 0.0011576623655855656 0
1663284535824 0.0012185684172436595 1
1663284536135 0.0012571554398164153 2
1663284536400 0.001406575902365148 3
1663284536627 0.0015868274495005608 4
1663284536857 0.0018733203178271651 5
1663284537089 0.0023046478163450956 6
1663284537320 0.0034822903107851744 7
1663284537553 0.007637424860149622 8
1663284537792 0.06146068125963211 9
1663284538023 0.9999208450317383 10
1663284538252 1.0 11
1663284538486 1.0 12
1663284538722 1.0 13
1663284538954 1.0 14
1663284539193 1.0 15
1663284539434 1.0 16
1663284539670 1.0 17
1663284539914 1.0 18
1663284540150 1.0 19
1663284540378 1.0 20
1663284540630 1.0 21
1663284540866 1.0 22
1663284541101 1.0 23
1663284541347 1.0 24
1663284541596 1.0 25
1663284541907 1.0 26
1663284542168 1.0 27
1663284542403 1.0 28
1663284542633 1.0 29
1663284542864 1.0 30
1663284543092 1.0 31
1663284543327 1.0 32
1663284543559 1.0 33
1663284543788 1.0 34
1663284544036 1.0 35
1663284544302 1.0 36
1663284544537 1.0 37
1663284544789 1.0 38
1663284545049 1.0 39
1663284545284 1.0 40
1663284545539 1.0 41
1663284545779 1.0 42
1663284546011 1.0 43
1663284546241 1.0 44
1663284546474 1.0 45
1663284546704 1.0 46
1663284546938 1.0 47
1663284547168 1.0 48
1663284547398 1.0 49
1663284547630 1.0 50
1663284547861 1.0 51
1663284548091 1.0 52
1663284548321 1.0 53
1663284548547 1.0 54
1663284548778 1.0 55
1663284549006 1.0 56
1663284549237 1.0 57
1663284549468 1.0 58
1663284549702 1.0 59
1663284549931 1.0 60
1663284550160 1.0 61
1663284550392 1.0 62
1663284550621 1.0 63
1663284550986 1.0 64
1663284551384 1.0 65
1663284551664 1.0 66
1663284551897 1.0 67
1663284552125 1.0 68
