1663284535448 0.0 0
1663284535825 -0.18551434576511383 1
1663284536136 -0.5721222758293152 2
1663284536401 -1.1355754137039185 3
1663284536628 -1.8868805170059204 4
1663284536858 -2.7784712314605713 5
1663284537090 -3.594862222671509 6
1663284537321 -4.0351433753967285 7
1663284537555 -4.028620719909668 8
1663284537793 -2.6392710208892822 9
1663284538025 9.03443717956543 10
1663284538253 152.7529296875 11
1663284538487 459.8667907714844 12
1663284538723 1085.610595703125 13
1663284538955 2456.8876953125 14
1663284539195 5483.24755859375 15
1663284539435 13330.3896484375 16
1663284539672 31982.462890625 17
1663284539915 72862.5390625 18
1663284540152 175943.046875 19
1663284540380 421971.625 20
1663284540632 1044397.9375 21
1663284540868 2598690.5 22
1663284541113 6580002.0 23
1663284541348 15451839.0 24
1663284541597 40639296.0 25
1663284541908 93847016.0 26
1663284542170 220187168.0 27
1663284542405 477891072.0 28
1663284542634 1087435904.0 29
1663284542865 2329848832.0 30
1663284543093 5507464192.0 31
1663284543329 13400397824.0 32
1663284543560 33930106880.0 33
1663284543789 98255233024.0 34
1663284544037 270919811072.0 35
1663284544303 804021534720.0 36
1663284544538 2179185901568.0 37
1663284544790 5403102412800.0 38
1663284545050 14414547779584.0 39
1663284545285 40041174794240.0 40
1663284545540 116414509744128.0 41
1663284545781 331362364030976.0 42
1663284546012 1014450337349632.0 43
1663284546243 3083513519669248.0 44
1663284546476 8775164183445504.0 45
1663284546705 2.546885756505293e+16 46
1663284546939 5.092994982923469e+16 47
1663284547169 1.189482516793262e+17 48
1663284547399 2.9277634133649e+17 49
1663284547631 7.48942584461656e+17 50
1663284547862 2.1354112852049265e+18 51
1663284548092 5.802435670832054e+18 52
1663284548322 1.6202789275488485e+19 53
1663284548549 4.303425619050155e+19 54
1663284548780 1.1606614507398785e+20 55
1663284549007 3.190589581603184e+20 56
1663284549239 9.296629417980933e+20 57
1663284549469 2.58075033029276e+21 58
1663284549703 6.870460219085573e+21 59
1663284549933 1.7293533212826646e+22 60
1663284550162 4.434436046453116e+22 61
1663284550393 1.250664298255572e+23 62
1663284550622 3.130800139164435e+23 63
1663284550987 7.269813560860929e+23 64
1663284551386 1.7996642077159158e+24 65
1663284551665 4.592823934381644e+24 66
1663284551898 1.204617006075462e+25 67
1663284552126 2.8122282701299096e+25 68
