1663284535462 0.02706627920269966 0
1663284535839 0.03047238104045391 1
1663284536149 0.03243985399603844 2
1663284536413 0.03675801679491997 3
1663284536640 0.041530411690473557 4
1663284536871 0.04166737198829651 5
1663284537102 0.03202194720506668 6
1663284537333 0.030665649101138115 7
1663284537567 0.03309568390250206 8
1663284537805 0.02511501871049404 9
1663284538037 0.017929865047335625 10
1663284538265 0.019964247941970825 11
1663284538499 0.024185627698898315 12
1663284538735 0.02663635089993477 13
1663284538968 0.024876857176423073 14
1663284539207 0.027043277397751808 15
1663284539447 0.026477009057998657 16
1663284539684 0.024210846051573753 17
1663284539929 0.02636166289448738 18
1663284540164 0.026495283469557762 19
1663284540392 0.02804599516093731 20
1663284540645 0.028660977259278297 21
1663284540880 0.029699837788939476 22
1663284541126 0.02636629343032837 23
1663284541360 0.03110799752175808 24
1663284541610 0.025807304307818413 25
1663284541921 0.02560674026608467 26
1663284542182 0.022096026688814163 27
1663284542417 0.02328985370695591 28
1663284542646 0.020978106185793877 29
1663284542877 0.024495184421539307 30
1663284543106 0.02653943933546543 31
1663284543341 0.029028940945863724 32
1663284543572 0.03676880523562431 33
1663284543801 0.035991258919239044 34
1663284544050 0.04037361219525337 35
1663284544315 0.03594562038779259 36
1663284544550 0.030439753085374832 37
1663284544803 0.03306353837251663 38
1663284545062 0.035686194896698 39
1663284545297 0.03897187113761902 40
1663284545553 0.03850530460476875 41
1663284545793 0.04297991469502449 42
1663284546024 0.04348672181367874 43
1663284546255 0.03953505679965019 44
1663284546487 0.03999396786093712 45
1663284546717 0.02102351188659668 46
1663284546951 0.024639470502734184 47
1663284547181 0.027219552546739578 48
1663284547411 0.029715759679675102 49
1663284547643 0.03612266108393669 50
1663284547874 0.035061467438936234 51
1663284548104 0.036562081426382065 52
1663284548334 0.034072328358888626 53
1663284548561 0.03444385156035423 54
1663284548792 0.03551677614450455 55
1663284549019 0.03911762312054634 56
1663284549251 0.037067484110593796 57
1663284549481 0.03438904881477356 58
1663284549715 0.030871594324707985 59
1663284549945 0.03105309046804905 60
1663284550174 0.036059822887182236 61
1663284550405 0.030735952779650688 62
1663284550634 0.026238156482577324 63
1663284551002 0.028196364641189575 64
1663284551402 0.029946906492114067 65
1663284551677 0.031771253794431686 66
1663284551910 0.02651660516858101 67
1663284552138 0.03111315332353115 68
