1663284535463 0.0 0
1663284535841 6.1260480880737305 1
1663284536150 19.043630599975586 2
1663284536415 38.14463806152344 3
1663284536641 64.54153442382812 4
1663284536872 98.1030044555664 5
1663284537103 133.752197265625 6
1663284537334 161.3762664794922 7
1663284537568 187.18325805664062 8
1663284537806 213.57762145996094 9
1663284538038 232.49583435058594 10
1663284538266 296.5294494628906 11
1663284538500 597.4203491210938 12
1663284538736 1406.44677734375 13
1663284538969 3417.150146484375 14
1663284539208 7898.18505859375 15
1663284539448 19290.60546875 16
1663284539685 46081.60546875 17
1663284539931 104725.3046875 18
1663284540165 252749.484375 19
1663284540393 606306.3125 20
1663284540646 1500900.75 21
1663284540881 3734712.0 22
1663284541127 9456345.0 23
1663284541361 22206166.0 24
1663284541611 58403468.0 25
1663284541922 134869296.0 26
1663284542183 316434912.0 27
1663284542418 686786816.0 28
1663284542647 1562774400.0 29
1663284542878 3348268800.0 30
1663284543107 7914878464.0 31
1663284543342 19257968640.0 32
1663284543574 48761581568.0 33
1663284543802 141204504576.0 34
1663284544051 389344493568.0 35
1663284544316 1155475046400.0 36
1663284544551 3131751006208.0 37
1663284544804 7764897169408.0 38
1663284545063 20715399020544.0 39
1663284545298 57543992803328.0 40
1663284545554 167301458427904.0 41
1663284545794 476206679982080.0 42
1663284546025 1457885443784704.0 43
1663284546256 4431377604804608.0 44
1663284546489 1.261094739902464e+16 45
1663284546718 3.660175424618496e+16 46
1663284546952 7.319251337609216e+16 47
1663284547182 1.7094287665659904e+17 48
1663284547412 4.207546500865065e+17 49
1663284547644 1.0763193541334139e+18 50
1663284547875 3.0688416816053617e+18 51
1663284548105 8.33878469573922e+18 52
1663284548335 inf 53
1663284548562 inf 54
1663284548793 inf 55
1663284549020 inf 56
1663284549252 inf 57
1663284549482 inf 58
1663284549716 inf 59
1663284549946 inf 60
1663284550175 inf 61
1663284550406 inf 62
1663284550635 inf 63
1663284551003 inf 64
1663284551403 inf 65
1663284551678 inf 66
1663284551911 inf 67
1663284552139 inf 68
