1663284535465 0.0 0
1663284535842 -0.18551434576511383 1
1663284536152 -0.5721222758293152 2
1663284536416 -1.1355754137039185 3
1663284536642 -1.8868805170059204 4
1663284536873 -2.7784712314605713 5
1663284537104 -3.594862222671509 6
1663284537335 -4.0351433753967285 7
1663284537569 -4.028620719909668 8
1663284537807 -2.6392710208892822 9
1663284538039 9.03443717956543 10
1663284538267 152.7529296875 11
1663284538501 459.8667907714844 12
1663284538737 1085.610595703125 13
1663284538970 2456.8876953125 14
1663284539209 5483.24755859375 15
1663284539449 13330.3896484375 16
1663284539686 31982.462890625 17
1663284539932 72862.5390625 18
1663284540166 175943.046875 19
1663284540394 421971.625 20
1663284540647 1044397.9375 21
1663284540882 2598690.5 22
1663284541128 6580002.0 23
1663284541362 15451839.0 24
1663284541612 40639296.0 25
1663284541923 93847016.0 26
1663284542184 220187168.0 27
1663284542419 477891072.0 28
1663284542648 1087435904.0 29
1663284542879 2329848832.0 30
1663284543108 5507464192.0 31
1663284543343 13400397824.0 32
1663284543575 33930106880.0 33
1663284543803 98255233024.0 34
1663284544052 270919811072.0 35
1663284544317 804021534720.0 36
1663284544552 2179185901568.0 37
1663284544806 5403102412800.0 38
1663284545064 14414547779584.0 39
1663284545299 40041174794240.0 40
1663284545556 116414509744128.0 41
1663284545795 331362364030976.0 42
1663284546026 1014450337349632.0 43
1663284546257 3083513519669248.0 44
1663284546490 8775164183445504.0 45
1663284546719 2.546885756505293e+16 46
1663284546953 5.092994982923469e+16 47
1663284547183 1.189482516793262e+17 48
1663284547413 2.9277634133649e+17 49
1663284547645 7.48942584461656e+17 50
1663284547876 2.1354112852049265e+18 51
1663284548107 5.802435670832054e+18 52
1663284548336 1.6202789275488485e+19 53
1663284548563 4.303425619050155e+19 54
1663284548794 1.1606614507398785e+20 55
1663284549022 3.190589581603184e+20 56
1663284549253 9.296629417980933e+20 57
1663284549483 2.58075033029276e+21 58
1663284549717 6.870460219085573e+21 59
1663284549947 1.7293533212826646e+22 60
1663284550176 4.434436046453116e+22 61
1663284550407 1.250664298255572e+23 62
1663284550636 3.130800139164435e+23 63
1663284551004 7.269813560860929e+23 64
1663284551405 1.7996642077159158e+24 65
1663284551679 4.592823934381644e+24 66
1663284551913 1.204617006075462e+25 67
1663284552140 2.8122282701299096e+25 68
