1663284535461 0.729337215423584 0
1663284535838 0.6952762007713318 1
1663284536148 0.6756014823913574 2
1663284536412 0.6324198246002197 3
1663284536639 0.5846958756446838 4
1663284536869 0.5833262801170349 5
1663284537101 0.6797805428504944 6
1663284537332 0.6933435201644897 7
1663284537566 0.6690431833267212 8
1663284537804 0.7488498091697693 9
1663284538036 0.8207013607025146 10
1663284538264 0.8003575205802917 11
1663284538498 0.7581437230110168 12
1663284538734 0.7336364984512329 13
1663284538966 0.7512314319610596 14
1663284539206 0.7295672297477722 15
1663284539446 0.7352299094200134 16
1663284539683 0.7578915357589722 17
1663284539928 0.7363833785057068 18
1663284540163 0.7350471615791321 19
1663284540391 0.7195400595664978 20
1663284540644 0.7133902311325073 21
1663284540879 0.7030016183853149 22
1663284541125 0.7363370656967163 23
1663284541359 0.6889200210571289 24
1663284541609 0.7419269680976868 25
1663284541920 0.7439326047897339 26
1663284542181 0.779039740562439 27
1663284542416 0.7671014666557312 28
1663284542645 0.7902189493179321 29
1663284542876 0.7550481557846069 30
1663284543105 0.734605610370636 31
1663284543339 0.7097105979919434 32
1663284543571 0.6323119401931763 33
1663284543800 0.6400874257087708 34
1663284544049 0.5962638854980469 35
1663284544314 0.6405438184738159 36
1663284544549 0.6956024765968323 37
1663284544802 0.6693646311759949 38
1663284545061 0.64313805103302 39
1663284545296 0.6102812886238098 40
1663284545552 0.6149469614028931 41
1663284545791 0.5702008605003357 42
1663284546023 0.5651327967643738 43
1663284546253 0.6046494245529175 44
1663284546486 0.6000603437423706 45
1663284546716 0.7897648811340332 46
1663284546950 0.753605306148529 47
1663284547180 0.7278044819831848 48
1663284547410 0.7028424143791199 49
1663284547642 0.6387733817100525 50
1663284547873 0.6493853330612183 51
1663284548103 0.6343792080879211 52
1663284548333 0.6592767238616943 53
1663284548560 0.6555615067481995 54
1663284548791 0.6448322534561157 55
1663284549018 0.6088237762451172 56
1663284549250 0.6293251514434814 57
1663284549480 0.6561095118522644 58
1663284549714 0.6912840604782104 59
1663284549944 0.6894690990447998 60
1663284550173 0.6394017934799194 61
1663284550404 0.692640483379364 62
1663284550633 0.7376184463500977 63
1663284551000 0.7180363535881042 64
1663284551401 0.7005309462547302 65
1663284551676 0.6822874546051025 66
1663284551909 0.7348339557647705 67
1663284552137 0.6888684630393982 68
