1663284535460 6.171623229980469 0
1663284535837 6.514170169830322 1
1663284536147 6.610598564147949 2
1663284536411 7.043363094329834 3
1663284536638 7.377437114715576 4
1663284536868 7.352138042449951 5
1663284537100 6.6103668212890625 6
1663284537331 6.468520164489746 7
1663284537565 6.450872421264648 8
1663284537803 6.116153240203857 9
1663284538034 5.25681209564209 10
1663284538263 5.503587245941162 11
1663284538497 5.726076126098633 12
1663284538733 5.870181083679199 13
1663284538965 5.603070259094238 14
1663284539205 5.88798713684082 15
1663284539445 6.078981399536133 16
1663284539682 5.659239292144775 17
1663284539927 6.034427642822266 18
1663284540162 5.760355472564697 19
1663284540389 6.065682411193848 20
1663284540642 6.160754203796387 21
1663284540878 6.364811897277832 22
1663284541123 6.5569257736206055 23
1663284541358 7.135916709899902 24
1663284541608 6.382272720336914 25
1663284541919 6.496561050415039 26
1663284542180 5.357877731323242 27
1663284542414 5.813032150268555 28
1663284542644 5.69265604019165 29
1663284542875 6.01499605178833 30
1663284543104 6.233179092407227 31
1663284543338 6.598720550537109 32
1663284543570 7.221883296966553 33
1663284543799 7.149204254150391 34
1663284544048 7.447415351867676 35
1663284544313 7.078890800476074 36
1663284544548 6.445546627044678 37
1663284544801 6.7480597496032715 38
1663284545060 7.006031036376953 39
1663284545295 7.259499549865723 40
1663284545551 7.323078155517578 41
1663284545790 7.780105113983154 42
1663284546022 7.710174560546875 43
1663284546252 7.399585723876953 44
1663284546485 7.543492794036865 45
1663284546715 5.490172386169434 46
1663284546949 5.871233940124512 47
1663284547179 6.0521392822265625 48
1663284547409 6.197093963623047 49
1663284547641 6.881726264953613 50
1663284547872 7.0605316162109375 51
1663284548102 7.260756492614746 52
1663284548332 6.866683006286621 53
1663284548559 6.968191146850586 54
1663284548790 7.082934379577637 55
1663284549017 7.559962272644043 56
1663284549249 7.296839714050293 57
1663284549479 7.141604900360107 58
1663284549713 6.8826375007629395 59
1663284549942 6.884782791137695 60
1663284550171 7.2382941246032715 61
1663284550403 6.833785057067871 62
1663284550632 6.36119270324707 63
1663284550999 6.604498386383057 64
1663284551400 6.651175498962402 65
1663284551675 7.0171122550964355 66
1663284551908 6.386746406555176 67
1663284552136 6.825435161590576 68
