1663284535450 0.14742018282413483 0
1663284535826 0.1904965192079544 1
1663284536138 0.19980178773403168 2
1663284536402 0.2715749740600586 3
1663284536629 0.3087896704673767 4
1663284536859 0.30520638823509216 5
1663284537091 0.20179343223571777 6
1663284537322 0.18223518133163452 7
1663284537556 0.14889958500862122 8
1663284537794 0.06575459241867065 9
1663284538026 0.02424420230090618 10
1663284538254 0.015295607969164848 11
1663284538488 0.008003279566764832 12
1663284538724 0.002698916243389249 13
1663284538957 0.0014442236861214042 14
1663284539196 0.0003753557684831321 15
1663284539436 0.0002201654715463519 16
1663284539673 0.00035211379872635007 17
1663284539917 0.0002712496498133987 18
1663284540153 0.00025054559228010476 19
1663284540381 0.00016845151549205184 20
1663284540633 0.00021137253497727215 21
1663284540869 0.0001633995707379654 22
1663284541114 0.002041606465354562 23
1663284541349 0.0011163548333570361 24
1663284541598 0.003338777692988515 25
1663284541909 0.014272589236497879 26
1663284542171 0.029610445722937584 27
1663284542406 0.04575665295124054 28
1663284542635 0.036809228360652924 29
1663284542866 0.07241258770227432 30
1663284543095 0.08032096922397614 31
1663284543330 0.08130565285682678 32
1663284543562 0.10208620876073837 33
1663284543790 0.09496115148067474 34
1663284544038 0.11478391289710999 35
1663284544304 0.10705751925706863 36
1663284544539 0.09191232919692993 37
1663284544792 0.07772425562143326 38
1663284545051 0.08856432884931564 39
1663284545286 0.10250676423311234 40
1663284545541 0.07812818139791489 41
1663284545782 0.09027675539255142 42
1663284546013 0.13105377554893494 43
1663284546244 0.11836984753608704 44
1663284546477 0.09699957072734833 45
1663284546706 0.011895813047885895 46
1663284546940 0.017233792692422867 47
1663284547170 0.02517201378941536 48
1663284547400 0.02970919758081436 49
1663284547632 0.03670502454042435 50
1663284547863 0.03723936155438423 51
1663284548093 0.045153599232435226 52
1663284548323 0.055088333785533905 53
1663284548550 0.043147407472133636 54
1663284548781 0.04610788822174072 55
1663284549008 0.04052447900176048 56
1663284549240 0.041632622480392456 57
1663284549470 0.02758507989346981 58
1663284549704 0.024893680587410927 59
1663284549934 0.035840585827827454 60
1663284550163 0.038236550986766815 61
1663284550394 0.037254225462675095 62
1663284550623 0.040538493543863297 63
1663284550989 0.026475729420781136 64
1663284551387 0.03909740224480629 65
1663284551666 0.03720026835799217 66
1663284551900 0.0377361960709095 67
1663284552127 0.045643746852874756 68
