1663284535452 6.171623229980469 0
1663284535829 6.514170169830322 1
1663284536140 6.610598564147949 2
1663284536405 7.043363094329834 3
1663284536631 7.377437114715576 4
1663284536862 7.352138042449951 5
1663284537093 6.6103668212890625 6
1663284537325 6.468520164489746 7
1663284537558 6.407771587371826 8
1663284537796 5.424615859985352 9
1663284538028 4.203657150268555 10
1663284538256 3.873173236846924 11
1663284538490 3.580928325653076 12
1663284538726 2.863162040710449 13
1663284538959 2.156484842300415 14
1663284539198 1.0154647827148438 15
1663284539438 0.49432235956192017 16
1663284539675 0.7061256170272827 17
1663284539920 0.6969510316848755 18
1663284540155 0.698104977607727 19
1663284540383 0.53617924451828 20
1663284540635 0.7819037437438965 21
1663284540871 0.5965824723243713 22
1663284541117 2.954317092895508 23
1663284541351 2.5897183418273926 24
1663284541601 3.3993234634399414 25
1663284541912 4.807790756225586 26
1663284542173 5.357877731323242 27
1663284542408 5.716527938842773 28
1663284542637 5.164750099182129 29
1663284542868 6.01499605178833 30
1663284543097 6.026867866516113 31
1663284543332 5.992242813110352 32
1663284543564 6.487374305725098 33
1663284543792 6.305006980895996 34
1663284544041 6.699511528015137 35
1663284544306 6.465158939361572 36
1663284544542 6.168708801269531 37
1663284544794 6.191370010375977 38
1663284545053 6.417323112487793 39
1663284545288 6.734101295471191 40
1663284545544 6.4680280685424805 41
1663284545784 6.711851119995117 42
1663284546015 7.137717247009277 43
1663284546246 6.9331560134887695 44
1663284546479 6.718343734741211 45
1663284546708 4.055853366851807 46
1663284546942 4.673238754272461 47
1663284547172 5.139322280883789 48
1663284547402 5.334197521209717 49
1663284547634 5.926881790161133 50
1663284547865 5.842247009277344 51
1663284548096 5.934380054473877 52
1663284548325 5.833254814147949 53
1663284548552 5.562921524047852 54
1663284548783 5.632349014282227 55
1663284549011 5.738667011260986 56
1663284549242 5.513658046722412 57
1663284549473 5.010687828063965 58
1663284549706 4.676687240600586 59
1663284549936 5.012529373168945 60
1663284550165 5.185853958129883 61
1663284550397 5.065901756286621 62
1663284550625 5.072151184082031 63
1663284550991 4.7238030433654785 64
1663284551392 5.330291271209717 65
1663284551668 5.301764011383057 66
1663284551902 5.123646259307861 67
1663284552129 5.548398017883301 68
