1663284535458 0.0011576623655855656 0
1663284535834 0.0012185684172436595 1
1663284536144 0.0012571554398164153 2
1663284536409 0.001406575902365148 3
1663284536636 0.0015868274495005608 4
1663284536866 0.0018733203178271651 5
1663284537098 0.0023046478163450956 6
1663284537329 0.0034822903107851744 7
1663284537562 0.007637424860149622 8
1663284537801 0.06146068125963211 9
1663284538032 0.9999208450317383 10
1663284538261 1.0 11
1663284538495 1.0 12
1663284538731 1.0 13
1663284538963 1.0 14
1663284539202 1.0 15
1663284539443 1.0 16
1663284539679 1.0 17
1663284539925 1.0 18
1663284540159 1.0 19
1663284540387 1.0 20
1663284540640 1.0 21
1663284540876 1.0 22
1663284541121 1.0 23
1663284541356 1.0 24
1663284541605 1.0 25
1663284541916 1.0 26
1663284542177 1.0 27
1663284542412 1.0 28
1663284542642 1.0 29
1663284542873 1.0 30
1663284543101 1.0 31
1663284543336 1.0 32
1663284543568 1.0 33
1663284543797 1.0 34
1663284544045 1.0 35
1663284544311 1.0 36
1663284544546 1.0 37
1663284544799 1.0 38
1663284545058 1.0 39
1663284545293 1.0 40
1663284545548 1.0 41
1663284545788 1.0 42
1663284546020 1.0 43
1663284546250 1.0 44
1663284546483 1.0 45
1663284546712 1.0 46
1663284546946 1.0 47
1663284547177 1.0 48
1663284547407 1.0 49
1663284547639 1.0 50
1663284547870 1.0 51
1663284548100 1.0 52
1663284548330 1.0 53
1663284548556 1.0 54
1663284548787 1.0 55
1663284549015 1.0 56
1663284549246 1.0 57
1663284549477 1.0 58
1663284549711 1.0 59
1663284549940 1.0 60
1663284550169 1.0 61
1663284550401 1.0 62
1663284550630 1.0 63
1663284550997 1.0 64
1663284551397 1.0 65
1663284551673 1.0 66
1663284551906 1.0 67
1663284552133 1.0 68
