1663284535453 0.14742018282413483 0
1663284535830 0.004982173442840576 1
1663284536141 -0.3723204731941223 2
1663284536406 -0.8640004396438599 3
1663284536633 -1.5780909061431885 4
1663284536863 -2.4732649326324463 5
1663284537094 -3.393068790435791 6
1663284537326 -3.852908134460449 7
1663284537559 -3.879721164703369 8
1663284537798 -2.573516368865967 9
1663284538029 9.05868148803711 10
1663284538257 152.76821899414062 11
1663284538491 459.8747863769531 12
1663284538727 1085.61328125 13
1663284538960 2456.88916015625 14
1663284539199 5483.248046875 15
1663284539440 13330.3896484375 16
1663284539676 31982.462890625 17
1663284539921 72862.5390625 18
1663284540156 175943.046875 19
1663284540384 421971.625 20
1663284540637 1044397.9375 21
1663284540872 2598690.5 22
1663284541118 6580002.0 23
1663284541352 15451839.0 24
1663284541602 40639296.0 25
1663284541913 93847016.0 26
1663284542174 220187168.0 27
1663284542409 477891072.0 28
1663284542638 1087435904.0 29
1663284542869 2329848832.0 30
1663284543098 5507464192.0 31
1663284543333 13400397824.0 32
1663284543565 33930106880.0 33
1663284543793 98255233024.0 34
1663284544042 270919811072.0 35
1663284544307 804021534720.0 36
1663284544543 2179185901568.0 37
1663284544795 5403102412800.0 38
1663284545054 14414547779584.0 39
1663284545289 40041174794240.0 40
1663284545545 116414509744128.0 41
1663284545785 331362364030976.0 42
1663284546017 1014450337349632.0 43
1663284546247 3083513519669248.0 44
1663284546480 8775164183445504.0 45
1663284546709 2.546885756505293e+16 46
1663284546943 5.092994982923469e+16 47
1663284547173 1.189482516793262e+17 48
1663284547403 2.9277634133649e+17 49
1663284547636 7.48942584461656e+17 50
1663284547867 2.1354112852049265e+18 51
1663284548097 5.802435670832054e+18 52
1663284548326 1.6202789275488485e+19 53
1663284548553 4.303425619050155e+19 54
1663284548784 1.1606614507398785e+20 55
1663284549012 3.190589581603184e+20 56
1663284549243 9.296629417980933e+20 57
1663284549474 2.58075033029276e+21 58
1663284549707 6.870460219085573e+21 59
1663284549937 1.7293533212826646e+22 60
1663284550166 4.434436046453116e+22 61
1663284550398 1.250664298255572e+23 62
1663284550627 3.130800139164435e+23 63
1663284550992 7.269813560860929e+23 64
1663284551393 1.7996642077159158e+24 65
1663284551670 4.592823934381644e+24 66
1663284551903 1.204617006075462e+25 67
1663284552130 2.8122282701299096e+25 68
