1663284535459 0.14742018282413483 0
1663284535835 0.004982173442840576 1
1663284536146 -0.3723204731941223 2
1663284536410 -0.8640004396438599 3
1663284536637 -1.5780909061431885 4
1663284536867 -2.4732649326324463 5
1663284537099 -3.393068790435791 6
1663284537330 -3.852908134460449 7
1663284537564 -3.879721164703369 8
1663284537802 -2.573516368865967 9
1663284538033 9.05868148803711 10
1663284538262 152.76821899414062 11
1663284538496 459.8747863769531 12
1663284538732 1085.61328125 13
1663284538964 2456.88916015625 14
1663284539203 5483.248046875 15
1663284539444 13330.3896484375 16
1663284539681 31982.462890625 17
1663284539926 72862.5390625 18
1663284540161 175943.046875 19
1663284540388 421971.625 20
1663284540641 1044397.9375 21
1663284540877 2598690.5 22
1663284541122 6580002.0 23
1663284541357 15451839.0 24
1663284541607 40639296.0 25
1663284541918 93847016.0 26
1663284542179 220187168.0 27
1663284542413 477891072.0 28
1663284542643 1087435904.0 29
1663284542874 2329848832.0 30
1663284543102 5507464192.0 31
1663284543337 13400397824.0 32
1663284543569 33930106880.0 33
1663284543798 98255233024.0 34
1663284544047 270919811072.0 35
1663284544312 804021534720.0 36
1663284544547 2179185901568.0 37
1663284544800 5403102412800.0 38
1663284545059 14414547779584.0 39
1663284545294 40041174794240.0 40
1663284545550 116414509744128.0 41
1663284545789 331362364030976.0 42
1663284546021 1014450337349632.0 43
1663284546251 3083513519669248.0 44
1663284546484 8775164183445504.0 45
1663284546714 2.546885756505293e+16 46
1663284546948 5.092994982923469e+16 47
1663284547178 1.189482516793262e+17 48
1663284547408 2.9277634133649e+17 49
1663284547640 7.48942584461656e+17 50
1663284547871 2.1354112852049265e+18 51
1663284548101 5.802435670832054e+18 52
1663284548331 1.6202789275488485e+19 53
1663284548557 4.303425619050155e+19 54
1663284548789 1.1606614507398785e+20 55
1663284549016 3.190589581603184e+20 56
1663284549247 9.296629417980933e+20 57
1663284549478 2.58075033029276e+21 58
1663284549712 6.870460219085573e+21 59
1663284549941 1.7293533212826646e+22 60
1663284550170 4.434436046453116e+22 61
1663284550402 1.250664298255572e+23 62
1663284550631 3.130800139164435e+23 63
1663284550998 7.269813560860929e+23 64
1663284551398 1.7996642077159158e+24 65
1663284551674 4.592823934381644e+24 66
1663284551907 1.204617006075462e+25 67
1663284552135 2.8122282701299096e+25 68
