1663284535456 0.1858580857515335 0
1663284535832 6.098756313323975 1
1663284536143 19.013916015625 2
1663284536408 38.11476135253906 3
1663284536635 64.51165008544922 4
1663284536865 98.07315826416016 5
1663284537097 133.7219696044922 6
1663284537328 161.3463897705078 7
1663284537561 187.1539306640625 8
1663284537800 213.54812622070312 9
1663284538031 232.46664428710938 10
1663284538259 296.5114440917969 11
1663284538494 597.4069213867188 12
1663284538730 1406.4290771484375 13
1663284538962 3417.129150390625 14
1663284539201 7898.162109375 15
1663284539442 19290.583984375 16
1663284539678 46081.58203125 17
1663284539923 104725.296875 18
1663284540158 252749.46875 19
1663284540386 606306.3125 20
1663284540639 1500900.625 21
1663284540874 3734712.0 22
1663284541120 9456345.0 23
1663284541354 22206166.0 24
1663284541604 58403468.0 25
1663284541915 134869296.0 26
1663284542176 316434912.0 27
1663284542411 686786816.0 28
1663284542641 1562774400.0 29
1663284542872 3348268800.0 30
1663284543100 7914878464.0 31
1663284543335 19257968640.0 32
1663284543567 48761581568.0 33
1663284543795 141204504576.0 34
1663284544044 389344493568.0 35
1663284544310 1155475046400.0 36
1663284544545 3131751006208.0 37
1663284544798 7764897169408.0 38
1663284545056 20715399020544.0 39
1663284545291 57543992803328.0 40
1663284545547 167301458427904.0 41
1663284545787 476206679982080.0 42
1663284546019 1457885443784704.0 43
1663284546249 4431377604804608.0 44
1663284546482 1.261094739902464e+16 45
1663284546711 3.660175424618496e+16 46
1663284546945 7.319251337609216e+16 47
1663284547176 1.7094287665659904e+17 48
1663284547406 4.207546500865065e+17 49
1663284547638 1.0763193541334139e+18 50
1663284547869 3.0688416816053617e+18 51
1663284548099 8.33878469573922e+18 52
1663284548328 inf 53
1663284548555 inf 54
1663284548786 inf 55
1663284549014 inf 56
1663284549245 inf 57
1663284549476 inf 58
1663284549709 inf 59
1663284549939 inf 60
1663284550168 inf 61
1663284550400 inf 62
1663284550629 inf 63
1663284550995 inf 64
1663284551396 inf 65
1663284551672 inf 66
1663284551905 inf 67
1663284552132 inf 68
