1663284535455 0.031623367220163345 0
1663284535831 0.03162376582622528 1
1663284536142 0.031624190509319305 2
1663284536407 0.031625788658857346 3
1663284536634 0.03162895515561104 4
1663284536864 0.031636402010917664 5
1663284537095 0.03165294602513313 6
1663284537327 0.03172777593135834 7
1663284537560 0.03233424574136734 8
1663284537799 0.06829097867012024 9
1663284538030 0.9999208450317383 10
1663284538258 1.0 11
1663284538493 1.0 12
1663284538728 1.0 13
1663284538961 1.0 14
1663284539200 1.0 15
1663284539441 1.0 16
1663284539677 1.0 17
1663284539922 1.0 18
1663284540157 1.0 19
1663284540385 1.0 20
1663284540638 1.0 21
1663284540873 1.0 22
1663284541119 1.0 23
1663284541353 1.0 24
1663284541603 1.0 25
1663284541914 1.0 26
1663284542175 1.0 27
1663284542410 1.0 28
1663284542639 1.0 29
1663284542871 1.0 30
1663284543099 1.0 31
1663284543334 1.0 32
1663284543566 1.0 33
1663284543794 1.0 34
1663284544043 1.0 35
1663284544308 1.0 36
1663284544544 1.0 37
1663284544796 1.0 38
1663284545055 1.0 39
1663284545290 1.0 40
1663284545546 1.0 41
1663284545786 1.0 42
1663284546018 1.0 43
1663284546248 1.0 44
1663284546481 1.0 45
1663284546710 1.0 46
1663284546944 1.0 47
1663284547174 1.0 48
1663284547405 1.0 49
1663284547637 1.0 50
1663284547868 1.0 51
1663284548098 1.0 52
1663284548327 1.0 53
1663284548554 1.0 54
1663284548785 1.0 55
1663284549013 1.0 56
1663284549244 1.0 57
1663284549475 1.0 58
1663284549708 1.0 59
1663284549938 1.0 60
1663284550167 1.0 61
1663284550399 1.0 62
1663284550628 1.0 63
1663284550994 1.0 64
1663284551395 1.0 65
1663284551671 1.0 66
1663284551904 1.0 67
1663284552131 1.0 68
