1663284535451 0.0011576623655855656 0
1663284535828 0.0012185684172436595 1
1663284536139 0.0012571554398164153 2
1663284536403 0.001406575902365148 3
1663284536630 0.0015868274495005608 4
1663284536861 0.0018733203178271651 5
1663284537092 0.0023046478163450956 6
1663284537324 0.0034822903107851744 7
1663284537557 0.007637424860149622 8
1663284537795 0.06146068125963211 9
1663284538027 0.9999208450317383 10
1663284538255 1.0 11
1663284538489 1.0 12
1663284538725 1.0 13
1663284538958 1.0 14
1663284539197 1.0 15
1663284539437 1.0 16
1663284539674 1.0 17
1663284539918 1.0 18
1663284540154 1.0 19
1663284540382 1.0 20
1663284540634 1.0 21
1663284540870 1.0 22
1663284541115 1.0 23
1663284541350 1.0 24
1663284541600 1.0 25
1663284541910 1.0 26
1663284542172 1.0 27
1663284542407 1.0 28
1663284542636 1.0 29
1663284542867 1.0 30
1663284543096 1.0 31
1663284543331 1.0 32
1663284543563 1.0 33
1663284543791 1.0 34
1663284544040 1.0 35
1663284544305 1.0 36
1663284544541 1.0 37
1663284544793 1.0 38
1663284545052 1.0 39
1663284545287 1.0 40
1663284545542 1.0 41
1663284545783 1.0 42
1663284546014 1.0 43
1663284546245 1.0 44
1663284546478 1.0 45
1663284546707 1.0 46
1663284546941 1.0 47
1663284547171 1.0 48
1663284547401 1.0 49
1663284547633 1.0 50
1663284547864 1.0 51
1663284548095 1.0 52
1663284548324 1.0 53
1663284548551 1.0 54
1663284548782 1.0 55
1663284549010 1.0 56
1663284549241 1.0 57
1663284549471 1.0 58
1663284549705 1.0 59
1663284549935 1.0 60
1663284550164 1.0 61
1663284550395 1.0 62
1663284550624 1.0 63
1663284550990 1.0 64
1663284551388 1.0 65
1663284551667 1.0 66
1663284551901 1.0 67
1663284552128 1.0 68
