1663193948246 0.0011789145646616817 0
1663193948515 0.001220781821757555 1
1663193948801 0.0013429047539830208 2
1663193949076 0.001464646658860147 3
1663193949317 0.0014361622743308544 4
1663193949555 0.0014158933190628886 5
1663193949789 0.0014053789200261235 6
1663193950020 0.0013310107169672847 7
1663193950253 0.0011895339703187346 8
1663193950487 0.0011248969240114093 9
1663193950723 0.0010525279212743044 10
1663193950957 0.0010360809974372387 11
1663193951205 0.001015497138723731 12
1663193951452 0.0009997750166803598 13
1663193951695 0.000987304374575615 14
1663193951940 0.000978094874881208 15
1663193952187 0.0009728663717396557 16
1663193952430 0.0009716477943584323 17
1663193952674 0.0009741162648424506 18
1663193952916 0.0009795925579965115 19
1663193953159 0.000987362116575241 20
1663193953402 0.0009962684707716107 21
1663193953654 0.001004846766591072 22
1663193953899 0.0010120583465322852 23
1663193954145 0.0010164282284677029 24
1663193954387 0.0010184142738580704 25
1663193954634 0.0010193748166784644 26
1663193954891 0.001019683200865984 27
1663193955143 0.0010196835501119494 28
1663193955395 0.001018863869830966 29
1663193955644 0.0010292129591107368 30
1663193955894 0.0010404350468888879 31
1663193956144 0.0010439397301524878 32
1663193956390 0.0010598578955978155 33
1663193956639 0.0010614015627652407 34
1663193956888 0.001065781689248979 35
1663193957136 0.0010860973270609975 36
1663193957382 0.0010839321184903383 37
1663193957627 0.0010803331388160586 38
1663193957870 0.0010976387420669198 39
1663193958116 0.0011345751117914915 40
1663193958361 0.0011189380893483758 41
1663193958608 0.0010881087509915233 42
1663193958848 0.001083563780412078 43
1663193959091 0.0010784431360661983 44
1663193959346 0.0010674266377463937 45
1663193959592 0.0010036928579211235 46
1663193959835 0.0010037260362878442 47
1663193960084 0.0010027822572737932 48
1663193960331 0.001006178092211485 49
1663193960578 0.0010129266884177923 50
1663193960823 0.0010172635084018111 51
1663193961068 0.0010186563013121486 52
1663193961313 0.0010278718546032906 53
1663193961558 0.0010270144557580352 54
1663193961802 0.001026069512590766 55
1663193962045 0.0010236224625259638 56
1663193962287 0.0010259434347972274 57
1663193962532 0.0010182756232097745 58
1663193962776 0.0010231254855170846 59
1663193963024 0.0010129499714821577 60
1663193963278 0.0010123735992237926 61
1663193963521 0.0010111090959981084 62
1663193963771 0.001013582688756287 63
1663193964018 0.0010078888153657317 64
1663193964273 0.0010113406460732222 65
1663193964526 0.0010116370394825935 66
1663193964780 0.001012709573842585 67
1663193965033 0.0010114823235198855 68
