1663193948248 0.0 0
1663193948517 -0.03646794334053993 1
1663193948803 -0.10188828408718109 2
1663193949077 -0.18811501562595367 3
1663193949319 -0.27720195055007935 4
1663193949556 -0.3407352864742279 5
1663193949790 -0.3709847033023834 6
1663193950021 -0.36872047185897827 7
1663193950254 -0.3406341075897217 8
1663193950489 -0.30016812682151794 9
1663193950724 -0.25547534227371216 10
1663193950958 -0.2175036519765854 11
1663193951207 -0.1852787435054779 12
1663193951453 -0.16212715208530426 13
1663193951696 -0.15082725882530212 14
1663193951941 -0.15300756692886353 15
1663193952188 -0.16713856160640717 16
1663193952431 -0.19006191194057465 17
1663193952676 -0.21844516694545746 18
1663193952917 -0.24738536775112152 19
1663193953160 -0.27296584844589233 20
1663193953403 -0.29153722524642944 21
1663193953655 -0.3003823459148407 22
1663193953901 -0.2989170551300049 23
1663193954146 -0.2883947491645813 24
1663193954388 -0.27087169885635376 25
1663193954636 -0.2496093362569809 26
1663193954893 -0.22921201586723328 27
1663193955144 -0.21290677785873413 28
1663193955396 -0.20168612897396088 29
1663193955645 -0.19676831364631653 30
1663193955895 -0.19791702926158905 31
1663193956145 -0.20495213568210602 32
1663193956392 -0.21624235808849335 33
1663193956640 -0.23145408928394318 34
1663193956890 -0.245060995221138 35
1663193957137 -0.25727373361587524 36
1663193957383 -0.2627834975719452 37
1663193957629 -0.2613969147205353 38
1663193957871 -0.2541922628879547 39
1663193958117 -0.24360406398773193 40
1663193958363 -0.22976063191890717 41
1663193958609 -0.21776756644248962 42
1663193958850 -0.20990847051143646 43
1663193959093 -0.20745500922203064 44
1663193959347 -0.2104940563440323 45
1663193959593 -0.21730941534042358 46
1663193959836 -0.22517625987529755 47
1663193960085 -0.2337680459022522 48
1663193960332 -0.2425171434879303 49
1663193960579 -0.24983005225658417 50
1663193960824 -0.2551354467868805 51
1663193961069 -0.25720882415771484 52
1663193961314 -0.25543642044067383 53
1663193961559 -0.2503379285335541 54
1663193961804 -0.24281857907772064 55
1663193962047 -0.23496544361114502 56
1663193962289 -0.22785718739032745 57
1663193962533 -0.22361178696155548 58
1663193962778 -0.22225722670555115 59
1663193963026 -0.22369207441806793 60
1663193963279 -0.22814269363880157 61
1663193963523 -0.23424594104290009 62
1663193963772 -0.24043384194374084 63
1663193964019 -0.24514731764793396 64
1663193964275 -0.24787399172782898 65
1663193964527 -0.2482796311378479 66
1663193964782 -0.24677281081676483 67
1663193965034 -0.24396389722824097 68
