1663193948261 0.005350038874894381 0
1663193948529 0.005555367562919855 1
1663193948815 0.006137021817266941 2
1663193949089 0.0067122932523489 3
1663193949331 0.006416771095246077 4
1663193949569 0.006092277821153402 5
1663193949802 0.005939843133091927 6
1663193950033 0.005637920927256346 7
1663193950266 0.005070480518043041 8
1663193950501 0.004796173423528671 9
1663193950736 0.004211911000311375 10
1663193950970 0.004260295070707798 11
1663193951219 0.004415150266140699 12
1663193951466 0.004659159574657679 13
1663193951708 0.004561367444694042 14
1663193951953 0.00463899364694953 15
1663193952200 0.004635104909539223 16
1663193952443 0.004753665998578072 17
1663193952687 0.0047936649061739445 18
1663193952929 0.004903560038655996 19
1663193953172 0.005028613843023777 20
1663193953415 0.0050721121951937675 21
1663193953667 0.004946421831846237 22
1663193953912 0.004997461102902889 23
1663193954158 0.00511105265468359 24
1663193954400 0.005188756622374058 25
1663193954648 0.005018924362957478 26
1663193954904 0.004764743149280548 27
1663193955156 0.0047653005458414555 28
1663193955408 0.004660566337406635 29
1663193955657 0.004806086886674166 30
1663193955907 0.005231655668467283 31
1663193956157 0.005323200020939112 32
1663193956403 0.006220156792551279 33
1663193956653 0.005975951906293631 34
1663193956902 0.007157995365560055 35
1663193957149 0.007061001379042864 36
1663193957395 0.0064643737860023975 37
1663193957640 0.006792915984988213 38
1663193957883 0.006443037651479244 39
1663193958129 0.007181128021329641 40
1663193958375 0.0069177597761154175 41
1663193958621 0.0069413743913173676 42
1663193958862 0.007123490329831839 43
1663193959105 0.006757044233381748 44
1663193959359 0.006211936939507723 45
1663193959605 0.004865147173404694 46
1663193959848 0.0046473899856209755 47
1663193960097 0.004856008570641279 48
1663193960344 0.004911157768219709 49
1663193960591 0.005454659461975098 50
1663193960836 0.006122902501374483 51
1663193961081 0.005958717782050371 52
1663193961326 0.006085251457989216 53
1663193961571 0.006430986803025007 54
1663193961815 0.006335140205919743 55
1663193962059 0.006695349235087633 56
1663193962300 0.006123213563114405 57
1663193962545 0.00624251551926136 58
1663193962790 0.005943021271377802 59
1663193963038 0.007020742166787386 60
1663193963291 0.007138989400118589 61
1663193963535 0.007083595264703035 62
1663193963784 0.006742948200553656 63
1663193964031 0.0065925465896725655 64
1663193964286 0.006054804194718599 65
1663193964539 0.005844868253916502 66
1663193964793 0.005536386277526617 67
1663193965046 0.005024148151278496 68
