1663193948262 0.0 0
1663193948531 1.2109047174453735 1
1663193948816 3.39811372756958 2
1663193949090 6.336113452911377 3
1663193949332 9.471536636352539 4
1663193949570 11.798242568969727 5
1663193949803 13.008959770202637 6
1663193950034 13.097625732421875 7
1663193950267 12.234142303466797 8
1663193950502 10.821866035461426 9
1663193950737 9.1480131149292 10
1663193950971 7.622441291809082 11
1663193951220 6.223691463470459 12
1663193951467 5.094019412994385 13
1663193951709 4.3636698722839355 14
1663193951954 4.155447006225586 15
1663193952201 4.436509609222412 16
1663193952444 5.121410846710205 17
1663193952689 6.099133014678955 18
1663193952930 7.194344997406006 19
1663193953173 8.254151344299316 20
1663193953416 9.125255584716797 21
1663193953668 9.675506591796875 22
1663193953913 9.842239379882812 23
1663193954159 9.649362564086914 24
1663193954401 9.14908504486084 25
1663193954649 8.442215919494629 26
1663193954906 7.691687107086182 27
1663193955157 7.029380798339844 28
1663193955409 6.50687837600708 29
1663193955658 6.19204044342041 30
1663193955908 6.094841480255127 31
1663193956159 6.227141380310059 32
1663193956405 6.5586748123168945 33
1663193956654 7.091311454772949 34
1663193956903 7.63313102722168 35
1663193957150 8.19825553894043 36
1663193957396 8.561556816101074 37
1663193957642 8.663703918457031 38
1663193957884 8.532273292541504 39
1663193958130 8.229177474975586 40
1663193958376 7.777688503265381 41
1663193958622 7.33789587020874 42
1663193958863 6.983799457550049 43
1663193959106 6.776632308959961 44
1663193959360 6.755462169647217 45
1663193959606 6.885011196136475 46
1663193959849 7.072581768035889 47
1663193960098 7.299635887145996 48
1663193960346 7.548832893371582 49
1663193960592 7.775021076202393 50
1663193960837 7.96339750289917 51
1663193961083 8.076765060424805 52
1663193961327 8.080915451049805 53
1663193961572 7.986814975738525 54
1663193961816 7.812005996704102 55
1663193962060 7.60621976852417 56
1663193962302 7.3981404304504395 57
1663193962546 7.253790855407715 58
1663193962791 7.175816535949707 59
1663193963039 7.174753665924072 60
1663193963292 7.251577377319336 61
1663193963536 7.384701728820801 62
1663193963785 7.53762674331665 63
1663193964032 7.670089244842529 64
1663193964288 7.761857986450195 65
1663193964540 7.798258304595947 66
1663193964794 7.785409450531006 67
1663193965047 7.73445987701416 68
