1663193948263 0.0 0
1663193948532 -0.03646794334053993 1
1663193948817 -0.10188828408718109 2
1663193949091 -0.18811501562595367 3
1663193949333 -0.27720195055007935 4
1663193949571 -0.3407352864742279 5
1663193949804 -0.3709847033023834 6
1663193950035 -0.36872047185897827 7
1663193950268 -0.3406341075897217 8
1663193950503 -0.30016812682151794 9
1663193950738 -0.25547534227371216 10
1663193950972 -0.2175036519765854 11
1663193951221 -0.1852787435054779 12
1663193951468 -0.1562318652868271 13
1663193951710 -0.1358674317598343 14
1663193951955 -0.12827594578266144 15
1663193952202 -0.1364109367132187 16
1663193952445 -0.15767163038253784 17
1663193952690 -0.18856339156627655 18
1663193952931 -0.22349701821804047 19
1663193953174 -0.25679776072502136 20
1663193953417 -0.28403887152671814 21
1663193953669 -0.3003823459148407 22
1663193953915 -0.2989170551300049 23
1663193954160 -0.2883947491645813 24
1663193954402 -0.27087169885635376 25
1663193954650 -0.2496093362569809 26
1663193954907 -0.22921201586723328 27
1663193955158 -0.21159949898719788 28
1663193955410 -0.19394460320472717 29
1663193955659 -0.18383342027664185 30
1663193955909 -0.18171736598014832 31
1663193956160 -0.18810509145259857 32
1663193956406 -0.1985311061143875 33
1663193956655 -0.20825770497322083 34
1663193956904 -0.21796074509620667 35
1663193957151 -0.224248468875885 36
1663193957397 -0.22440950572490692 37
1663193957643 -0.22090892493724823 38
1663193957885 -0.21395660936832428 39
1663193958131 -0.20682735741138458 40
1663193958377 -0.1988477259874344 41
1663193958623 -0.19354164600372314 42
1663193958864 -0.1911589652299881 43
1663193959107 -0.19123849272727966 44
1663193959361 -0.1949792057275772 45
1663193959607 -0.20175619423389435 46
1663193959850 -0.2115429937839508 47
1663193960099 -0.22340956330299377 48
1663193960347 -0.2329220026731491 49
1663193960593 -0.240095317363739 50
1663193960838 -0.2462989091873169 51
1663193961084 -0.24933499097824097 52
1663193961328 -0.248429536819458 53
1663193961573 -0.24243786931037903 54
1663193961818 -0.2268098145723343 55
1663193962061 -0.2098180055618286 56
1663193962303 -0.19247616827487946 57
1663193962547 -0.18141542375087738 58
1663193962792 -0.17607992887496948 59
1663193963040 -0.17757132649421692 60
1663193963293 -0.18210405111312866 61
1663193963537 -0.18799395859241486 62
1663193963786 -0.19371192157268524 63
1663193964033 -0.1991112232208252 64
1663193964289 -0.2037339210510254 65
1663193964541 -0.2081240862607956 66
1663193964796 -0.21201185882091522 67
1663193965048 -0.21551524102687836 68
