1663193948258 6.434728622436523 0
1663193948527 6.790286540985107 1
1663193948813 7.404696464538574 2
1663193949087 8.039472579956055 3
1663193949329 7.742291450500488 4
1663193949567 7.429474830627441 5
1663193949800 7.27301549911499 6
1663193950031 6.895158290863037 7
1663193950264 6.1717095375061035 8
1663193950499 6.01629114151001 9
1663193950734 5.079817295074463 10
1663193950968 5.146289825439453 11
1663193951216 4.938032150268555 12
1663193951463 5.807282447814941 13
1663193951706 5.6272292137146 14
1663193951951 5.262014389038086 15
1663193952198 5.193941116333008 16
1663193952441 5.5683770179748535 17
1663193952685 5.634649753570557 18
1663193952927 5.915952682495117 19
1663193953170 6.241550922393799 20
1663193953413 6.324335098266602 21
1663193953665 6.056965351104736 22
1663193953910 6.765791893005371 23
1663193954156 7.004883766174316 24
1663193954398 7.25150728225708 25
1663193954645 6.965274810791016 26
1663193954902 6.220069885253906 27
1663193955154 6.264615535736084 28
1663193955406 5.837314605712891 29
1663193955655 6.007441997528076 30
1663193955905 6.84194278717041 31
1663193956155 6.916955947875977 32
1663193956401 8.021087646484375 33
1663193956651 7.643769264221191 34
1663193956899 9.040290832519531 35
1663193957147 8.817922592163086 36
1663193957393 8.080033302307129 37
1663193957638 8.407832145690918 38
1663193957881 7.930415153503418 39
1663193958127 8.890474319458008 40
1663193958372 8.595698356628418 41
1663193958618 8.69157600402832 42
1663193958859 8.950460433959961 43
1663193959102 8.595917701721191 44
1663193959357 7.86652946472168 45
1663193959603 6.619484901428223 46
1663193959846 6.016019344329834 47
1663193960095 6.167637825012207 48
1663193960342 6.139133930206299 49
1663193960589 7.229580879211426 50
1663193960834 8.20546817779541 51
1663193961079 7.88129186630249 52
1663193961324 7.911653518676758 53
1663193961569 8.320476531982422 54
1663193961813 8.097322463989258 55
1663193962057 8.611324310302734 56
1663193962298 7.836952209472656 57
1663193962543 8.037506103515625 58
1663193962787 7.627714157104492 59
1663193963035 8.572877883911133 60
1663193963289 8.68332290649414 61
1663193963533 8.587797164916992 62
1663193963782 8.35891342163086 63
1663193964029 8.300405502319336 64
1663193964284 7.896224021911621 65
1663193964537 7.676908016204834 66
1663193964791 7.3909711837768555 67
1663193965044 6.818305969238281 68
