1663193948251 6.434728622436523 0
1663193948520 6.790286540985107 1
1663193948806 7.404696464538574 2
1663193949080 8.039472579956055 3
1663193949322 7.742291450500488 4
1663193949560 7.429474830627441 5
1663193949794 7.27301549911499 6
1663193950025 6.895158290863037 7
1663193950258 6.118885040283203 8
1663193950492 5.531460762023926 9
1663193950728 3.901618003845215 10
1663193950961 3.632443904876709 11
1663193951210 2.9119913578033447 12
1663193951457 2.3020451068878174 13
1663193951700 1.7099978923797607 14
1663193951944 0.9554997682571411 15
1663193952191 0.6052890419960022 16
1663193952434 0.8304745554924011 17
1663193952679 0.8794450163841248 18
1663193952921 0.8110864162445068 19
1663193953163 0.8644577860832214 20
1663193953406 0.9265408515930176 21
1663193953658 0.8138527870178223 22
1663193953904 1.775633692741394 23
1663193954150 1.7897121906280518 24
1663193954391 2.3628361225128174 25
1663193954639 3.370849132537842 26
1663193954896 3.775628089904785 27
1663193955147 4.294789791107178 28
1663193955399 4.409470558166504 29
1663193955648 5.063873767852783 30
1663193955899 5.619670867919922 31
1663193956148 5.734116077423096 32
1663193956395 6.456140995025635 33
1663193956644 6.2223405838012695 34
1663193956893 7.0957841873168945 35
1663193957140 7.087821006774902 36
1663193957386 6.486156463623047 37
1663193957632 6.635851860046387 38
1663193957874 6.501288890838623 39
1663193958121 7.629955768585205 40
1663193958366 7.298501014709473 41
1663193958612 7.002102851867676 42
1663193958853 7.123218059539795 43
1663193959096 6.975959300994873 44
1663193959350 6.34501314163208 45
1663193959596 3.4244561195373535 46
1663193959840 3.5410516262054443 47
1663193960089 3.853397846221924 48
1663193960336 4.216479301452637 49
1663193960583 5.2646074295043945 50
1663193960827 5.816967487335205 51
1663193961073 5.643589973449707 52
1663193961317 5.772930145263672 53
1663193961563 5.780272006988525 54
1663193961807 5.394033432006836 55
1663193962050 5.543639659881592 56
1663193962292 5.085710048675537 57
1663193962536 4.770803928375244 58
1663193962781 4.8401899337768555 59
1663193963029 4.666666507720947 60
1663193963282 4.8718767166137695 61
1663193963526 4.824708461761475 62
1663193963775 4.98838996887207 63
1663193964023 4.622044563293457 64
1663193964278 4.708907127380371 65
1663193964531 4.508012771606445 66
1663193964785 4.384537220001221 67
1663193965038 4.07774019241333 68
