1663193948249 0.1656240075826645 0
1663193948518 0.19870279729366302 1
1663193948804 0.29032936692237854 2
1663193949078 0.37046685814857483 3
1663193949320 0.3407520055770874 4
1663193949558 0.31648707389831543 5
1663193949792 0.30099397897720337 6
1663193950022 0.24154208600521088 7
1663193950256 0.12835410237312317 8
1663193950490 0.07666696608066559 9
1663193950725 0.018393827602267265 10
1663193950959 0.012913553975522518 11
1663193951208 0.004851864650845528 12
1663193951455 0.0018207645043730736 13
1663193951697 0.0010646864539012313 14
1663193951942 0.0004593222984112799 15
1663193952189 0.00034393343958072364 16
1663193952432 0.00035636703250929713 17
1663193952677 0.0003584290388971567 18
1663193952919 0.00027031218633055687 19
1663193953161 0.00023732220870442688 20
1663193953404 0.00024200328334700316 21
1663193953656 0.0002591892844066024 22
1663193953902 0.0006755006616003811 23
1663193954148 0.0005622929311357439 24
1663193954389 0.0008127451874315739 25
1663193954637 0.0028453075792640448 26
1663193954894 0.0064811743795871735 27
1663193955145 0.011120365932583809 28
1663193955397 0.01561713870614767 29
1663193955646 0.030763383954763412 30
1663193955896 0.04583995044231415 31
1663193956146 0.052057214081287384 32
1663193956393 0.06804291158914566 33
1663193956642 0.0678539052605629 34
1663193956891 0.06854705512523651 35
1663193957138 0.0817699059844017 36
1663193957384 0.07374924421310425 37
1663193957630 0.06582856178283691 38
1663193957872 0.07864516228437424 39
1663193958118 0.1107756495475769 40
1663193958364 0.09730706363916397 41
1663193958610 0.07128816843032837 42
1663193958851 0.07046123594045639 43
1663193959094 0.06977482885122299 44
1663193959348 0.06318549811840057 45
1663193959594 0.0042839618399739265 46
1663193959838 0.00624837726354599 47
1663193960086 0.006720646284520626 48
1663193960334 0.010971609503030777 49
1663193960581 0.01782345212996006 50
1663193960825 0.021469425410032272 51
1663193961071 0.021317947655916214 52
1663193961315 0.028431197628378868 53
1663193961560 0.025501858443021774 54
1663193961805 0.022598538547754288 55
1663193962048 0.018904242664575577 56
1663193962290 0.02060714364051819 57
1663193962534 0.0134412357583642 58
1663193962779 0.019287338480353355 59
1663193963027 0.010896428488194942 60
1663193963280 0.012360158376395702 61
1663193963524 0.01300202775746584 62
1663193963773 0.01674141176044941 63
1663193964021 0.011612706817686558 64
1663193964276 0.01479802094399929 65
1663193964528 0.014334678649902344 66
1663193964783 0.014269186183810234 67
1663193965036 0.011824977584183216 68
