1663193948259 0.4649960696697235 0
1663193948528 0.44446325302124023 1
1663193948814 0.3862977921962738 2
1663193949088 0.3287706673145294 3
1663193949330 0.3583228588104248 4
1663193949568 0.3907722234725952 5
1663193949801 0.40601569414138794 6
1663193950032 0.4362078905105591 7
1663193950265 0.4929519295692444 8
1663193950500 0.5203826427459717 9
1663193950735 0.5788089036941528 10
1663193950969 0.5739704966545105 11
1663193951217 0.5584849715232849 12
1663193951464 0.5340840220451355 13
1663193951707 0.5438632369041443 14
1663193951952 0.5361006259918213 15
1663193952199 0.5364894866943359 16
1663193952442 0.5246334075927734 17
1663193952686 0.5206335186958313 18
1663193952928 0.5096439719200134 19
1663193953171 0.4971386194229126 20
1663193953414 0.49278876185417175 21
1663193953666 0.5053578019142151 22
1663193953911 0.5002538561820984 23
1663193954157 0.4888947010040283 24
1663193954399 0.4811243414878845 25
1663193954647 0.49810755252838135 26
1663193954903 0.5235256552696228 27
1663193955155 0.5234699249267578 28
1663193955407 0.5339433550834656 29
1663193955656 0.5193912982940674 30
1663193955906 0.47683438658714294 31
1663193956156 0.4676799774169922 32
1663193956402 0.37798431515693665 33
1663193956652 0.40240478515625 34
1663193956900 0.28420042991638184 35
1663193957148 0.2938998341560364 36
1663193957394 0.353562593460083 37
1663193957639 0.32070836424827576 38
1663193957882 0.3556962311267853 39
1663193958128 0.2818871736526489 40
1663193958373 0.30822402238845825 41
1663193958620 0.30586254596710205 42
1663193958860 0.2876509130001068 43
1663193959103 0.3242955803871155 44
1663193959358 0.37880629301071167 45
1663193959604 0.5134852528572083 46
1663193959847 0.5352609753608704 47
1663193960096 0.5143991112709045 48
1663193960343 0.5088841915130615 49
1663193960590 0.4545340836048126 50
1663193960835 0.38770970702171326 51
1663193961080 0.40412816405296326 52
1663193961325 0.3914748728275299 53
1663193961570 0.3569013178348541 54
1663193961814 0.36648592352867126 55
1663193962058 0.3304651081562042 56
1663193962299 0.3876786231994629 57
1663193962544 0.3757484555244446 58
1663193962788 0.40569788217544556 59
1663193963037 0.29792577028274536 60
1663193963290 0.2861010432243347 61
1663193963534 0.2916404604911804 62
1663193963783 0.3257051706314087 63
1663193964030 0.34074530005455017 64
1663193964285 0.39451953768730164 65
1663193964538 0.41551315784454346 66
1663193964792 0.44636136293411255 67
1663193965045 0.49758514761924744 68
