1663193948252 0.1656240075826645 0
1663193948521 0.1622348576784134 1
1663193948807 0.18844108283519745 2
1663193949081 0.18235184252262115 3
1663193949323 0.06355005502700806 4
1663193949561 -0.024248212575912476 5
1663193949795 -0.06999072432518005 6
1663193950026 -0.1271783858537674 7
1663193950259 -0.2122800052165985 8
1663193950493 -0.22350116074085236 9
1663193950729 -0.23708151280879974 10
1663193950962 -0.2045900970697403 11
1663193951211 -0.18042688071727753 12
1663193951458 -0.1603063941001892 13
1663193951701 -0.1497625708580017 14
1663193951945 -0.15254823863506317 15
1663193952192 -0.16679462790489197 16
1663193952435 -0.18970555067062378 17
1663193952680 -0.21808673441410065 18
1663193952922 -0.24711506068706512 19
1663193953164 -0.2727285325527191 20
1663193953407 -0.29129523038864136 21
1663193953659 -0.3001231551170349 22
1663193953905 -0.2982415556907654 23
1663193954151 -0.28783246874809265 24
1663193954392 -0.2700589597225189 25
1663193954640 -0.24676403403282166 26
1663193954897 -0.2227308452129364 27
1663193955149 -0.20178641378879547 28
1663193955400 -0.18606899678707123 29
1663193955650 -0.16600492596626282 30
1663193955900 -0.1520770788192749 31
1663193956149 -0.15289491415023804 32
1663193956396 -0.1481994390487671 33
1663193956645 -0.16360017657279968 34
1663193956894 -0.1765139400959015 35
1663193957142 -0.17550382018089294 36
1663193957387 -0.18903425335884094 37
1663193957633 -0.19556835293769836 38
1663193957875 -0.17554709315299988 39
1663193958122 -0.13282841444015503 40
1663193958367 -0.1324535608291626 41
1663193958613 -0.14647939801216125 42
1663193958854 -0.13944724202156067 43
1663193959097 -0.13768017292022705 44
1663193959351 -0.1473085582256317 45
1663193959598 -0.21302545070648193 46
1663193959841 -0.21892789006233215 47
1663193960090 -0.227047398686409 48
1663193960337 -0.23154553771018982 49
1663193960584 -0.23200659453868866 50
1663193960828 -0.23366601765155792 51
1663193961074 -0.23589088022708893 52
1663193961318 -0.2270052284002304 53
1663193961564 -0.224836066365242 54
1663193961808 -0.22022004425525665 55
1663193962051 -0.21606120467185974 56
1663193962293 -0.20725004374980927 57
1663193962537 -0.21017055213451385 58
1663193962782 -0.20296989381313324 59
1663193963030 -0.21279564499855042 60
1663193963283 -0.2157825380563736 61
1663193963527 -0.22124391794204712 62
1663193963776 -0.22369243204593658 63
1663193964024 -0.23353460431098938 64
1663193964279 -0.23307597637176514 65
1663193964532 -0.23394495248794556 66
1663193964786 -0.23250362277030945 67
1663193965039 -0.23213891685009003 68
