1663193948256 0.0011789145646616817 0
1663193948525 0.001220781821757555 1
1663193948811 0.0013429047539830208 2
1663193949085 0.001464646658860147 3
1663193949327 0.0014361622743308544 4
1663193949564 0.0014158933190628886 5
1663193949798 0.0014053789200261235 6
1663193950029 0.0013310107169672847 7
1663193950262 0.0011895339703187346 8
1663193950496 0.0011524639558047056 9
1663193950732 0.0010777083225548267 10
1663193950965 0.0010731946676969528 11
1663193951214 0.0010459799086675048 12
1663193951461 0.0010627779411152005 13
1663193951704 0.0010561504168435931 14
1663193951948 0.0010353961260989308 15
1663193952195 0.0010360432788729668 16
1663193952439 0.0010436699958518147 17
1663193952683 0.001045135548338294 18
1663193952925 0.0010485874954611063 19
1663193953167 0.0010560833616182208 20
1663193953411 0.0010586355347186327 21
1663193953663 0.0010542706586420536 22
1663193953908 0.0011040811659768224 23
1663193954154 0.001109852222725749 24
1663193954396 0.0011169319041073322 25
1663193954643 0.0011149276979267597 26
1663193954900 0.0010860080365091562 27
1663193955152 0.0010935243917629123 28
1663193955404 0.0010788885410875082 29
1663193955653 0.0010824924102053046 30
1663193955903 0.001170047908090055 31
1663193956153 0.0011900423560291529 32
1663193956399 0.0013954445021227002 33
1663193956648 0.001344542484730482 34
1663193956897 0.001651061000302434 35
1663193957145 0.0016407095827162266 36
1663193957391 0.001504217041656375 37
1663193957636 0.0015514108818024397 38
1663193957879 0.0014668236253783107 39
1663193958125 0.0015573608689010143 40
1663193958370 0.0014948638854548335 41
1663193958616 0.0015273287426680326 42
1663193958857 0.0015945339109748602 43
1663193959100 0.00145429908297956 44
1663193959355 0.0013592279283329844 45
1663193959601 0.0011155576212331653 46
1663193959844 0.0010822034673765302 47
1663193960093 0.0010754924733191729 48
1663193960340 0.0010794844711199403 49
1663193960587 0.00113269267603755 50
1663193960832 0.0012575954897329211 51
1663193961077 0.0012175716692581773 52
1663193961322 0.0012752024922519922 53
1663193961567 0.0013944158563390374 54
1663193961811 0.0014283410273492336 55
1663193962054 0.0015463271411135793 56
1663193962296 0.0014378329506143928 57
1663193962541 0.0014908676967024803 58
1663193962785 0.0014376260805875063 59
1663193963033 0.0018035473767668009 60
1663193963287 0.0018309783190488815 61
1663193963530 0.0018302304670214653 62
1663193963780 0.0016998538048937917 63
1663193964027 0.0016519050113856792 64
1663193964282 0.0014904476702213287 65
1663193964535 0.001459781196899712 66
1663193964789 0.0013792990939691663 67
1663193965042 0.0012352550402283669 68
