1663193948257 0.1656240075826645 0
1663193948526 0.1622348576784134 1
1663193948812 0.18844108283519745 2
1663193949086 0.18235184252262115 3
1663193949328 0.06355005502700806 4
1663193949565 -0.024248212575912476 5
1663193949799 -0.06999072432518005 6
1663193950030 -0.1271783858537674 7
1663193950263 -0.2122800052165985 8
1663193950497 -0.19929029047489166 9
1663193950733 -0.21343952417373657 10
1663193950967 -0.16939550638198853 11
1663193951215 -0.1508510261774063 12
1663193951462 -0.09919522702693939 13
1663193951705 -0.08235512673854828 14
1663193951949 -0.09561552107334137 15
1663193952197 -0.10387715697288513 16
1663193952440 -0.11820030212402344 17
1663193952684 -0.1477155089378357 18
1663193952926 -0.17905256152153015 19
1663193953168 -0.20544303953647614 20
1663193953412 -0.23057585954666138 21
1663193953664 -0.25210902094841003 22
1663193953909 -0.2112143188714981 23
1663193954155 -0.1999002993106842 24
1663193954397 -0.17772018909454346 25
1663193954644 -0.15716403722763062 26
1663193954901 -0.1597142517566681 27
1663193955153 -0.13187284767627716 28
1663193955405 -0.1288258135318756 29
1663193955654 -0.11553322523832321 30
1663193955904 -0.03467138111591339 31
1663193956154 -0.02190782129764557 32
1663193956400 0.12687866389751434 33
1663193956649 0.07286339998245239 34
1663193956898 0.26119568943977356 35
1663193957146 0.2370341420173645 36
1663193957392 0.1386430710554123 37
1663193957637 0.16632698476314545 38
1663193957880 0.11439086496829987 39
1663193958126 0.18390603363513947 40
1663193958371 0.15720145404338837 41
1663193958617 0.19259971380233765 42
1663193958858 0.24687878787517548 43
1663193959101 0.1613253653049469 44
1663193959356 0.09435753524303436 45
1663193959602 -0.10735712200403214 46
1663193959845 -0.14364773035049438 47
1663193960094 -0.15704716742038727 48
1663193960341 -0.16122111678123474 49
1663193960588 -0.12025277316570282 50
1663193960833 -0.021580636501312256 51
1663193961078 -0.05751688778400421 52
1663193961323 -0.011390790343284607 53
1663193961568 0.08098345994949341 54
1663193961812 0.1105581670999527 55
1663193962056 0.19647353887557983 56
1663193962297 0.1302744597196579 57
1663193962542 0.17107711732387543 58
1663193962786 0.13716113567352295 59
1663193963034 0.36409297585487366 60
1663193963288 0.3767701983451843 61
1663193963531 0.37215012311935425 62
1663193963781 0.29335856437683105 63
1663193964028 0.26053673028945923 64
1663193964283 0.15472367405891418 65
1663193964536 0.13277174532413483 66
1663193964790 0.07644234597682953 67
1663193965043 -0.03227834403514862 68
