1663193948253 0.03162381052970886 0
1663193948523 0.03162403032183647 1
1663193948808 0.031625181436538696 2
1663193949083 0.03162688389420509 3
1663193949324 0.03162635490298271 4
1663193949562 0.03162598982453346 5
1663193949796 0.031625859439373016 6
1663193950027 0.03162514790892601 7
1663193950260 0.03162391483783722 8
1663193950494 0.031623516231775284 9
1663193950730 0.0316229946911335 10
1663193950963 0.03162296488881111 11
1663193951212 0.03162292018532753 12
1663193951459 0.03162296116352081 13
1663193951702 0.031622935086488724 14
1663193951946 0.03162294626235962 15
1663193952193 0.031622957438230515 16
1663193952436 0.031622983515262604 17
1663193952681 0.0316229946911335 18
1663193952923 0.03162301331758499 19
1663193953165 0.03162304684519768 20
1663193953409 0.03162306174635887 21
1663193953660 0.031623031944036484 22
1663193953906 0.03162312135100365 23
1663193954152 0.03162316605448723 24
1663193954394 0.031623199582099915 25
1663193954641 0.03162316977977753 26
1663193954898 0.03162306174635887 27
1663193955150 0.031623076647520065 28
1663193955402 0.031623028218746185 29
1663193955651 0.031623080372810364 30
1663193955901 0.03162343427538872 31
1663193956150 0.03162354230880737 32
1663193956397 0.03162546083331108 33
1663193956646 0.03162488341331482 34
1663193956895 0.031629711389541626 35
1663193957143 0.03162955492734909 36
1663193957389 0.03162713348865509 37
1663193957634 0.0316280759871006 38
1663193957877 0.031626734882593155 39
1663193958123 0.03162844479084015 40
1663193958368 0.031627316027879715 41
1663193958614 0.03162771090865135 42
1663193958855 0.0316288135945797 43
1663193959098 0.03162655606865883 44
1663193959353 0.03162527084350586 45
1663193959599 0.031623125076293945 46
1663193959842 0.03162300959229469 47
1663193960091 0.031623054295778275 48
1663193960338 0.03162310644984245 49
1663193960585 0.031623341143131256 50
1663193960829 0.031624291092157364 51
1663193961075 0.031623970717191696 52
1663193961319 0.03162440285086632 53
1663193961565 0.03162557631731033 54
1663193961809 0.03162596374750137 55
1663193962052 0.031627751886844635 56
1663193962294 0.031626079231500626 57
1663193962538 0.031626805663108826 58
1663193962783 0.03162601217627525 59
1663193963031 0.03163309767842293 60
1663193963284 0.03163379803299904 61
1663193963528 0.031633757054805756 62
1663193963778 0.03163062781095505 63
1663193964025 0.03162959963083267 64
1663193964280 0.03162669390439987 65
1663193964533 0.03162621334195137 66
1663193964787 0.031625159084796906 67
1663193965040 0.03162376210093498 68
