1663193948250 0.0011789145646616817 0
1663193948519 0.001220781821757555 1
1663193948805 0.0013429047539830208 2
1663193949079 0.001464646658860147 3
1663193949321 0.0014361622743308544 4
1663193949559 0.0014158933190628886 5
1663193949793 0.0014053789200261235 6
1663193950023 0.0013310107169672847 7
1663193950257 0.0011895339703187346 8
1663193950491 0.0011248969240114093 9
1663193950726 0.0010525279212743044 10
1663193950960 0.0010360809974372387 11
1663193951209 0.001015497138723731 12
1663193951456 0.0009997750166803598 13
1663193951698 0.000987304374575615 14
1663193951943 0.000978094874881208 15
1663193952190 0.0009728663717396557 16
1663193952433 0.0009716477943584323 17
1663193952678 0.0009741162648424506 18
1663193952920 0.0009795925579965115 19
1663193953162 0.000987362116575241 20
1663193953405 0.0009962684707716107 21
1663193953657 0.001004846766591072 22
1663193953903 0.0010120583465322852 23
1663193954149 0.0010164282284677029 24
1663193954390 0.0010184142738580704 25
1663193954638 0.0010193748166784644 26
1663193954895 0.001019683200865984 27
1663193955146 0.0010196835501119494 28
1663193955398 0.001018863869830966 29
1663193955647 0.0010292129591107368 30
1663193955898 0.0010404350468888879 31
1663193956147 0.0010439397301524878 32
1663193956394 0.0010598578955978155 33
1663193956643 0.0010614015627652407 34
1663193956892 0.001065781689248979 35
1663193957139 0.0010860973270609975 36
1663193957385 0.0010839321184903383 37
1663193957631 0.0010803331388160586 38
1663193957873 0.0010976387420669198 39
1663193958119 0.0011345751117914915 40
1663193958365 0.0011189380893483758 41
1663193958611 0.0010881087509915233 42
1663193958852 0.001083563780412078 43
1663193959095 0.0010784431360661983 44
1663193959349 0.0010674266377463937 45
1663193959595 0.0010036928579211235 46
1663193959839 0.0010037260362878442 47
1663193960088 0.0010027822572737932 48
1663193960335 0.001006178092211485 49
1663193960582 0.0010129266884177923 50
1663193960826 0.0010172635084018111 51
1663193961072 0.0010186563013121486 52
1663193961316 0.0010278718546032906 53
1663193961561 0.0010270144557580352 54
1663193961806 0.001026069512590766 55
1663193962049 0.0010236224625259638 56
1663193962291 0.0010259434347972274 57
1663193962535 0.0010182756232097745 58
1663193962780 0.0010231254855170846 59
1663193963028 0.0010129499714821577 60
1663193963281 0.0010123735992237926 61
1663193963525 0.0010111090959981084 62
1663193963774 0.001013582688756287 63
1663193964022 0.0010078888153657317 64
1663193964277 0.0010113406460732222 65
1663193964530 0.0010116370394825935 66
1663193964784 0.001012709573842585 67
1663193965037 0.0010114823235198855 68
