1663193948254 0.2400047332048416 0
1663193948524 1.2073522806167603 1
1663193948809 3.383833885192871 2
1663193949084 6.3189849853515625 3
1663193949325 9.448491096496582 4
1663193949563 11.772854804992676 5
1663193949797 12.982762336730957 6
1663193950028 13.070354461669922 7
1663193950261 12.204940795898438 8
1663193950495 10.792073249816895 9
1663193950731 9.11702823638916 10
1663193950964 7.591516017913818 11
1663193951213 6.192778587341309 12
1663193951460 5.063488483428955 13
1663193951703 4.333158016204834 14
1663193951947 4.125010013580322 15
1663193952194 4.406060695648193 16
1663193952438 5.0909647941589355 17
1663193952682 6.068588733673096 18
1663193952924 7.163693904876709 19
1663193953166 8.22352123260498 20
1663193953410 9.094590187072754 21
1663193953661 9.644680976867676 22
1663193953907 9.811656951904297 23
1663193954153 9.618915557861328 24
1663193954395 9.118810653686523 25
1663193954642 8.411938667297363 26
1663193954899 7.661161422729492 27
1663193955151 6.999011993408203 28
1663193955403 6.476412296295166 29
1663193955652 6.161900520324707 30
1663193955902 6.066234111785889 31
1663193956151 6.198911190032959 32
1663193956398 6.536502361297607 33
1663193956647 7.066864490509033 34
1663193956896 7.618916034698486 35
1663193957144 8.182587623596191 36
1663193957390 8.540735244750977 37
1663193957635 8.644698143005371 38
1663193957878 8.510828971862793 39
1663193958124 8.211915969848633 40
1663193958369 7.7588090896606445 41
1663193958615 7.320547580718994 42
1663193958856 6.969624042510986 43
1663193959099 6.757571220397949 44
1663193959354 6.732751369476318 45
1663193959600 6.854856014251709 46
1663193959843 7.041927814483643 47
1663193960092 7.269153118133545 48
1663193960339 7.5185112953186035 49
1663193960586 7.745523929595947 50
1663193960831 7.936771392822266 51
1663193961076 8.049162864685059 52
1663193961321 8.054497718811035 53
1663193961566 7.9634175300598145 54
1663193961810 7.789619445800781 55
1663193962053 7.588073253631592 56
1663193962295 7.376430511474609 57
1663193962539 7.233948707580566 58
1663193962784 7.154087543487549 59
1663193963032 7.167736053466797 60
1663193963285 7.245548248291016 61
1663193963529 7.378087043762207 62
1663193963779 7.525040149688721 63
1663193964026 7.655231475830078 64
1663193964281 7.740880966186523 65
1663193964534 7.7761359214782715 66
1663193964788 7.760775566101074 67
1663193965041 7.7061238288879395 68
