1663192058366 0.0 0
1663192058952 -0.029316702857613564 1
1663192059437 -0.07870593667030334 2
1663192059923 -0.1484001725912094 3
1663192060415 -0.2245408445596695 4
1663192060903 -0.2950844168663025 5
1663192061389 -0.34715721011161804 6
1663192061885 -0.3791236877441406 7
1663192062378 -0.3877403438091278 8
1663192062877 -0.3725433945655823 9
1663192063372 -0.34224817156791687 10
1663192063884 -0.30058833956718445 11
1663192064458 -0.2540223002433777 12
1663192064965 -0.21001309156417847 13
1663192065473 -0.1704198718070984 14
1663192065983 -0.1450595110654831 15
1663192066490 -0.1356409639120102 16
1663192066995 -0.14360588788986206 17
1663192067499 -0.16651634871959686 18
1663192068005 -0.19938446581363678 19
1663192068506 -0.23630790412425995 20
1663192069007 -0.27027955651283264 21
1663192069517 -0.2965488135814667 22
1663192070022 -0.3094773292541504 23
1663192070532 -0.30902382731437683 24
1663192071041 -0.29701417684555054 25
1663192071551 -0.2765507698059082 26
1663192072057 -0.2537214457988739 27
1663192072624 -0.23157422244548798 28
1663192073131 -0.2125924974679947 29
1663192073706 -0.1997760534286499 30
1663192074267 -0.19330771267414093 31
1663192074779 -0.19338549673557281 32
1663192075289 -0.19962505996227264 33
1663192075788 -0.21098650991916656 34
1663192076289 -0.2247631549835205 35
1663192076789 -0.23925651609897614 36
1663192077298 -0.2512710392475128 37
1663192077794 -0.25836464762687683 38
1663192078293 -0.2601918578147888 39
1663192078803 -0.25619271397590637 40
1663192079318 -0.24704137444496155 41
1663192079824 -0.23579546809196472 42
1663192080324 -0.22533631324768066 43
1663192080825 -0.2180614173412323 44
1663192081326 -0.21498288214206696 45
1663192081828 -0.2159515768289566 46
1663192082331 -0.21985693275928497 47
1663192082842 -0.2258525937795639 48
1663192083338 -0.2329450398683548 49
1663192083837 -0.23992154002189636 50
1663192084340 -0.2461392879486084 51
1663192084838 -0.2507004141807556 52
1663192085340 -0.2527448236942291 53
1663192085847 -0.2518617808818817 54
1663192086353 -0.24834904074668884 55
1663192086855 -0.24296028912067413 56
1663192087364 -0.23679125308990479 57
1663192087871 -0.23075155913829803 58
1663192088378 -0.22671526670455933 59
1663192088883 -0.22506457567214966 60
1663192089387 -0.22603723406791687 61
1663192089893 -0.22952623665332794 62
1663192090393 -0.23444782197475433 63
1663192090896 -0.23931489884853363 64
1663192091397 -0.24355448782444 65
1663192091899 -0.24629953503608704 66
1663192092406 -0.24702410399913788 67
1663192092912 -0.24586695432662964 68
