1663192058380 0.0 0
1663192058964 -0.029316702857613564 1
1663192059449 -0.07870593667030334 2
1663192059934 -0.1484001725912094 3
1663192060427 -0.2245408445596695 4
1663192060914 -0.2950844168663025 5
1663192061401 -0.34715721011161804 6
1663192061897 -0.3791236877441406 7
1663192062390 -0.3877403438091278 8
1663192062889 -0.3725433945655823 9
1663192063384 -0.34224817156791687 10
1663192063896 -0.2987738847732544 11
1663192064470 -0.24980582296848297 12
1663192064977 -0.20386295020580292 13
1663192065485 -0.1629340499639511 14
1663192065995 -0.13623620569705963 15
1663192066502 -0.12233152240514755 16
1663192067007 -0.12795963883399963 17
1663192067511 -0.15075132250785828 18
1663192068017 -0.1848929226398468 19
1663192068518 -0.22347895801067352 20
1663192069019 -0.25970137119293213 21
1663192069529 -0.28810009360313416 22
1663192070034 -0.3028014898300171 23
1663192070544 -0.304838627576828 24
1663192071053 -0.2955433130264282 25
1663192071562 -0.2731357216835022 26
1663192072069 -0.24751165509223938 27
1663192072635 -0.22288471460342407 28
1663192073143 -0.2021295726299286 29
1663192073718 -0.18874619901180267 30
1663192074279 -0.18317557871341705 31
1663192074791 -0.18372102081775665 32
1663192075301 -0.1916302889585495 33
1663192075800 -0.20536130666732788 34
1663192076300 -0.21916279196739197 35
1663192076801 -0.23351973295211792 36
1663192077310 -0.24527373909950256 37
1663192077806 -0.25221920013427734 38
1663192078305 -0.2540578842163086 39
1663192078815 -0.24866263568401337 40
1663192079329 -0.23625414073467255 41
1663192079836 -0.21879005432128906 42
1663192080336 -0.19932512938976288 43
1663192080837 -0.18378663063049316 44
1663192081338 -0.17635861039161682 45
1663192081840 -0.17654119431972504 46
1663192082343 -0.18511100113391876 47
1663192082854 -0.19958798587322235 48
1663192083350 -0.217553049325943 49
1663192083849 -0.23432447016239166 50
1663192084352 -0.24076324701309204 51
1663192084850 -0.24532856047153473 52
1663192085352 -0.24759931862354279 53
1663192085859 -0.24728496372699738 54
1663192086365 -0.24478814005851746 55
1663192086867 -0.2405289113521576 56
1663192087376 -0.2340235710144043 57
1663192087883 -0.21001002192497253 58
1663192088389 -0.18959404528141022 59
1663192088895 -0.17430438101291656 60
1663192089399 -0.16559498012065887 61
1663192089905 -0.16329750418663025 62
1663192090405 -0.16813082993030548 63
1663192090908 -0.17910601198673248 64
1663192091409 -0.1937427818775177 65
1663192091911 -0.20910602807998657 66
1663192092418 -0.22174005210399628 67
1663192092924 -0.23093979060649872 68
