1663192058378 0.0 0
1663192058963 0.944622278213501 1
1663192059448 2.530003309249878 2
1663192059933 4.779495716094971 3
1663192060426 7.253014087677002 4
1663192060913 9.56360912322998 5
1663192061400 11.284366607666016 6
1663192061896 12.360902786254883 7
1663192062389 12.680684089660645 8
1663192062888 12.221284866333008 9
1663192063383 11.23541259765625 10
1663192063895 9.845887184143066 11
1663192064469 8.268741607666016 12
1663192064975 6.754312515258789 13
1663192065484 5.364511489868164 14
1663192065994 4.442200660705566 15
1663192066501 4.049957752227783 16
1663192067006 4.251728057861328 17
1663192067510 4.973312854766846 18
1663192068016 6.054252624511719 19
1663192068517 7.298718452453613 20
1663192069018 8.469572067260742 21
1663192069528 9.402920722961426 22
1663192070033 9.896455764770508 23
1663192070543 9.939729690551758 24
1663192071052 9.585234642028809 25
1663192071561 8.9315767288208 26
1663192072068 8.17905330657959 27
1663192072634 7.432534217834473 28
1663192073142 6.778735160827637 29
1663192073717 6.3244428634643555 30
1663192074278 6.08290433883667 31
1663192074790 6.0696516036987305 32
1663192075300 6.2797770500183105 33
1663192075798 6.683349609375 34
1663192076299 7.191985607147217 35
1663192076799 7.739526748657227 36
1663192077308 8.208771705627441 37
1663192077805 8.498605728149414 38
1663192078304 8.599563598632812 39
1663192078814 8.499032020568848 40
1663192079328 8.206320762634277 41
1663192079835 7.798007488250732 42
1663192080335 7.369864463806152 43
1663192080835 7.031506061553955 44
1663192081337 6.84863805770874 45
1663192081839 6.819032192230225 46
1663192082342 6.902770519256592 47
1663192082852 7.064663410186768 48
1663192083349 7.275985240936279 49
1663192083848 7.498814582824707 50
1663192084351 7.714554309844971 51
1663192084849 7.893599033355713 52
1663192085351 8.00783634185791 53
1663192085858 8.040567398071289 54
1663192086364 7.987292766571045 55
1663192086866 7.860373020172119 56
1663192087375 7.686015605926514 57
1663192087882 7.487034797668457 58
1663192088388 7.323061943054199 59
1663192088894 7.2149858474731445 60
1663192089398 7.181441783905029 61
1663192089904 7.227941989898682 62
1663192090404 7.336937427520752 63
1663192090907 7.471785545349121 64
1663192091407 7.611565589904785 65
1663192091910 7.726284503936768 66
1663192092417 7.788751125335693 67
1663192092923 7.794392108917236 68
