1663192058367 0.06518902629613876 0
1663192058953 0.04121652618050575 1
1663192059438 0.0910198837518692 2
1663192059924 0.10736466944217682 3
1663192060417 0.11555568873882294 4
1663192060904 0.10123251378536224 5
1663192061390 0.10188926011323929 6
1663192061886 0.09435892105102539 7
1663192062379 0.08492255210876465 8
1663192062878 0.026213865727186203 9
1663192063373 0.01218829583376646 10
1663192063885 0.011199425905942917 11
1663192064459 0.00273145642131567 12
1663192064966 0.001148662413470447 13
1663192065474 0.0005791218136437237 14
1663192065984 0.00022485047520603985 15
1663192066491 0.00010465132800163701 16
1663192066996 0.00010713283700169995 17
1663192067500 7.676719542359933e-05 18
1663192068006 7.838008605176583e-05 19
1663192068507 5.354617314878851e-05 20
1663192069008 6.66703563183546e-05 21
1663192069518 7.055231253616512e-05 22
1663192070024 0.00017110648332163692 23
1663192070533 0.00020133249927312136 24
1663192071043 0.0005006029969081283 25
1663192071552 0.003096218453720212 26
1663192072058 0.004830247722566128 27
1663192072625 0.008337246254086494 28
1663192073132 0.013148091733455658 29
1663192073708 0.02588621899485588 30
1663192074268 0.04294699802994728 31
1663192074780 0.059898748993873596 32
1663192075290 0.07137022912502289 33
1663192075789 0.08780523389577866 34
1663192076290 0.07881788909435272 35
1663192076790 0.082606740295887 36
1663192077299 0.07259760051965714 37
1663192077795 0.08432138711214066 38
1663192078294 0.09909941256046295 39
1663192078804 0.09333924949169159 40
1663192079319 0.05253281071782112 41
1663192079825 0.03575977683067322 42
1663192080326 0.04786703735589981 43
1663192080826 0.06249590218067169 44
1663192081327 0.05272795632481575 45
1663192081829 0.0016429717652499676 46
1663192082332 0.002577355597168207 47
1663192082843 0.006903162691742182 48
1663192083339 0.008089443668723106 49
1663192083838 0.017014240846037865 50
1663192084341 0.02082449570298195 51
1663192084839 0.032169733196496964 52
1663192085341 0.0391760915517807 53
1663192085848 0.035330630838871 54
1663192086354 0.026444613933563232 55
1663192086856 0.02302558533847332 56
1663192087365 0.016393231227993965 57
1663192087873 0.010026030242443085 58
1663192088379 0.012737867422401905 59
1663192088884 0.013578535988926888 60
1663192089388 0.008648421615362167 61
1663192089894 0.009070266038179398 62
1663192090395 0.013843010179698467 63
1663192090898 0.010727157816290855 64
1663192091398 0.01042651105672121 65
1663192091900 0.007815451361238956 66
1663192092407 0.01196838915348053 67
1663192092913 0.010134536772966385 68
