1663192058375 4.945489883422852 0
1663192058960 4.628969192504883 1
1663192059445 5.338456153869629 2
1663192059930 5.5791425704956055 3
1663192060423 5.72028923034668 4
1663192060910 5.501220703125 5
1663192061397 5.588585376739502 6
1663192061892 5.699963092803955 7
1663192062385 6.265076637268066 8
1663192062884 5.491558074951172 9
1663192063380 5.3373918533325195 10
1663192063892 5.55694580078125 11
1663192064466 5.008918762207031 12
1663192064972 6.334540843963623 13
1663192065481 6.604435443878174 14
1663192065990 6.907073020935059 15
1663192066497 6.73732852935791 16
1663192067003 6.9368486404418945 17
1663192067506 7.32749080657959 18
1663192068013 7.760468006134033 19
1663192068514 7.842499732971191 20
1663192069015 8.176217079162598 21
1663192069525 7.881974697113037 22
1663192070030 7.963989734649658 23
1663192070540 7.647932052612305 24
1663192071049 7.726744651794434 25
1663192071558 6.778115272521973 26
1663192072065 6.464194297790527 27
1663192072631 6.290230751037598 28
1663192073138 5.796422004699707 29
1663192073714 5.333103656768799 30
1663192074274 5.730841636657715 31
1663192074786 5.924683094024658 32
1663192075296 6.458364963531494 33
1663192075795 6.44963264465332 34
1663192076296 7.073030948638916 35
1663192076796 7.135159015655518 36
1663192077305 6.651759147644043 37
1663192077801 6.69996452331543 38
1663192078301 7.9430317878723145 39
1663192078810 8.48668098449707 40
1663192079325 8.676446914672852 41
1663192079832 8.910076141357422 42
1663192080332 8.790947914123535 43
1663192080832 8.23830795288086 44
1663192081333 8.140825271606445 45
1663192081835 6.079981803894043 46
1663192082339 5.528508186340332 47
1663192082849 5.488808631896973 48
1663192083346 5.011496067047119 49
1663192083845 5.514077186584473 50
1663192084348 6.038118362426758 51
1663192084845 6.1143269538879395 52
1663192085347 6.663490295410156 53
1663192085854 6.964791774749756 54
1663192086361 7.272259712219238 55
1663192086863 7.607668876647949 56
1663192087372 8.318090438842773 57
1663192087879 8.098931312561035 58
1663192088385 8.230548858642578 59
1663192088890 8.574712753295898 60
1663192089395 8.98975944519043 61
1663192089900 8.959135055541992 62
1663192090401 8.531354904174805 63
1663192090904 8.752145767211914 64
1663192091404 9.103862762451172 65
1663192091907 8.81035327911377 66
1663192092413 8.15323543548584 67
1663192092920 8.0891752243042 68
