1663192058376 0.5826432108879089 0
1663192058961 0.6053287982940674 1
1663192059446 0.5606130957603455 2
1663192059931 0.545071005821228 3
1663192060424 0.5361073017120361 4
1663192060911 0.5561694502830505 5
1663192061398 0.5452651977539062 6
1663192061893 0.5336652398109436 7
1663192062386 0.5026480555534363 8
1663192062885 0.5587673783302307 9
1663192063381 0.55438232421875 10
1663192063893 0.5489749312400818 11
1663192064467 0.5498663783073425 12
1663192064973 0.5020245909690857 13
1663192065482 0.5035485029220581 14
1663192065991 0.4708889126777649 15
1663192066499 0.47065967321395874 16
1663192067004 0.4578147530555725 17
1663192067507 0.4510614573955536 18
1663192068014 0.43925461173057556 19
1663192068515 0.4346754848957062 20
1663192069016 0.41169020533561707 21
1663192069526 0.43292784690856934 22
1663192070031 0.4431062340736389 23
1663192070541 0.4534749388694763 24
1663192071050 0.45345669984817505 25
1663192071559 0.4957977533340454 26
1663192072066 0.5132296085357666 27
1663192072632 0.5145038962364197 28
1663192073139 0.5375078916549683 29
1663192073715 0.5337390899658203 30
1663192074276 0.5224580764770508 31
1663192074788 0.4966752231121063 32
1663192075297 0.4655754864215851 33
1663192075796 0.45773962140083313 34
1663192076297 0.4236185550689697 35
1663192076797 0.4108462631702423 36
1663192077306 0.4399925172328949 37
1663192077803 0.4378064274787903 38
1663192078302 0.3508566617965698 39
1663192078811 0.31239065527915955 40
1663192079326 0.2979622781276703 41
1663192079833 0.28574228286743164 42
1663192080333 0.305254727602005 43
1663192080833 0.35698607563972473 44
1663192081334 0.37230199575424194 45
1663192081836 0.5219442844390869 46
1663192082340 0.5376725792884827 47
1663192082850 0.539735734462738 48
1663192083347 0.5487538576126099 49
1663192083846 0.5291227102279663 50
1663192084349 0.5045079588890076 51
1663192084846 0.4818737804889679 52
1663192085349 0.4491523504257202 53
1663192085856 0.44128966331481934 54
1663192086362 0.4195137917995453 55
1663192086864 0.40185976028442383 56
1663192087373 0.34699511528015137 57
1663192087880 0.3617600202560425 58
1663192088386 0.34383633732795715 59
1663192088891 0.31965771317481995 60
1663192089396 0.28069591522216797 61
1663192089901 0.28870058059692383 62
1663192090402 0.3265605866909027 63
1663192090905 0.3084014356136322 64
1663192091405 0.2912755012512207 65
1663192091908 0.3152187764644623 66
1663192092415 0.36399900913238525 67
1663192092921 0.3772292733192444 68
