1663192058371 0.10959871113300323 0
1663192058957 0.9170604944229126 1
1663192059442 2.50197172164917 2
1663192059927 4.75039529800415 3
1663192060420 7.223275661468506 4
1663192060907 9.533146858215332 5
1663192061394 11.253839492797852 6
1663192061889 12.330490112304688 7
1663192062382 12.650832176208496 8
1663192062881 12.190347671508789 9
1663192063377 11.204360961914062 10
1663192063888 9.814929008483887 11
1663192064462 8.237696647644043 12
1663192064969 6.72381591796875 13
1663192065477 5.334601879119873 14
1663192065987 4.41318941116333 15
1663192066494 4.021088123321533 16
1663192067000 4.223056793212891 17
1663192067503 4.944360733032227 18
1663192068010 6.025177478790283 19
1663192068510 7.26931619644165 20
1663192069011 8.440458297729492 21
1663192069522 9.37309455871582 22
1663192070027 9.866616249084473 23
1663192070536 9.909734725952148 24
1663192071046 9.555574417114258 25
1663192071555 8.901468276977539 26
1663192072061 8.148653984069824 27
1663192072628 7.402271270751953 28
1663192073135 6.74818229675293 29
1663192073711 6.29382848739624 30
1663192074271 6.0526533126831055 31
1663192074783 6.039780139923096 32
1663192075293 6.250607490539551 33
1663192075792 6.65440559387207 34
1663192076293 7.164131164550781 35
1663192076793 7.711945056915283 36
1663192077302 8.180570602416992 37
1663192077798 8.470518112182617 38
1663192078298 8.575121879577637 39
1663192078807 8.476685523986816 40
1663192079322 8.187030792236328 41
1663192079828 7.7817487716674805 42
1663192080329 7.351861953735352 43
1663192080829 7.009664058685303 44
1663192081330 6.826815128326416 45
1663192081832 6.788397312164307 46
1663192082336 6.871984481811523 47
1663192082846 7.033877372741699 48
1663192083343 7.245095729827881 49
1663192083841 7.468055248260498 50
1663192084344 7.684117317199707 51
1663192084842 7.863378524780273 52
1663192085344 7.978080749511719 53
1663192085851 8.011248588562012 54
1663192086357 7.959018230438232 55
1663192086860 7.833821773529053 56
1663192087369 7.664397239685059 57
1663192087876 7.464025020599365 58
1663192088382 7.30347204208374 59
1663192088887 7.199722766876221 60
1663192089392 7.173051357269287 61
1663192089897 7.217480659484863 62
1663192090398 7.320744037628174 63
1663192090901 7.4563889503479 64
1663192091401 7.595052242279053 65
1663192091904 7.707394599914551 66
1663192092410 7.764691352844238 67
1663192092917 7.769905090332031 68
