1663192058369 0.031622953712940216 0
1663192058956 0.03162289783358574 1
1663192059441 0.03162308782339096 2
1663192059926 0.03162318840622902 3
1663192060419 0.031623248010873795 4
1663192060906 0.03162315860390663 5
1663192061392 0.03162320330739021 6
1663192061888 0.03162330016493797 7
1663192062381 0.03162359073758125 8
1663192062880 0.03162306919693947 9
1663192063376 0.0316229946911335 10
1663192063887 0.0316229984164238 11
1663192064461 0.031622935086488724 12
1663192064968 0.031623031944036484 13
1663192065476 0.03162308782339096 14
1663192065986 0.03162316232919693 15
1663192066493 0.03162314370274544 16
1663192066999 0.031623195856809616 17
1663192067502 0.03162321820855141 18
1663192068009 0.031623296439647675 19
1663192068509 0.03162332624197006 20
1663192069010 0.03162350505590439 21
1663192069520 0.03162335231900215 22
1663192070026 0.031623393297195435 23
1663192070535 0.03162333369255066 24
1663192071045 0.03162343427538872 25
1663192071554 0.031623248010873795 26
1663192072060 0.03162311390042305 27
1663192072627 0.03162312135100365 28
1663192073134 0.03162302449345589 29
1663192073710 0.0316229872405529 30
1663192074270 0.031623054295778275 31
1663192074782 0.031623128801584244 32
1663192075292 0.031623296439647675 33
1663192075791 0.03162338212132454 34
1663192076292 0.03162374347448349 35
1663192076792 0.031623899936676025 36
1663192077301 0.031623780727386475 37
1663192077797 0.031623855233192444 38
1663192078296 0.031625233590602875 39
1663192078806 0.031626034528017044 40
1663192079321 0.031627312302589417 41
1663192079827 0.03162858262658119 42
1663192080328 0.03162740170955658 43
1663192080828 0.03162573650479317 44
1663192081329 0.03162571042776108 45
1663192081831 0.03162302449345589 46
1663192082335 0.031622983515262604 47
1663192082845 0.031622979789972305 48
1663192083342 0.031622953712940216 49
1663192083840 0.0316229872405529 50
1663192084343 0.03162308409810066 51
1663192084841 0.03162315487861633 52
1663192085343 0.03162328526377678 53
1663192085850 0.03162342309951782 54
1663192086356 0.03162374347448349 55
1663192086858 0.031624309718608856 56
1663192087368 0.031626198440790176 57
1663192087875 0.031625475734472275 58
1663192088381 0.031626805663108826 59
1663192088886 0.03162873908877373 60
1663192089390 0.031632255762815475 61
1663192089896 0.03163120895624161 62
1663192090397 0.03162848576903343 63
1663192090900 0.031628962606191635 64
1663192091400 0.031628429889678955 65
1663192091903 0.03162739798426628 66
1663192092409 0.031625207513570786 67
1663192092915 0.031625062227249146 68
