1663192058368 0.0010662878630682826 0
1663192058954 0.0010416100267320871 1
1663192059439 0.0010956092737615108 2
1663192059925 0.0011152661172673106 3
1663192060418 0.0011267767986282706 4
1663192060905 0.001113562611863017 5
1663192061391 0.0011169055942445993 6
1663192061887 0.0011108277831226587 7
1663192062380 0.0011020329548045993 8
1663192062879 0.0010399079183116555 9
1663192063374 0.001024523633532226 10
1663192063886 0.0010211790213361382 11
1663192064460 0.001009226543828845 12
1663192064967 0.0010037246393039823 13
1663192065475 0.0009987910743802786 14
1663192065985 0.0009946422651410103 15
1663192066492 0.000991558306850493 16
1663192066997 0.0009899894939735532 17
1663192067501 0.0009898673743009567 18
1663192068008 0.0009911685483530164 19
1663192068508 0.0009935548296198249 20
1663192069009 0.000996601884253323 21
1663192069519 0.0009998503373935819 22
1663192070025 0.0010026319650933146 23
1663192070534 0.0010044921655207872 24
1663192071044 0.0010055936872959137 25
1663192071553 0.0010080041829496622 26
1663192072059 0.0010087804403156042 27
1663192072626 0.001010847743600607 28
1663192073133 0.0010140069061890244 29
1663192073709 0.0010254168882966042 30
1663192074269 0.0010418399469926953 31
1663192074781 0.0010591227328404784 32
1663192075291 0.0010717716068029404 33
1663192075790 0.001091055921278894 34
1663192076291 0.0010837820591405034 35
1663192076791 0.0010909646516665816 36
1663192077300 0.00108315737452358 37
1663192077796 0.001098200911656022 38
1663192078295 0.001116034109145403 39
1663192078805 0.0011105122976005077 40
1663192079320 0.0010659665567800403 41
1663192079826 0.001046465360559523 42
1663192080327 0.0010559792863205075 43
1663192080827 0.0010679159313440323 44
1663192081328 0.00105468078982085 45
1663192081830 0.001000316347926855 46
1663192082333 0.0009999959729611874 47
1663192082844 0.00100345304235816 48
1663192083341 0.0010042341891676188 49
1663192083839 0.001013306900858879 50
1663192084342 0.0010177872609347105 51
1663192084840 0.0010305313626304269 52
1663192085342 0.0010394008131697774 53
1663192085849 0.0010373955592513084 54
1663192086355 0.0010300909634679556 55
1663192086857 0.0010279730195179582 56
1663192087367 0.0010218025417998433 57
1663192087874 0.0010150745511054993 58
1663192088380 0.001016629976220429 59
1663192088885 0.0010156469652429223 60
1663192089389 0.0010085314279422164 61
1663192089895 0.0010069403797388077 62
1663192090396 0.0010103198001161218 63
1663192090899 0.001006562146358192 64
1663192091399 0.0010064530652016401 65
1663192091901 0.001004738500341773 66
1663192092408 0.001010232255794108 67
1663192092914 0.0010097332997247577 68
