1663192058373 0.06518902629613876 0
1663192058959 0.025534646585583687 1
1663192059444 0.012313947081565857 2
1663192059929 -0.04103550314903259 3
1663192060422 -0.10898515582084656 4
1663192060909 -0.19385190308094025 5
1663192061396 -0.24526795744895935 6
1663192061891 -0.2769032120704651 7
1663192062384 -0.23735865950584412 8
1663192062883 -0.2911720871925354 9
1663192063379 -0.2815747857093811 10
1663192063890 -0.23187285661697388 11
1663192064465 -0.21861693263053894 12
1663192064971 -0.14995120465755463 13
1663192065480 -0.07657862454652786 14
1663192065989 -0.06551074981689453 15
1663192066496 -0.06331154704093933 16
1663192067002 -0.06873072683811188 17
1663192067505 -0.08268339186906815 18
1663192068012 -0.09088476747274399 19
1663192068513 -0.12733173370361328 20
1663192069014 -0.15278685092926025 21
1663192069524 -0.185257226228714 22
1663192070029 -0.18391160666942596 23
1663192070539 -0.19809621572494507 24
1663192071048 -0.16679629683494568 25
1663192071557 -0.1729765683412552 26
1663192072064 -0.1652332842350006 27
1663192072630 -0.1512453258037567 28
1663192073137 -0.14336904883384705 29
1663192073713 -0.14938297867774963 30
1663192074273 -0.12056798487901688 31
1663192074785 -0.11848544329404831 32
1663192075295 -0.09370847791433334 33
1663192075794 -0.10223333537578583 34
1663192076295 -0.06217817962169647 35
1663192076795 -0.0739956796169281 36
1663192077304 -0.10847495496273041 37
1663192077800 -0.10764230787754059 38
1663192078300 0.005052119493484497 39
1663192078809 0.04668481647968292 40
1663192079324 0.13044919073581696 41
1663192079830 0.20562690496444702 42
1663192080331 0.17389576137065887 43
1663192080831 0.11390778422355652 44
1663192081332 0.12564095854759216 45
1663192081834 -0.14880414307117462 46
1663192082338 -0.16754397749900818 47
1663192082848 -0.1698722541332245 48
1663192083345 -0.19044815003871918 49
1663192083843 -0.1817144900560379 50
1663192084346 -0.1622648537158966 51
1663192084844 -0.16810356080532074 52
1663192085346 -0.16610746085643768 53
1663192085853 -0.1239323616027832 54
1663192086359 -0.07565464079380035 55
1663192086862 -0.003948375582695007 56
1663192087371 0.12500229477882385 57
1663192087878 0.08050712943077087 58
1663192088384 0.15891318023204803 59
1663192088889 0.24130244553089142 60
1663192089394 0.34225183725357056 61
1663192089899 0.31399691104888916 62
1663192090400 0.2299642711877823 63
1663192090903 0.2406143695116043 64
1663192091403 0.2137841284275055 65
1663192091906 0.17192602157592773 66
1663192092412 0.058252349495887756 67
1663192092919 0.054402902722358704 68
