1663192058372 0.0010662878630682826 0
1663192058958 0.0010559094371274114 1
1663192059443 0.0010956092737615108 2
1663192059928 0.0011152661172673106 3
1663192060421 0.0011267767986282706 4
1663192060908 0.001113562611863017 5
1663192061395 0.0011169055942445993 6
1663192061890 0.0011195950210094452 7
1663192062383 0.0011765845119953156 8
1663192062882 0.0010988779831677675 9
1663192063378 0.001075421692803502 10
1663192063889 0.001081635244190693 11
1663192064463 0.0010427465895190835 12
1663192064970 0.0010646338341757655 13
1663192065478 0.001096422434784472 14
1663192065988 0.0010767548810690641 15
1663192066495 0.0010658230166882277 16
1663192067001 0.0010668464237824082 17
1663192067504 0.0010763459140434861 18
1663192068011 0.0011046744184568524 19
1663192068511 0.0011078892275691032 20
1663192069013 0.0011207768693566322 21
1663192069523 0.0011174746323376894 22
1663192070028 0.0011365792015567422 23
1663192070537 0.0011221072636544704 24
1663192071047 0.0011448749573901296 25
1663192071556 0.0011145495809614658 26
1663192072062 0.0010968035785481334 27
1663192072629 0.0010863038478419185 28
1663192073136 0.001072492217645049 29
1663192073712 0.0010508571285754442 30
1663192074272 0.0010733462404459715 31
1663192074784 0.0010751307709142566 32
1663192075294 0.0011094444198533893 33
1663192075793 0.0011141523718833923 34
1663192076294 0.0011784781236201525 35
1663192076794 0.0011849687434732914 36
1663192077303 0.0011619257275015116 37
1663192077799 0.0011735979933291674 38
1663192078299 0.0013177503133192658 39
1663192078808 0.0013693822547793388 40
1663192079323 0.0014752679271623492 41
1663192079829 0.0015700079966336489 42
1663192080330 0.0015005528694018722 43
1663192080830 0.0013981952797621489 44
1663192081331 0.001406541676260531 45
1663192081833 0.001068035257048905 46
1663192082337 0.0010509889107197523 47
1663192082847 0.0010539281647652388 48
1663192083344 0.0010393885895609856 49
1663192083842 0.0010559194488450885 50
1663192084345 0.0010840249015018344 51
1663192084843 0.0010838306043297052 52
1663192085345 0.0010899214539676905 53
1663192085852 0.0011380452197045088 54
1663192086358 0.0011923151323571801 55
1663192086861 0.0012758022639900446 56
1663192087370 0.001443352666683495 57
1663192087877 0.0013718974078074098 58
1663192088383 0.0014760708436369896 59
1663192088888 0.001597299356944859 60
1663192089393 0.001764973858371377 61
1663192089898 0.0017183582531288266 62
1663192090399 0.0015853988006711006 63
1663192090902 0.0016092091100290418 64
1663192091402 0.0015735662309452891 65
1663192091905 0.0015145789366215467 66
1663192092411 0.0013545758556574583 67
1663192092918 0.0013496179599314928 68
