1657486075340 0.06518902629613876 0
1657486075776 0.044625163078308105 1
1657486076201 0.11062128841876984 2
1657486076481 0.17254380881786346 3
1657486076755 0.30662789940834045 4
1657486077039 0.5817484855651855 5
1657486077326 0.9320558309555054 6
1657486077603 0.9955859184265137 7
1657486077896 0.9992330074310303 8
1657486078163 0.9980096220970154 9
1657486078438 0.9930826425552368 10
1657486078703 0.9953091740608215 11
1657486078973 0.9967511892318726 12
1657486079237 0.9991610050201416 13
1657486079510 0.9993958473205566 14
1657486079784 0.9965420365333557 15
1657486080060 0.9376532435417175 16
1657486080333 0.4299446940422058 17
1657486080608 0.006266031414270401 18
1657486080953 2.2996708139544353e-05 19
1657486081329 1.3770478801689023e-07 20
1657486081620 1.3843521884382426e-08 21
1657486081906 2.040520996615669e-08 22
1657486082180 1.235627792084415e-06 23
1657486082462 8.364566747331992e-05 24
1657486082736 0.008644100278615952 25
1657486083030 0.29067280888557434 26
1657486083310 0.4882082939147949 27
1657486083595 0.41536983847618103 28
1657486083870 0.16284498572349548 29
1657486084135 0.015372547321021557 30
1657486084405 0.0005150171928107738 31
1657486084693 3.3022501156665385e-05 32
1657486084955 1.3468444194586482e-05 33
1657486085226 4.0192589949583635e-05 34
1657486085496 0.0003008638450410217 35
1657486085765 0.003567431354895234 36
1657486086134 0.015531238168478012 37
1657486086576 0.05281487852334976 38
1657486086924 0.08893973380327225 39
1657486087222 0.09814975410699844 40
1657486087532 0.04665413498878479 41
1657486087833 0.01997845619916916 42
1657486088113 0.011788535863161087 43
1657486088429 0.004424807615578175 44
1657486088731 0.00032306561479344964 45
1657486089028 5.594468893832527e-05 46
1657486089320 5.621969648927916e-06 47
1657486089623 2.6525424345891224e-06 48
1657486089928 2.833172175087384e-06 49
1657486090211 9.641297765483614e-06 50
1657486090485 3.488591573841404e-06 51
1657486090799 4.296618385524198e-07 52
1657486091156 2.708194912770523e-08 53
1657486091446 2.7019708692677114e-09 54
1657486091723 6.941525687587102e-10 55
1657486091992 5.183664608665595e-10 56
1657486092263 4.1186448695995637e-10 57
1657486092538 3.8783368183636924e-10 58
1657486092800 3.080612431816121e-10 59
1657486093071 1.2315336250789954e-10 60
1657486093370 2.2377258032668657e-11 61
1657486093725 9.480731304190027e-12 62
1657486094067 7.297022361352212e-12 63
1657486094335 2.5948160720795643e-12 64
1657486094605 1.661353780241237e-12 65
1657486094880 1.019293048402925e-12 66
1657486095146 1.686042798432208e-12 67
1657486095418 1.0671958108887658e-12 68
