1657486075342 0.0 0
1657486075778 0.026742130517959595 1
1657486076203 0.10646621882915497 2
1657486076483 0.4576764702796936 3
1657486076756 1.2608115673065186 4
1657486077040 2.751654863357544 5
1657486077328 5.274096488952637 6
1657486077604 8.10208511352539 7
1657486077898 9.599713325500488 8
1657486078164 9.528614044189453 9
1657486078440 8.953733444213867 10
1657486078704 9.412480354309082 11
1657486078974 11.298179626464844 12
1657486079239 13.647865295410156 13
1657486079511 14.737961769104004 14
1657486079785 13.99004077911377 15
1657486080062 11.79518985748291 16
1657486080334 8.801250457763672 17
1657486080609 4.439759731292725 18
1657486080954 -1.0131399631500244 19
1657486081331 -5.536630153656006 20
1657486081621 -7.829090118408203 21
1657486081907 -7.419099807739258 22
1657486082182 -4.681586265563965 23
1657486082463 -0.6556875109672546 24
1657486082737 3.208665609359741 25
1657486083032 5.554957389831543 26
1657486083312 6.715975761413574 27
1657486083597 6.723036289215088 28
1657486083871 5.3035807609558105 29
1657486084137 2.261500597000122 30
1657486084406 -1.3441282510757446 31
1657486084695 -3.9970486164093018 32
1657486084956 -4.766676425933838 33
1657486085227 -3.7357585430145264 34
1657486085498 -1.5272051095962524 35
1657486085766 0.8022994995117188 36
1657486086135 2.59712815284729 37
1657486086577 3.5051167011260986 38
1657486086925 3.320504665374756 39
1657486087224 2.5297129154205322 40
1657486087533 1.5186896324157715 41
1657486087834 0.4115777611732483 42
1657486088114 -0.5847141742706299 43
1657486088430 -1.3673409223556519 44
1657486088732 -1.7923859357833862 45
1657486089029 -1.6833356618881226 46
1657486089321 -0.9403084516525269 47
1657486089624 0.03723439946770668 48
1657486089929 0.8003928065299988 49
1657486090213 1.0510339736938477 50
1657486090487 0.7566047310829163 51
1657486090801 0.12438591569662094 52
1657486091158 -0.5598708391189575 53
1657486091447 -1.047589898109436 54
1657486091725 -1.2486419677734375 55
1657486091993 -1.1498173475265503 56
1657486092264 -0.839081346988678 57
1657486092540 -0.48848170042037964 58
1657486092801 -0.14878416061401367 59
1657486093073 0.06068192422389984 60
1657486093372 0.1038193479180336 61
1657486093727 0.0011585154570639133 62
1657486094068 -0.2160917967557907 63
1657486094336 -0.5207982659339905 64
1657486094606 -0.7926135659217834 65
1657486094881 -0.9746432900428772 66
1657486095148 -1.0607259273529053 67
1657486095420 -1.016067624092102 68
