1657486075353 0.0 0
1657486075792 3.036142349243164 1
1657486076214 7.520806789398193 2
1657486076493 10.943811416625977 3
1657486076767 12.347086906433105 4
1657486077051 11.846580505371094 5
1657486077339 10.74080753326416 6
1657486077614 11.028736114501953 7
1657486077909 12.267279624938965 8
1657486078175 13.96640396118164 9
1657486078450 16.401472091674805 10
1657486078715 18.399206161499023 11
1657486078984 19.52377700805664 12
1657486079249 19.931203842163086 13
1657486079521 19.885053634643555 14
1657486079796 18.928531646728516 15
1657486080072 17.202823638916016 16
1657486080344 14.74156379699707 17
1657486080620 11.385293960571289 18
1657486080968 9.171271324157715 19
1657486081342 10.034357070922852 20
1657486081632 11.459352493286133 21
1657486081917 11.667031288146973 22
1657486082193 11.1336030960083 23
1657486082474 11.09306526184082 24
1657486082748 12.172076225280762 25
1657486083043 13.276605606079102 26
1657486083322 13.658368110656738 27
1657486083607 13.291925430297852 28
1657486083881 12.299689292907715 29
1657486084147 11.446571350097656 30
1657486084417 12.12820816040039 31
1657486084705 13.757892608642578 32
1657486084966 14.977585792541504 33
1657486085238 15.496354103088379 34
1657486085508 15.743508338928223 35
1657486085777 16.05748748779297 36
1657486086154 16.271390914916992 37
1657486086591 16.032289505004883 38
1657486086936 15.142313957214355 39
1657486087235 14.113102912902832 40
1657486087544 13.079506874084473 41
1657486087849 12.058510780334473 42
1657486088125 11.037643432617188 43
1657486088442 10.136837005615234 44
1657486088743 10.245261192321777 45
1657486089039 12.350183486938477 46
1657486089332 15.386829376220703 47
1657486089636 17.682706832885742 48
1657486089941 19.310869216918945 49
1657486090223 21.062152862548828 50
1657486090497 22.736221313476562 51
1657486090817 23.984928131103516 52
1657486091169 24.90888214111328 53
1657486091458 25.776165008544922 54
1657486091735 26.733671188354492 55
1657486092004 27.78526496887207 56
1657486092275 28.878602981567383 57
1657486092550 29.864452362060547 58
1657486092811 30.782371520996094 59
1657486093083 31.57840347290039 60
1657486093385 32.35018539428711 61
1657486093738 33.10877227783203 62
1657486094079 33.91874694824219 63
1657486094348 34.742862701416016 64
1657486094617 35.44120407104492 65
1657486094892 36.0609245300293 66
1657486095158 36.61386489868164 67
1657486095430 36.96909713745117 68
