1657486075354 0.0 0
1657486075793 0.026742130517959595 1
1657486076215 0.12470448017120361 2
1657486076494 0.4576764702796936 3
1657486076768 1.2608115673065186 4
1657486077052 2.751654863357544 5
1657486077340 5.274096488952637 6
1657486077615 8.10208511352539 7
1657486077910 9.599713325500488 8
1657486078176 9.528614044189453 9
1657486078451 8.953733444213867 10
1657486078716 9.412480354309082 11
1657486078985 11.298179626464844 12
1657486079251 13.647865295410156 13
1657486079522 14.737961769104004 14
1657486079797 13.99004077911377 15
1657486080073 11.79518985748291 16
1657486080345 8.801250457763672 17
1657486080621 4.439759731292725 18
1657486080969 0.6058878302574158 19
1657486081344 1.0410022735595703 20
1657486081633 1.5375696420669556 21
1657486081918 1.9183310270309448 22
1657486082194 2.379577398300171 23
1657486082475 2.1666910648345947 24
1657486082749 3.208665609359741 25
1657486083044 5.554957389831543 26
1657486083323 6.715975761413574 27
1657486083608 6.723036289215088 28
1657486083883 5.548742294311523 29
1657486084148 6.321835517883301 30
1657486084418 7.253331661224365 31
1657486084706 8.162703514099121 32
1657486084967 8.911823272705078 33
1657486085239 9.472284317016602 34
1657486085509 9.891242027282715 35
1657486085778 10.145551681518555 36
1657486086157 10.216541290283203 37
1657486086593 10.03308391571045 38
1657486086937 9.446651458740234 39
1657486087237 8.618756294250488 40
1657486087545 7.614990234375 41
1657486087850 6.484526634216309 42
1657486088126 5.058449745178223 43
1657486088443 2.9750113487243652 44
1657486088744 4.470048427581787 45
1657486089041 7.315253734588623 46
1657486089333 10.43950366973877 47
1657486089637 12.177933692932129 48
1657486089943 12.413447380065918 49
1657486090224 12.151676177978516 50
1657486090498 12.59310531616211 51
1657486090819 14.020198822021484 52
1657486091170 15.842710494995117 53
1657486091460 17.225664138793945 54
1657486091736 17.855194091796875 55
1657486092005 17.847148895263672 56
1657486092276 17.68471908569336 57
1657486092551 17.81548500061035 58
1657486092812 18.44285774230957 59
1657486093084 19.45702362060547 60
1657486093386 20.553991317749023 61
1657486093739 21.41978645324707 62
1657486094080 22.068552017211914 63
1657486094349 22.489896774291992 64
1657486094618 22.665019989013672 65
1657486094893 22.750486373901367 66
1657486095159 22.895416259765625 67
1657486095431 23.21217918395996 68
