1657486075347 4.945489883422852 0
1657486075784 4.628969192504883 1
1657486076209 5.338456153869629 2
1657486076488 5.5791425704956055 3
1657486076762 5.72028923034668 4
1657486077046 5.501220703125 5
1657486077333 5.588585376739502 6
1657486077609 5.699963092803955 7
1657486077904 6.265076637268066 8
1657486078169 5.491558074951172 9
1657486078445 5.3373918533325195 10
1657486078709 5.55694580078125 11
1657486078979 5.008918762207031 12
1657486079244 6.334540843963623 13
1657486079516 6.604435443878174 14
1657486079791 6.907073020935059 15
1657486080067 6.73732852935791 16
1657486080339 6.9368486404418945 17
1657486080615 7.32749080657959 18
1657486080961 7.760468006134033 19
1657486081337 7.842499732971191 20
1657486081627 8.176217079162598 21
1657486081912 7.881974697113037 22
1657486082187 7.963989734649658 23
1657486082469 7.647932052612305 24
1657486082742 7.726744651794434 25
1657486083037 6.778115272521973 26
1657486083317 6.464194297790527 27
1657486083602 6.290230751037598 28
1657486083876 5.796422004699707 29
1657486084142 5.333103656768799 30
1657486084412 5.730841636657715 31
1657486084700 5.924683094024658 32
1657486084961 6.458364963531494 33
1657486085232 6.44963264465332 34
1657486085503 7.073030948638916 35
1657486085772 7.135159015655518 36
1657486086146 6.651759147644043 37
1657486086585 6.69996452331543 38
1657486086931 7.9430317878723145 39
1657486087229 8.48668098449707 40
1657486087538 8.676446914672852 41
1657486087841 8.910076141357422 42
1657486088120 8.790947914123535 43
1657486088436 8.23830795288086 44
1657486088737 8.140825271606445 45
1657486089034 6.079981803894043 46
1657486089326 5.528508186340332 47
1657486089630 5.488808631896973 48
1657486089935 5.011496067047119 49
1657486090218 5.514077186584473 50
1657486090492 6.038118362426758 51
1657486090811 6.1143269538879395 52
1657486091163 6.663490295410156 53
1657486091453 6.964791774749756 54
1657486091730 7.272259712219238 55
1657486091998 7.607668876647949 56
1657486092270 8.318090438842773 57
1657486092545 8.098931312561035 58
1657486092806 8.230548858642578 59
1657486093078 8.574712753295898 60
1657486093378 8.98975944519043 61
1657486093732 8.959135055541992 62
1657486094074 8.531354904174805 63
1657486094343 8.752145767211914 64
1657486094612 9.103862762451172 65
1657486094887 8.81035327911377 66
1657486095153 8.15323543548584 67
1657486095425 8.0891752243042 68
