1657486075345 32.840763092041016 0
1657486075781 31.057641983032227 1
1657486076206 34.69743347167969 2
1657486076486 37.4278564453125 3
1657486076760 39.69646072387695 4
1657486077043 39.61895751953125 5
1657486077331 40.14774703979492 6
1657486077607 41.0410270690918 7
1657486077901 43.130184173583984 8
1657486078167 43.636680603027344 9
1657486078443 47.915252685546875 10
1657486078707 52.40070724487305 11
1657486078977 55.869693756103516 12
1657486079242 68.05144500732422 13
1657486079514 67.41886138916016 14
1657486079788 72.9491958618164 15
1657486080065 71.85755157470703 16
1657486080337 74.03839874267578 17
1657486080613 77.35321807861328 18
1657486080959 78.15631866455078 19
1657486081335 79.234619140625 20
1657486081624 80.96012878417969 21
1657486081910 78.87837982177734 22
1657486082185 84.2003173828125 23
1657486082467 81.80577087402344 24
1657486082740 81.0704345703125 25
1657486083035 71.0311508178711 26
1657486083315 69.17867279052734 27
1657486083600 65.48006439208984 28
1657486083874 59.25213623046875 29
1657486084140 55.13847351074219 30
1657486084410 50.082481384277344 31
1657486084698 51.14590072631836 32
1657486084959 51.4756965637207 33
1657486085230 50.47093200683594 34
1657486085501 51.39374542236328 35
1657486085770 51.59890365600586 36
1657486086141 49.03538131713867 37
1657486086580 48.6545524597168 38
1657486086929 51.756385803222656 39
1657486087227 53.42680740356445 40
1657486087536 52.088836669921875 41
1657486087838 52.05860900878906 42
1657486088118 53.66096878051758 43
1657486088434 53.48104476928711 44
1657486088735 54.55695724487305 45
1657486089032 64.43402862548828 46
1657486089324 61.438331604003906 47
1657486089628 59.683189392089844 48
1657486089933 56.89030838012695 49
1657486090216 57.295440673828125 50
1657486090490 58.09776306152344 51
1657486090809 57.501487731933594 52
1657486091161 58.798484802246094 53
1657486091451 58.5988655090332 54
1657486091728 58.70307159423828 55
1657486091996 59.20542526245117 56
1657486092268 61.2632942199707 57
1657486092543 62.00719451904297 58
1657486092804 60.58419418334961 59
1657486093076 61.833072662353516 60
1657486093376 62.969642639160156 61
1657486093730 64.21165466308594 62
1657486094071 63.81604766845703 63
1657486094340 65.18599700927734 64
1657486094609 67.96782684326172 65
1657486094885 69.01470184326172 66
1657486095151 68.23800659179688 67
1657486095423 69.4783706665039 68
