1657486075344 0.06518902629613876 0
1657486075780 0.05924176797270775 1
1657486076205 0.11062128841876984 2
1657486076485 0.17254380881786346 3
1657486076759 0.30662789940834045 4
1657486077042 0.5817484855651855 5
1657486077330 0.9320558309555054 6
1657486077606 0.9955859184265137 7
1657486077900 0.9992330074310303 8
1657486078166 0.9980096220970154 9
1657486078442 0.9930826425552368 10
1657486078706 0.9953091740608215 11
1657486078976 0.9967511892318726 12
1657486079241 0.9991610050201416 13
1657486079513 0.9993958473205566 14
1657486079787 0.9965420365333557 15
1657486080064 0.9376532435417175 16
1657486080336 0.4299446940422058 17
1657486080611 0.07970765233039856 18
1657486080958 0.13194960355758667 19
1657486081333 0.178575336933136 20
1657486081623 0.2229827642440796 21
1657486081909 0.33775264024734497 22
1657486082184 0.1615763157606125 23
1657486082466 0.1813926100730896 24
1657486082739 0.3083666265010834 25
1657486083034 0.3516738712787628 26
1657486083314 0.4882082939147949 27
1657486083599 0.5269106030464172 28
1657486083873 0.783149003982544 29
1657486084139 0.934197187423706 30
1657486084409 0.9631107449531555 31
1657486084697 0.9763477444648743 32
1657486084958 0.9820698499679565 33
1657486085229 0.9843341708183289 34
1657486085500 0.9847429990768433 35
1657486085769 0.9798137545585632 36
1657486086139 0.9708926677703857 37
1657486086579 0.9314888715744019 38
1657486086928 0.883354663848877 39
1657486087226 0.8275271654129028 40
1657486087535 0.7606779932975769 41
1657486087837 0.5420739054679871 42
1657486088117 0.4515632390975952 43
1657486088432 0.7574796080589294 44
1657486088734 0.9705039262771606 45
1657486089031 0.8446236848831177 46
1657486089323 0.9950177073478699 47
1657486089626 0.9996839761734009 48
1657486089932 0.9998809099197388 49
1657486090215 0.999862551689148 50
1657486090489 0.99992835521698 51
1657486090806 0.999976634979248 52
1657486091160 0.9999980926513672 53
1657486091449 0.9999998807907104 54
1657486091727 1.0 55
1657486091995 1.0 56
1657486092267 1.0 57
1657486092542 1.0 58
1657486092803 1.0 59
1657486093075 1.0 60
1657486093375 1.0 61
1657486093729 1.0 62
1657486094070 1.0 63
1657486094339 1.0 64
1657486094608 1.0 65
1657486094884 1.0 66
1657486095150 1.0 67
1657486095422 1.0 68
