1657486075346 4.945489883422852 0
1657486075783 4.651670932769775 1
1657486076208 5.44492244720459 2
1657486076487 6.036818981170654 3
1657486076761 6.981101036071777 4
1657486077044 8.252875328063965 5
1657486077332 10.862682342529297 6
1657486077608 13.691941261291504 7
1657486077902 15.271453857421875 8
1657486078168 13.860710144042969 9
1657486078444 12.679433822631836 10
1657486078708 13.182074546813965 11
1657486078978 13.74673843383789 12
1657486079243 15.997764587402344 13
1657486079515 16.29343032836914 14
1657486079789 15.105140686035156 15
1657486080066 12.143238067626953 16
1657486080338 9.379257202148438 17
1657486080614 7.4972686767578125 18
1657486080960 8.303385734558105 19
1657486081336 8.883502006530762 20
1657486081625 9.556256294250488 21
1657486081911 9.800305366516113 22
1657486082186 8.467416763305664 23
1657486082468 8.36059856414795 24
1657486082741 8.955451965332031 25
1657486083036 9.04699993133545 26
1657486083316 10.344959259033203 27
1657486083601 11.026641845703125 28
1657486083875 11.08660888671875 29
1657486084141 11.205850601196289 30
1657486084411 11.424814224243164 31
1657486084699 12.051063537597656 32
1657486084960 12.541728973388672 33
1657486085231 12.659062385559082 34
1657486085502 12.950296401977539 35
1657486085771 12.894871711730957 36
1657486086143 12.750670433044434 37
1657486086582 12.535896301269531 38
1657486086930 12.598175048828125 39
1657486087228 11.996429443359375 40
1657486087537 11.04347038269043 41
1657486087839 10.14850902557373 42
1657486088119 9.798078536987305 43
1657486088435 10.452770233154297 44
1657486088736 12.61087417602539 45
1657486089033 10.388264656066895 46
1657486089325 13.778306007385254 47
1657486089629 16.38674545288086 48
1657486089934 17.078216552734375 49
1657486090217 16.980083465576172 50
1657486090491 18.033716201782227 51
1657486090810 20.02326011657715 52
1657486091162 22.506200790405273 53
1657486091452 24.19045639038086 54
1657486091729 25.127452850341797 55
1657486091997 25.454818725585938 56
1657486092269 26.002809524536133 57
1657486092544 25.914417266845703 58
1657486092805 26.67340660095215 59
1657486093077 28.031736373901367 60
1657486093377 29.543750762939453 61
1657486093731 30.378921508789062 62
1657486094073 30.59990692138672 63
1657486094342 31.242042541503906 64
1657486094611 31.768882751464844 65
1657486094886 31.560840606689453 66
1657486095152 31.04865264892578 67
1657486095424 31.301353454589844 68
