1657486075343 0.10959871113300323 0
1657486075779 0.0964990109205246 1
1657486076204 0.15997964143753052 2
1657486076484 0.22587548196315765 3
1657486076758 0.34949082136154175 4
1657486077041 0.5979680418968201 5
1657486077329 0.932528555393219 6
1657486077605 0.9955880045890808 7
1657486077899 0.999233067035675 8
1657486078165 0.9980096220970154 9
1657486078441 0.9930828213691711 10
1657486078705 0.9953092336654663 11
1657486078975 0.9967511892318726 12
1657486079240 0.9991610050201416 13
1657486079512 0.9993958473205566 14
1657486079786 0.9965421557426453 15
1657486080063 0.9377018213272095 16
1657486080335 0.4395870566368103 17
1657486080610 0.1707044243812561 18
1657486080956 0.20412136614322662 19
1657486081332 0.23960532248020172 20
1657486081622 0.3061443567276001 21
1657486081908 0.3665602207183838 22
1657486082183 0.22238045930862427 23
1657486082464 0.2336881309747696 24
1657486082738 0.3368852436542511 25
1657486083033 0.46184542775154114 26
1657486083313 0.6254423260688782 27
1657486083598 0.6710377931594849 28
1657486083872 0.799936056137085 29
1657486084138 0.9343411922454834 30
1657486084407 0.9631236791610718 31
1657486084696 0.9763545393943787 32
1657486084957 0.9820757508277893 33
1657486085228 0.9843390583992004 34
1657486085499 0.9847502112388611 35
1657486085767 0.9798300862312317 36
1657486086137 0.9710228443145752 37
1657486086578 0.9329936504364014 38
1657486086927 0.8878836631774902 39
1657486087225 0.8339509963989258 40
1657486087534 0.7680352330207825 41
1657486087835 0.5973083972930908 42
1657486088116 0.5305290818214417 43
1657486088431 0.7607378363609314 44
1657486088733 0.970536470413208 45
1657486089030 0.844788134098053 46
1657486089322 0.9950178265571594 47
1657486089625 0.9996839761734009 48
1657486089931 0.9998809099197388 49
1657486090214 0.999862551689148 50
1657486090488 0.99992835521698 51
1657486090804 0.999976634979248 52
1657486091159 0.9999980926513672 53
1657486091448 0.9999998807907104 54
1657486091726 1.0 55
1657486091994 1.0 56
1657486092266 1.0 57
1657486092541 1.0 58
1657486092802 1.0 59
1657486093074 1.0 60
1657486093374 1.0 61
1657486093728 1.0 62
1657486094069 1.0 63
1657486094337 1.0 64
1657486094607 1.0 65
1657486094882 1.0 66
1657486095149 1.0 67
1657486095421 1.0 68
