1657483557275 0.06518902629613876 0
1657483557708 0.044625163078308105 1
1657483558167 0.11088120192289352 2
1657483558516 0.17452824115753174 3
1657483558773 0.31895074248313904 4
1657483559022 0.634790301322937 5
1657483559291 0.9688892364501953 6
1657483559542 0.9993172883987427 7
1657483559797 0.9999642372131348 8
1657483560049 0.9999655485153198 9
1657483560359 0.9999444484710693 10
1657483560615 0.9999822378158569 11
1657483560908 0.9999955892562866 12
1657483561175 0.9999998807907104 13
1657483561433 1.0 14
1657483561697 1.0 15
1657483562001 1.0 16
1657483562263 0.9999982118606567 17
1657483562530 0.9999799728393555 18
1657483562796 0.9999041557312012 19
1657483563064 0.9995508790016174 20
1657483563342 0.998773992061615 21
1657483563634 0.9937533736228943 22
1657483563907 0.9695304036140442 23
1657483564172 0.6007063984870911 24
1657483564436 0.04882300645112991 25
1657483564683 0.001529686851426959 26
1657483564939 1.3670391126652248e-05 27
1657483565192 1.2311471664361306e-06 28
1657483565447 2.6576205982564716e-06 29
1657483565698 0.00012850947678089142 30
1657483565947 0.015170454047620296 31
1657483566193 0.3482244312763214 32
1657483566453 0.9110164046287537 33
1657483566707 0.9991905093193054 34
1657483566958 0.9999752044677734 35
1657483567212 0.9999971389770508 36
1657483567464 0.9999996423721313 37
1657483567722 1.0 38
1657483567972 1.0 39
1657483568223 1.0 40
1657483568478 1.0 41
1657483568731 1.0 42
1657483568980 1.0 43
1657483569236 1.0 44
1657483569487 1.0 45
1657483569745 1.0 46
1657483569997 1.0 47
1657483570250 1.0 48
1657483570504 1.0 49
1657483570759 1.0 50
1657483571016 1.0 51
1657483571270 1.0 52
1657483571526 1.0 53
1657483571781 1.0 54
1657483572031 1.0 55
1657483572283 1.0 56
1657483572538 1.0 57
1657483572790 1.0 58
1657483573042 1.0 59
1657483573291 1.0 60
1657483573546 1.0 61
1657483573800 1.0 62
1657483574048 1.0 63
1657483574297 1.0 64
1657483574547 1.0 65
1657483574796 1.0 66
1657483575050 1.0 67
1657483575302 1.0 68
