1657483557276 0.0 0
1657483557709 0.026742130517959595 1
1657483558169 0.10743748396635056 2
1657483558518 0.467702716588974 3
1657483558775 1.3220415115356445 4
1657483559023 3.019824504852295 5
1657483559292 6.225398063659668 6
1657483559543 10.125152587890625 7
1657483559798 12.712181091308594 8
1657483560050 13.48695182800293 9
1657483560361 13.617538452148438 10
1657483560616 14.770919799804688 11
1657483560910 17.635221481323242 12
1657483561176 21.42470932006836 13
1657483561434 24.13233184814453 14
1657483561699 25.000274658203125 15
1657483562002 24.001100540161133 16
1657483562264 21.948272705078125 17
1657483562531 19.87887191772461 18
1657483562797 18.337526321411133 19
1657483563066 17.272632598876953 20
1657483563343 16.17110824584961 21
1657483563636 14.569750785827637 22
1657483563908 12.094244003295898 23
1657483564173 8.941471099853516 24
1657483564437 4.762715816497803 25
1657483564685 -0.4420740008354187 26
1657483564941 -5.4351091384887695 27
1657483565193 -8.160932540893555 28
1657483565448 -7.701870441436768 29
1657483565699 -4.388633728027344 30
1657483565948 0.2120034545660019 31
1657483566195 4.246078968048096 32
1657483566454 7.331169128417969 33
1657483566709 10.32706356048584 34
1657483566960 12.955853462219238 35
1657483567213 14.952643394470215 36
1657483567465 16.777009963989258 37
1657483567723 19.09954071044922 38
1657483567974 22.079044342041016 39
1657483568224 24.905241012573242 40
1657483568479 27.566164016723633 41
1657483568732 29.994482040405273 42
1657483568982 32.02644348144531 43
1657483569237 33.77647399902344 44
1657483569488 35.349388122558594 45
1657483569746 36.65321731567383 46
1657483569998 38.23648452758789 47
1657483570251 39.380943298339844 48
1657483570505 39.471473693847656 49
1657483570760 38.19865417480469 50
1657483571017 35.92290496826172 51
1657483571271 33.43413162231445 52
1657483571527 31.373790740966797 53
1657483571782 30.00844955444336 54
1657483572032 29.1115779876709 55
1657483572284 28.376808166503906 56
1657483572539 27.506126403808594 57
1657483572792 26.519424438476562 58
1657483573043 25.33082389831543 59
1657483573292 24.224401473999023 60
1657483573547 23.379802703857422 61
1657483573801 22.88351058959961 62
1657483574049 22.622346878051758 63
1657483574298 22.53104591369629 64
1657483574549 22.52252197265625 65
1657483574797 22.50225257873535 66
1657483575051 22.43701171875 67
1657483575303 22.333505630493164 68
