1657483557284 0.011652863584458828 0
1657483557719 0.01210657600313425 1
1657483558177 0.011212261393666267 2
1657483558527 0.010901419445872307 3
1657483558782 0.010722145438194275 4
1657483559031 0.01112338900566101 5
1657483559300 0.010905303992331028 6
1657483559551 0.01067330501973629 7
1657483559806 0.01005296129733324 8
1657483560058 0.011175347492098808 9
1657483560368 0.011087645776569843 10
1657483560624 0.010979498736560345 11
1657483560918 0.010997327044606209 12
1657483561184 0.010040491819381714 13
1657483561442 0.01007097028195858 14
1657483561711 0.009417777881026268 15
1657483562009 0.009413192979991436 16
1657483562272 0.009156295098364353 17
1657483562538 0.009021229110658169 18
1657483562805 0.008785092271864414 19
1657483563077 0.008693509735167027 20
1657483563351 0.008233804255723953 21
1657483563643 0.008658557198941708 22
1657483563916 0.008862124755978584 23
1657483564182 0.009069498628377914 24
1657483564444 0.009069133549928665 25
1657483564692 0.009915954433381557 26
1657483564948 0.010264592245221138 27
1657483565200 0.01029007788747549 28
1657483565455 0.01075015775859356 29
1657483565706 0.010674781166017056 30
1657483565955 0.010449161753058434 31
1657483566202 0.009933504275977612 32
1657483566461 0.009311509318649769 33
1657483566716 0.009154791943728924 34
1657483566967 0.00847237091511488 35
1657483567220 0.008216924965381622 36
1657483567473 0.008799850009381771 37
1657483567731 0.008756128139793873 38
1657483567981 0.007017133291810751 39
1657483568231 0.006247812882065773 40
1657483568487 0.005959245376288891 41
1657483568739 0.00571484537795186 42
1657483568989 0.006105094216763973 43
1657483569245 0.007139721419662237 44
1657483569496 0.00744603993371129 45
1657483569754 0.010438885539770126 46
1657483570005 0.0107534509152174 47
1657483570259 0.010794714093208313 48
1657483570513 0.01097507681697607 49
1657483570768 0.010582453571259975 50
1657483571025 0.010090159252285957 51
1657483571279 0.00963747501373291 52
1657483571534 0.008983046747744083 53
1657483571789 0.00882579293102026 54
1657483572040 0.0083902757614851 55
1657483572292 0.008037194609642029 56
1657483572547 0.0069399019703269005 57
1657483572799 0.007235200144350529 58
1657483573050 0.006876726634800434 59
1657483573300 0.00639315415173769 60
1657483573555 0.005613917950540781 61
1657483573809 0.005774011369794607 62
1657483574057 0.006531211547553539 63
1657483574306 0.0061680288054049015 64
1657483574556 0.005825509782880545 65
1657483574804 0.006304375361651182 66
1657483575059 0.00727997999638319 67
1657483575311 0.007544585503637791 68
