1657483557286 0.0 0
1657483557721 0.026742130517959595 1
1657483558180 0.1255289912223816 2
1657483558529 0.467702716588974 3
1657483558784 1.3220415115356445 4
1657483559033 3.019824504852295 5
1657483559302 6.225398063659668 6
1657483559553 10.125152587890625 7
1657483559808 12.712181091308594 8
1657483560060 13.48695182800293 9
1657483560370 13.617538452148438 10
1657483560626 14.770919799804688 11
1657483560920 17.635221481323242 12
1657483561186 21.42470932006836 13
1657483561444 24.13233184814453 14
1657483561714 25.000274658203125 15
1657483562012 24.001100540161133 16
1657483562274 21.948272705078125 17
1657483562541 19.87887191772461 18
1657483562807 18.337526321411133 19
1657483563080 17.272632598876953 20
1657483563353 16.17110824584961 21
1657483563646 14.569750785827637 22
1657483563918 12.094244003295898 23
1657483564185 8.941471099853516 24
1657483564446 4.762715816497803 25
1657483564694 0.8876943588256836 26
1657483564950 1.5580589771270752 27
1657483565203 2.2755038738250732 28
1657483565457 3.043753147125244 29
1657483565708 3.9762446880340576 30
1657483565958 5.139183521270752 31
1657483566204 6.624697208404541 32
1657483566464 7.404819011688232 33
1657483566718 10.32706356048584 34
1657483566969 12.955853462219238 35
1657483567223 14.952643394470215 36
1657483567475 16.777009963989258 37
1657483567733 19.09954071044922 38
1657483567983 22.079044342041016 39
1657483568233 24.905241012573242 40
1657483568489 27.566164016723633 41
1657483568741 29.994482040405273 42
1657483568991 32.02644348144531 43
1657483569247 33.77647399902344 44
1657483569498 35.349388122558594 45
1657483569756 36.65321731567383 46
1657483570007 38.23648452758789 47
1657483570261 39.380943298339844 48
1657483570515 39.471473693847656 49
1657483570770 38.19865417480469 50
1657483571027 35.92290496826172 51
1657483571281 33.43413162231445 52
1657483571537 31.373790740966797 53
1657483571791 30.00844955444336 54
1657483572042 29.1115779876709 55
1657483572294 28.376808166503906 56
1657483572549 27.506126403808594 57
1657483572801 26.519424438476562 58
1657483573053 25.33082389831543 59
1657483573302 24.224401473999023 60
1657483573557 23.379802703857422 61
1657483573811 22.88351058959961 62
1657483574059 22.622346878051758 63
1657483574308 22.53104591369629 64
1657483574558 22.52252197265625 65
1657483574807 22.50225257873535 66
1657483575061 22.43701171875 67
1657483575313 22.333505630493164 68
