1657483557285 0.0 0
1657483557720 3.036142349243164 1
1657483558179 7.631054878234863 2
1657483558528 11.354700088500977 3
1657483558783 13.22268295288086 4
1657483559032 13.23496150970459 5
1657483559301 12.726062774658203 6
1657483559552 13.888298034667969 7
1657483559807 16.224328994750977 8
1657483560059 19.010211944580078 9
1657483560369 22.7615909576416 10
1657483560625 26.393491744995117 11
1657483560919 29.3453311920166 12
1657483561185 31.59332275390625 13
1657483561443 33.239749908447266 14
1657483561713 34.03483581542969 15
1657483562011 33.83909606933594 16
1657483562273 32.74740982055664 17
1657483562540 31.02482795715332 18
1657483562806 28.706470489501953 19
1657483563079 26.009414672851562 20
1657483563352 23.042219161987305 21
1657483563645 20.13828468322754 22
1657483563917 16.946945190429688 23
1657483564183 13.810726165771484 24
1657483564445 10.744884490966797 25
1657483564693 9.35046100616455 26
1657483564949 10.802260398864746 27
1657483565202 12.505370140075684 28
1657483565456 12.476327896118164 29
1657483565707 11.34688663482666 30
1657483565956 11.374058723449707 31
1657483566203 13.09810733795166 32
1657483566462 15.073126792907715 33
1657483566717 16.832439422607422 34
1657483566968 19.33547592163086 35
1657483567222 22.85442352294922 36
1657483567474 27.08692169189453 37
1657483567732 31.67283058166504 38
1657483567982 35.884220123291016 39
1657483568232 39.14545822143555 40
1657483568488 42.11127853393555 41
1657483568740 44.93218994140625 42
1657483568990 47.53123474121094 43
1657483569246 50.14375305175781 44
1657483569497 52.88906478881836 45
1657483569755 55.315025329589844 46
1657483570006 57.09025573730469 47
1657483570260 57.53512191772461 48
1657483570514 56.957767486572266 49
1657483570769 55.31986999511719 50
1657483571026 53.0707893371582 51
1657483571280 50.59550094604492 52
1657483571535 48.204471588134766 53
1657483571790 46.08719253540039 54
1657483572041 44.081302642822266 55
1657483572293 42.22249984741211 56
1657483572548 40.53205108642578 57
1657483572800 39.21363067626953 58
1657483573052 37.93965530395508 59
1657483573301 36.86885070800781 60
1657483573556 36.0200309753418 61
1657483573810 35.34965515136719 62
1657483574058 34.754798889160156 63
1657483574307 34.241886138916016 64
1657483574557 33.915077209472656 65
1657483574805 33.803504943847656 66
1657483575060 33.7835693359375 67
1657483575312 33.86318588256836 68
