1657483557282 4.945489883422852 0
1657483557716 4.628969192504883 1
1657483558175 5.338456153869629 2
1657483558525 5.5791425704956055 3
1657483558780 5.72028923034668 4
1657483559029 5.501220703125 5
1657483559298 5.588585376739502 6
1657483559548 5.699963092803955 7
1657483559804 6.265076637268066 8
1657483560056 5.491558074951172 9
1657483560366 5.3373918533325195 10
1657483560622 5.55694580078125 11
1657483560915 5.008918762207031 12
1657483561182 6.334540843963623 13
1657483561439 6.604435443878174 14
1657483561709 6.907073020935059 15
1657483562007 6.73732852935791 16
1657483562270 6.9368486404418945 17
1657483562536 7.32749080657959 18
1657483562803 7.760468006134033 19
1657483563074 7.842499732971191 20
1657483563349 8.176217079162598 21
1657483563641 7.881974697113037 22
1657483563914 7.963989734649658 23
1657483564179 7.647932052612305 24
1657483564442 7.726744651794434 25
1657483564690 6.778115272521973 26
1657483564946 6.464194297790527 27
1657483565198 6.290230751037598 28
1657483565453 5.796422004699707 29
1657483565704 5.333103656768799 30
1657483565953 5.730841636657715 31
1657483566200 5.924683094024658 32
1657483566459 6.458364963531494 33
1657483566714 6.44963264465332 34
1657483566965 7.073030948638916 35
1657483567218 7.135159015655518 36
1657483567471 6.651759147644043 37
1657483567729 6.69996452331543 38
1657483567979 7.9430317878723145 39
1657483568229 8.48668098449707 40
1657483568485 8.676446914672852 41
1657483568737 8.910076141357422 42
1657483568987 8.790947914123535 43
1657483569243 8.23830795288086 44
1657483569493 8.140825271606445 45
1657483569751 6.079981803894043 46
1657483570003 5.528508186340332 47
1657483570257 5.488808631896973 48
1657483570510 5.011496067047119 49
1657483570766 5.514077186584473 50
1657483571022 6.038118362426758 51
1657483571277 6.1143269538879395 52
1657483571532 6.663490295410156 53
1657483571787 6.964791774749756 54
1657483572038 7.272259712219238 55
1657483572290 7.607668876647949 56
1657483572545 8.318090438842773 57
1657483572797 8.098931312561035 58
1657483573048 8.230548858642578 59
1657483573298 8.574712753295898 60
1657483573553 8.98975944519043 61
1657483573807 8.959135055541992 62
1657483574054 8.531354904174805 63
1657483574304 8.752145767211914 64
1657483574554 9.103862762451172 65
1657483574802 8.81035327911377 66
1657483575057 8.15323543548584 67
1657483575308 8.0891752243042 68
