1657483557281 4.945489883422852 0
1657483557715 4.651670932769775 1
1657483558174 5.44589376449585 2
1657483558522 6.046845436096191 3
1657483558779 7.042330741882324 4
1657483559028 8.521045684814453 5
1657483559297 11.813983917236328 6
1657483559547 15.715008735656738 7
1657483559803 18.383920669555664 8
1657483560055 17.819047927856445 9
1657483560365 17.343238830566406 10
1657483560621 18.54051399230957 11
1657483560914 20.08378028869629 12
1657483561181 23.774608612060547 13
1657483561438 25.687801361083984 14
1657483561705 26.115373611450195 15
1657483562006 24.34914779663086 16
1657483562268 22.52627944946289 17
1657483562535 20.393157958984375 18
1657483562802 18.99922752380371 19
1657483563072 17.617355346679688 20
1657483563348 16.961666107177734 21
1657483563640 15.167122840881348 22
1657483563912 13.462093353271484 23
1657483564178 10.275927543640137 24
1657483564441 8.124674797058105 25
1657483564689 7.665809631347656 26
1657483564945 8.022253036499023 27
1657483565197 8.492159843444824 28
1657483565452 8.581619262695312 29
1657483565703 8.860260009765625 30
1657483565952 9.310667037963867 31
1657483566199 10.513057708740234 32
1657483566458 13.442506790161133 33
1657483566713 16.615846633911133 34
1657483566964 19.339876174926758 35
1657483567217 21.429698944091797 36
1657483567470 22.795188903808594 37
1657483567728 25.260330200195312 38
1657483567978 29.06094741821289 39
1657483568228 32.24000930786133 40
1657483568484 34.299495697021484 41
1657483568736 36.4306640625 42
1657483568986 38.763648986816406 43
1657483569242 40.45381546020508 44
1657483569492 41.74493408203125 45
1657483569750 39.102535247802734 46
1657483570002 40.87126541137695 47
1657483570256 42.890777587890625 48
1657483570509 42.975303649902344 49
1657483570765 42.57838439941406 50
1657483571021 40.63407516479492 51
1657483571275 38.672760009765625 52
1657483571531 37.015464782714844 53
1657483571786 35.5172119140625 54
1657483572037 34.39934539794922 55
1657483572289 33.601104736328125 56
1657483572544 32.73768997192383 57
1657483572796 31.251876831054688 58
1657483573047 30.25229263305664 59
1657483573297 29.377864837646484 60
1657483573552 28.2967586517334 61
1657483573806 27.879512786865234 62
1657483574053 27.79479217529297 63
1657483574302 27.616382598876953 64
1657483574553 27.960628509521484 65
1657483574801 27.425825119018555 66
1657483575056 27.437753677368164 67
1657483575307 27.084938049316406 68
