1657483557279 0.06518902629613876 0
1657483557712 0.05924176797270775 1
1657483558171 0.11088120192289352 2
1657483558520 0.17452824115753174 3
1657483558777 0.31895074248313904 4
1657483559025 0.634790301322937 5
1657483559295 0.9688892364501953 6
1657483559545 0.9993172883987427 7
1657483559800 0.9999642372131348 8
1657483560053 0.9999655485153198 9
1657483560363 0.9999444484710693 10
1657483560619 0.9999822378158569 11
1657483560912 0.9999955892562866 12
1657483561178 0.9999998807907104 13
1657483561436 1.0 14
1657483561702 1.0 15
1657483562004 1.0 16
1657483562266 0.9999982118606567 17
1657483562533 0.9999799728393555 18
1657483562800 0.9999041557312012 19
1657483563069 0.9995508790016174 20
1657483563346 0.998773992061615 21
1657483563638 0.9937533736228943 22
1657483563910 0.9695304036140442 23
1657483564176 0.6007063984870911 24
1657483564439 0.1604185551404953 25
1657483564687 0.18705643713474274 26
1657483564943 0.25362470746040344 27
1657483565195 0.36051735281944275 28
1657483565450 0.4643607437610626 29
1657483565701 0.5781857371330261 30
1657483565950 0.7225556969642639 31
1657483566197 0.5817841291427612 32
1657483566456 0.9110164046287537 33
1657483566711 0.9991905093193054 34
1657483566962 0.9999752044677734 35
1657483567215 0.9999971389770508 36
1657483567467 0.9999996423721313 37
1657483567725 1.0 38
1657483567976 1.0 39
1657483568226 1.0 40
1657483568482 1.0 41
1657483568734 1.0 42
1657483568984 1.0 43
1657483569240 1.0 44
1657483569490 1.0 45
1657483569748 1.0 46
1657483570000 1.0 47
1657483570254 1.0 48
1657483570507 1.0 49
1657483570762 1.0 50
1657483571019 1.0 51
1657483571273 1.0 52
1657483571529 1.0 53
1657483571784 1.0 54
1657483572035 1.0 55
1657483572287 1.0 56
1657483572541 1.0 57
1657483572794 1.0 58
1657483573045 1.0 59
1657483573295 1.0 60
1657483573550 1.0 61
1657483573804 1.0 62
1657483574051 1.0 63
1657483574300 1.0 64
1657483574551 1.0 65
1657483574799 1.0 66
1657483575054 1.0 67
1657483575305 1.0 68
