1657483557280 32.840763092041016 0
1657483557713 31.057641983032227 1
1657483558173 34.74696350097656 2
1657483558521 37.64444351196289 3
1657483558778 40.19032287597656 4
1657483559027 40.425331115722656 5
1657483559296 41.29277038574219 6
1657483559546 42.603878021240234 7
1657483559802 45.134464263916016 8
1657483560054 46.01500701904297 9
1657483560364 50.75580978393555 10
1657483560620 55.969207763671875 11
1657483560913 60.22614669799805 12
1657483561179 72.70201110839844 13
1657483561437 72.97406005859375 14
1657483561703 78.82720184326172 15
1657483562005 78.07526397705078 16
1657483562267 80.16741180419922 17
1657483562534 82.92818450927734 18
1657483562801 82.8144760131836 19
1657483563071 82.41641235351562 20
1657483563347 82.90418243408203 21
1657483563639 79.98773956298828 22
1657483563911 85.00684356689453 23
1657483564177 82.13815307617188 24
1657483564440 80.91121673583984 25
1657483564688 70.40576171875 26
1657483564944 68.62908172607422 27
1657483565196 65.2440185546875 28
1657483565451 59.26514434814453 29
1657483565702 55.254512786865234 30
1657483565951 50.44523239135742 31
1657483566198 51.92583084106445 32
1657483566457 52.68596649169922 33
1657483566712 52.166603088378906 34
1657483566963 53.75962829589844 35
1657483567216 55.20557403564453 36
1657483567468 54.670326232910156 37
1657483567726 57.106937408447266 38
1657483567977 62.89849853515625 39
1657483568227 66.98429107666016 40
1657483568483 68.18690490722656 41
1657483568735 70.3812255859375 42
1657483568985 73.74173736572266 43
1657483569241 75.55498504638672 44
1657483569491 78.02444458007812 45
1657483569749 85.02737426757812 46
1657483570001 83.5499267578125 47
1657483570255 82.435791015625 48
1657483570508 79.51319885253906 49
1657483570764 78.48696899414062 50
1657483571020 76.83303833007812 51
1657483571274 74.02406311035156 52
1657483571530 72.8395767211914 53
1657483571785 70.66976165771484 54
1657483572036 68.88861846923828 55
1657483572288 67.63550567626953 56
1657483572542 67.81999969482422 57
1657483572795 67.04210662841797 58
1657483573046 64.4026107788086 59
1657483573296 64.30522155761719 60
1657483573551 64.0513687133789 61
1657483573805 64.36549377441406 62
1657483574052 63.27472686767578 63
1657483574301 63.74187469482422 64
1657483574552 65.99544525146484 65
1657483574800 66.59539031982422 66
1657483575055 65.70514678955078 67
1657483575306 66.74432373046875 68
