1657483557277 0.10959871113300323 0
1657483557711 0.0964990109205246 1
1657483558170 0.16029618680477142 2
1657483558519 0.22812731564044952 3
1657483558776 0.36168885231018066 4
1657483559024 0.648561418056488 5
1657483559294 0.9690168499946594 6
1657483559544 0.9993173480033875 7
1657483559799 0.9999642372131348 8
1657483560052 0.9999655485153198 9
1657483560362 0.9999444484710693 10
1657483560618 0.9999822378158569 11
1657483560911 0.9999955892562866 12
1657483561177 0.9999998807907104 13
1657483561435 1.0 14
1657483561701 1.0 15
1657483562003 1.0 16
1657483562265 0.9999982118606567 17
1657483562532 0.9999799728393555 18
1657483562799 0.9999041557312012 19
1657483563068 0.9995508790016174 20
1657483563345 0.998773992061615 21
1657483563637 0.9937540888786316 22
1657483563909 0.9695500731468201 23
1657483564175 0.6056727766990662 24
1657483564438 0.21850238740444183 25
1657483564686 0.236648827791214 26
1657483564942 0.28685590624809265 27
1657483565194 0.39521992206573486 28
1657483565449 0.4861600697040558 29
1657483565700 0.585800051689148 30
1657483565949 0.7242255210876465 31
1657483566196 0.6781361103057861 32
1657483566455 0.9147009253501892 33
1657483566710 0.999190628528595 34
1657483566961 0.9999752044677734 35
1657483567214 0.9999971389770508 36
1657483567466 0.9999996423721313 37
1657483567724 1.0 38
1657483567975 1.0 39
1657483568225 1.0 40
1657483568481 1.0 41
1657483568733 1.0 42
1657483568983 1.0 43
1657483569239 1.0 44
1657483569489 1.0 45
1657483569747 1.0 46
1657483569999 1.0 47
1657483570253 1.0 48
1657483570506 1.0 49
1657483570761 1.0 50
1657483571018 1.0 51
1657483571272 1.0 52
1657483571528 1.0 53
1657483571783 1.0 54
1657483572034 1.0 55
1657483572286 1.0 56
1657483572540 1.0 57
1657483572793 1.0 58
1657483573044 1.0 59
1657483573294 1.0 60
1657483573548 1.0 61
1657483573802 1.0 62
1657483574050 1.0 63
1657483574299 1.0 64
1657483574550 1.0 65
1657483574798 1.0 66
1657483575052 1.0 67
1657483575304 1.0 68
