1657511499935 0.06518902629613876 0
1657511500412 0.04363790526986122 1
1657511500893 0.1039644405245781 2
1657511501184 0.14911700785160065 3
1657511501445 0.2354528307914734 4
1657511501732 0.4138004779815674 5
1657511501988 0.784741222858429 6
1657511502264 0.9864838719367981 7
1657511502523 0.9997074007987976 8
1657511502783 0.9999706745147705 9
1657511503050 0.9999783039093018 10
1657511503317 0.9999769926071167 11
1657511503579 0.9999237060546875 12
1657511503835 0.9999532699584961 13
1657511504093 0.9999936819076538 14
1657511504348 0.9999990463256836 15
1657511504605 0.9999994039535522 16
1657511504886 0.9999988079071045 17
1657511505152 0.999974250793457 18
1657511505402 0.9994452595710754 19
1657511505664 0.9915635585784912 20
1657511505941 0.9734696745872498 21
1657511506205 0.9125677347183228 22
1657511506465 0.714887797832489 23
1657511506743 0.051648084074258804 24
1657511507008 0.00042596267303451896 25
1657511507265 1.3764451978204306e-05 26
1657511507547 1.5222022966554505e-06 27
1657511507814 2.8833655960625038e-06 28
1657511508080 4.0738545067142695e-05 29
1657511508395 0.0009146885713562369 30
1657511508683 0.00500535499304533 31
1657511509028 0.005597998388111591 32
1657511509342 0.0017920496175065637 33
1657511509677 0.00020590373605955392 34
1657511509992 6.467018920375267e-06 35
1657511510337 1.1087695384048857e-07 36
1657511510623 1.373124391967906e-09 37
1657511510933 1.7339107927227815e-10 38
1657511511202 2.765332962617606e-10 39
1657511511479 6.335747482211218e-09 40
1657511511768 1.7796486417864799e-07 41
1657511512048 8.908746167435311e-07 42
1657511512317 2.3317221575780422e-07 43
1657511512592 6.964817611532226e-09 44
1657511512854 1.9699190889621576e-10 45
1657511513132 3.7750442420485253e-13 46
1657511513415 1.3280529020248677e-12 47
1657511513686 1.0474855358100221e-11 48
1657511513977 4.5347173932563933e-11 49
1657511514248 1.7106469019090298e-10 50
1657511514520 1.3603808357576241e-10 51
1657511514841 6.293982696137235e-11 52
1657511515186 2.321206074573645e-11 53
1657511515650 6.099403100645606e-12 54
1657511515967 1.5724492020974257e-12 55
1657511516264 3.915106357599979e-13 56
1657511516524 6.874446893895617e-14 57
1657511516776 2.2256168465801217e-14 58
1657511517029 3.8756151743814596e-14 59
1657511517283 1.2345891453255375e-13 60
1657511517537 1.91091486709781e-13 61
1657511517803 2.96572933312228e-13 62
1657511518085 2.795652977779367e-13 63
1657511518362 1.0357055382596847e-13 64
1657511518638 1.1607895363235227e-13 65
1657511518914 1.6749613035525052e-13 66
1657511519190 2.1422804936249706e-12 67
1657511519454 9.634091267807232e-12 68
