1657511499937 0.0 0
1657511500416 0.019155824556946754 1
1657511500895 0.06360780447721481 2
1657511501185 0.2725343704223633 3
1657511501447 0.809119462966919 4
1657511501734 1.9136489629745483 5
1657511501989 3.843135356903076 6
1657511502265 7.248165607452393 7
1657511502525 11.134020805358887 8
1657511502785 13.930630683898926 9
1657511503052 14.745777130126953 10
1657511503318 14.629354476928711 11
1657511503580 14.817983627319336 12
1657511503837 16.21330451965332 13
1657511504095 18.969833374023438 14
1657511504350 21.739238739013672 15
1657511504606 23.2116641998291 16
1657511504887 22.414966583251953 17
1657511505153 19.76592254638672 18
1657511505404 16.65407371520996 19
1657511505665 14.331771850585938 20
1657511505942 13.062628746032715 21
1657511506207 11.89095401763916 22
1657511506467 9.654613494873047 23
1657511506745 5.773958683013916 24
1657511507010 0.1653427928686142 25
1657511507266 -5.010016918182373 26
1657511507549 -7.572482585906982 27
1657511507815 -7.246179103851318 28
1657511508082 -4.510289192199707 29
1657511508396 -0.7206359505653381 30
1657511508684 2.94173002243042 31
1657511509029 5.323431968688965 32
1657511509344 5.681863784790039 33
1657511509678 3.845916986465454 34
1657511509994 0.6457328200340271 35
1657511510339 -2.7497901916503906 36
1657511510624 -4.824658393859863 37
1657511510935 -4.823251247406006 38
1657511511203 -3.0616538524627686 39
1657511511481 -0.003619192633777857 40
1657511511769 2.749023199081421 41
1657511512051 3.762096881866455 42
1657511512318 2.6460354328155518 43
1657511512593 0.22389303147792816 44
1657511512855 -2.058565855026245 45
1657511513135 -3.3419294357299805 46
1657511513417 -3.331575632095337 47
1657511513687 -2.451436996459961 48
1657511513978 -1.058940052986145 49
1657511514250 0.3235084116458893 50
1657511514522 1.3355646133422852 51
1657511514842 1.6331465244293213 52
1657511515188 1.1086184978485107 53
1657511515651 -0.04762949422001839 54
1657511515968 -1.3191598653793335 55
1657511516265 -2.220675468444824 56
1657511516526 -2.3906710147857666 57
1657511516777 -1.7741600275039673 58
1657511517030 -0.7705614566802979 59
1657511517284 0.16873162984848022 60
1657511517539 0.6162860989570618 61
1657511517804 0.3600581884384155 62
1657511518087 -0.4037488102912903 63
1657511518364 -1.1902183294296265 64
1657511518640 -1.6806663274765015 65
1657511518915 -1.6338127851486206 66
1657511519191 -1.135921835899353 67
1657511519455 -0.4883163869380951 68
