1657511499947 0.008347135968506336 0
1657511500436 0.007893423549830914 1
1657511500908 0.008787738159298897 2
1657511501195 0.009098580107092857 3
1657511501456 0.00927785411477089 4
1657511501745 0.008876610547304153 5
1657511502000 0.009094695560634136 6
1657511502275 0.009326694533228874 7
1657511502535 0.009947038255631924 8
1657511502795 0.008824652060866356 9
1657511503062 0.008912353776395321 10
1657511503328 0.00902050081640482 11
1657511503590 0.009002672508358955 12
1657511503847 0.00995950773358345 13
1657511504105 0.009929029271006584 14
1657511504360 0.010582221671938896 15
1657511504616 0.010586806572973728 16
1657511504897 0.010843704454600811 17
1657511505163 0.010978770442306995 18
1657511505413 0.01121490728110075 19
1657511505675 0.011306490749120712 20
1657511505953 0.011766195297241211 21
1657511506217 0.011341442354023457 22
1657511506477 0.01113787479698658 23
1657511506754 0.01093050092458725 24
1657511507019 0.010930866003036499 25
1657511507276 0.010084045119583607 26
1657511507559 0.009735407307744026 27
1657511507826 0.009709921665489674 28
1657511508094 0.009249841794371605 29
1657511508409 0.009325218386948109 30
1657511508695 0.00955083779990673 31
1657511509040 0.010066494345664978 32
1657511509356 0.010688490234315395 33
1657511509690 0.01084520760923624 34
1657511510007 0.011527628637850285 35
1657511510351 0.011783075518906116 36
1657511510635 0.011200148612260818 37
1657511510945 0.011243871413171291 38
1657511511214 0.0129828667268157 39
1657511511491 0.013752185739576817 40
1657511511779 0.014040753245353699 41
1657511512060 0.014285153709352016 42
1657511512328 0.013894905336201191 43
1657511512603 0.012860278598964214 44
1657511512865 0.012553960084915161 45
1657511513145 0.009561114013195038 46
1657511513427 0.009246548637747765 47
1657511513697 0.009205285459756851 48
1657511513989 0.009024922735989094 49
1657511514260 0.009417545981705189 50
1657511514532 0.009909840300679207 51
1657511514854 0.010362524539232254 52
1657511515203 0.01101695280522108 53
1657511515667 0.011174206621944904 54
1657511515978 0.01160972286015749 55
1657511516275 0.011962804943323135 56
1657511516535 0.013060097582638264 57
1657511516787 0.012764799408614635 58
1657511517040 0.013123273849487305 59
1657511517294 0.013606846332550049 60
1657511517548 0.014386081136763096 61
1657511517814 0.01422598771750927 62
1657511518097 0.01346878707408905 63
1657511518374 0.013831970281898975 64
1657511518650 0.014174489304423332 65
1657511518926 0.013695623725652695 66
1657511519201 0.012720019556581974 67
1657511519465 0.012455414049327374 68
