1657511499948 0.0 0
1657511500438 2.1748383045196533 1
1657511500910 5.4151740074157715 2
1657511501196 9.264951705932617 3
1657511501458 12.307144165039062 4
1657511501746 13.739567756652832 5
1657511502001 13.64220142364502 6
1657511502276 13.554720878601074 7
1657511502536 15.039258003234863 8
1657511502796 17.672317504882812 9
1657511503063 20.115617752075195 10
1657511503329 22.83888053894043 11
1657511503591 25.724637985229492 12
1657511503848 27.89854621887207 13
1657511504106 29.56107521057129 14
1657511504361 30.671630859375 15
1657511504617 31.143436431884766 16
1657511504898 30.437110900878906 17
1657511505164 28.789949417114258 18
1657511505414 26.584884643554688 19
1657511505676 23.822505950927734 20
1657511505954 20.429536819458008 21
1657511506218 16.802343368530273 22
1657511506478 13.199784278869629 23
1657511506756 9.59266471862793 24
1657511507021 7.826338291168213 25
1657511507277 10.420234680175781 26
1657511507560 12.940083503723145 27
1657511507827 13.660013198852539 28
1657511508095 13.1834077835083 29
1657511508410 13.217977523803711 30
1657511508696 15.0713472366333 31
1657511509041 17.99777603149414 32
1657511509357 20.711048126220703 33
1657511509691 23.020967483520508 34
1657511510009 25.388805389404297 35
1657511510352 28.00702476501465 36
1657511510636 30.167129516601562 37
1657511510946 31.42852783203125 38
1657511511215 32.01478958129883 39
1657511511492 32.398887634277344 40
1657511511780 32.80162048339844 41
1657511512062 32.934051513671875 42
1657511512330 32.48087692260742 43
1657511512604 31.97856903076172 44
1657511512867 31.833370208740234 45
1657511513146 31.98114013671875 46
1657511513428 32.48904800415039 47
1657511513699 33.21089172363281 48
1657511513990 34.0974235534668 49
1657511514261 34.95488357543945 50
1657511514533 35.804893493652344 51
1657511514855 36.682952880859375 52
1657511515204 37.630130767822266 53
1657511515668 38.74563217163086 54
1657511515979 39.95518493652344 55
1657511516276 41.10221481323242 56
1657511516536 42.05336380004883 57
1657511516788 43.033565521240234 58
1657511517041 43.855224609375 59
1657511517295 44.4142951965332 60
1657511517549 44.67637252807617 61
1657511517815 44.715450286865234 62
1657511518098 44.43745422363281 63
1657511518375 43.72884750366211 64
1657511518651 42.59981918334961 65
1657511518927 41.1199951171875 66
1657511519202 39.628746032714844 67
1657511519466 38.18376922607422 68
