1657511499949 0.0 0
1657511500440 0.019155824556946754 1
1657511500911 0.07154498249292374 2
1657511501197 0.2725343704223633 3
1657511501459 0.809119462966919 4
1657511501747 1.9136489629745483 5
1657511502002 3.843135356903076 6
1657511502277 7.248165607452393 7
1657511502537 11.134020805358887 8
1657511502797 13.930630683898926 9
1657511503064 14.745777130126953 10
1657511503331 14.629354476928711 11
1657511503593 14.817983627319336 12
1657511503849 16.21330451965332 13
1657511504107 18.969833374023438 14
1657511504362 21.739238739013672 15
1657511504619 23.2116641998291 16
1657511504899 22.414966583251953 17
1657511505165 19.76592254638672 18
1657511505415 16.65407371520996 19
1657511505677 14.331771850585938 20
1657511505955 13.062628746032715 21
1657511506219 11.89095401763916 22
1657511506479 9.654613494873047 23
1657511506757 5.773958683013916 24
1657511507022 0.7978225946426392 25
1657511507278 1.2926923036575317 26
1657511507562 1.844457983970642 27
1657511507828 2.603391170501709 28
1657511508096 3.930840492248535 29
1657511508411 6.159372806549072 30
1657511508697 9.29258918762207 31
1657511509042 12.368184089660645 32
1657511509358 14.485835075378418 33
1657511509693 15.435785293579102 34
1657511510011 15.919463157653809 35
1657511510353 16.99277687072754 36
1657511510637 19.065567016601562 37
1657511510947 21.310195922851562 38
1657511511216 22.777414321899414 39
1657511511493 22.830533981323242 40
1657511511781 21.59555435180664 41
1657511512063 20.46535873413086 42
1657511512331 20.47626495361328 43
1657511512605 21.30422592163086 44
1657511512868 21.854942321777344 45
1657511513148 21.632598876953125 46
1657511513429 21.12200355529785 47
1657511513700 20.851633071899414 48
1657511513991 21.25006675720215 49
1657511514263 22.346019744873047 50
1657511514534 23.833450317382812 51
1657511514856 25.129182815551758 52
1657511515205 25.752239227294922 53
1657511515671 25.740802764892578 54
1657511515981 25.678998947143555 55
1657511516278 26.209636688232422 56
1657511516538 27.479215621948242 57
1657511516789 29.05432891845703 58
1657511517042 29.99338722229004 59
1657511517296 30.05483055114746 60
1657511517551 29.55628776550293 61
1657511517816 29.14339256286621 62
1657511518099 29.244518280029297 63
1657511518377 29.50691032409668 64
1657511518652 29.24565315246582 65
1657511518928 28.01736068725586 66
1657511519204 26.23187828063965 67
1657511519467 24.74819564819336 68
