1657511499944 0.06518902629613876 0
1657511500427 0.04121652618050575 1
1657511500904 0.0910198837518692 2
1657511501192 0.10736466944217682 3
1657511501453 0.11555568873882294 4
1657511501741 0.10123251378536224 5
1657511501996 0.10188926011323929 6
1657511502272 0.09435892105102539 7
1657511502532 0.08492255210876465 8
1657511502792 0.026213865727186203 9
1657511503058 0.01218829583376646 10
1657511503325 0.011199425905942917 11
1657511503587 0.00273145642131567 12
1657511503844 0.001148662413470447 13
1657511504101 0.0005791218136437237 14
1657511504357 0.00022485047520603985 15
1657511504613 0.00010465132800163701 16
1657511504893 0.00010713283700169995 17
1657511505160 7.676719542359933e-05 18
1657511505410 7.838008605176583e-05 19
1657511505672 5.354617314878851e-05 20
1657511505949 6.66703563183546e-05 21
1657511506214 7.055231253616512e-05 22
1657511506474 0.00017110648332163692 23
1657511506751 0.00020133249927312136 24
1657511507016 0.0005006029969081283 25
1657511507273 0.003096218453720212 26
1657511507556 0.004830247722566128 27
1657511507822 0.008337246254086494 28
1657511508090 0.013148091733455658 29
1657511508405 0.02588621899485588 30
1657511508691 0.04294699802994728 31
1657511509036 0.059898748993873596 32
1657511509352 0.07137022912502289 33
1657511509685 0.08780523389577866 34
1657511510003 0.07881788909435272 35
1657511510348 0.082606740295887 36
1657511510632 0.07259760051965714 37
1657511510942 0.08432138711214066 38
1657511511210 0.09909941256046295 39
1657511511488 0.09333924949169159 40
1657511511776 0.05253281071782112 41
1657511512057 0.03575977683067322 42
1657511512325 0.04786703735589981 43
1657511512600 0.06249590218067169 44
1657511512862 0.05272795632481575 45
1657511513142 0.0016429717652499676 46
1657511513424 0.002577355597168207 47
1657511513694 0.006903162691742182 48
1657511513986 0.008089443668723106 49
1657511514257 0.017014240846037865 50
1657511514529 0.02082449570298195 51
1657511514850 0.032169733196496964 52
1657511515198 0.0391760915517807 53
1657511515662 0.035330630838871 54
1657511515975 0.026444613933563232 55
1657511516272 0.02302558533847332 56
1657511516532 0.016393231227993965 57
1657511516783 0.010026030242443085 58
1657511517037 0.012737867422401905 59
1657511517291 0.013578535988926888 60
1657511517545 0.008648421615362167 61
1657511517811 0.009070266038179398 62
1657511518093 0.013843010179698467 63
1657511518371 0.010727157816290855 64
1657511518646 0.01042651105672121 65
1657511518922 0.007815451361238956 66
1657511519198 0.01196838915348053 67
1657511519462 0.010134536772966385 68
