1657511499939 0.06518902629613876 0
1657511500419 0.05799756199121475 1
1657511500898 0.1039644405245781 2
1657511501187 0.14911700785160065 3
1657511501449 0.2354528307914734 4
1657511501736 0.4138004779815674 5
1657511501992 0.784741222858429 6
1657511502267 0.9864838719367981 7
1657511502527 0.9997074007987976 8
1657511502787 0.9999706745147705 9
1657511503054 0.9999783039093018 10
1657511503321 0.9999769926071167 11
1657511503583 0.9999237060546875 12
1657511503839 0.9999532699584961 13
1657511504097 0.9999936819076538 14
1657511504352 0.9999990463256836 15
1657511504609 0.9999994039535522 16
1657511504889 0.9999988079071045 17
1657511505156 0.999974250793457 18
1657511505406 0.9994452595710754 19
1657511505667 0.9915635585784912 20
1657511505945 0.9734696745872498 21
1657511506209 0.9125677347183228 22
1657511506469 0.714887797832489 23
1657511506747 0.13772566616535187 24
1657511507012 0.20715080201625824 25
1657511507269 0.24313633143901825 26
1657511507552 0.31879663467407227 27
1657511507818 0.4695080816745758 28
1657511508084 0.7104597091674805 29
1657511508400 0.9322553277015686 30
1657511508687 0.9899278283119202 31
1657511509032 0.9940567016601562 32
1657511509346 0.9981467723846436 33
1657511509680 0.9997608065605164 34
1657511509997 0.9999656677246094 35
1657511510341 0.9999867677688599 36
1657511510627 0.9999984502792358 37
1657511510937 1.0 38
1657511511205 1.0 39
1657511511483 1.0 40
1657511511772 0.9999996423721313 41
1657511512053 0.9999986886978149 42
1657511512321 0.9999996423721313 43
1657511512595 1.0 44
1657511512858 1.0 45
1657511513137 1.0 46
1657511513419 1.0 47
1657511513690 1.0 48
1657511513981 1.0 49
1657511514252 1.0 50
1657511514524 1.0 51
1657511514845 1.0 52
1657511515192 1.0 53
1657511515655 1.0 54
1657511515970 1.0 55
1657511516267 1.0 56
1657511516528 1.0 57
1657511516779 1.0 58
1657511517032 1.0 59
1657511517286 1.0 60
1657511517541 1.0 61
1657511517806 1.0 62
1657511518089 1.0 63
1657511518366 1.0 64
1657511518642 1.0 65
1657511518918 1.0 66
1657511519193 1.0 67
1657511519457 1.0 68
