1657511499940 32.840763092041016 0
1657511500420 30.768739700317383 1
1657511500900 33.77975082397461 2
1657511501188 36.476993560791016 3
1657511501450 39.4664421081543 4
1657511501738 40.43153381347656 5
1657511501993 41.695247650146484 6
1657511502268 42.93516159057617 7
1657511502528 45.39012145996094 8
1657511502788 46.00596237182617 9
1657511503055 49.732757568359375 10
1657511503322 53.9443473815918 11
1657511503584 57.75989532470703 12
1657511503841 70.36994171142578 13
1657511504098 71.00407409667969 14
1657511504353 77.5385971069336 15
1657511504610 77.39535522460938 16
1657511504890 79.78768157958984 17
1657511505157 82.5013427734375 18
1657511505407 82.20525360107422 19
1657511505669 81.57315826416016 20
1657511505946 81.85262298583984 21
1657511506210 78.89563751220703 22
1657511506470 84.19964599609375 23
1657511506748 81.64651489257812 24
1657511507013 80.84894561767578 25
1657511507270 70.73100280761719 26
1657511507553 69.0357894897461 27
1657511507819 65.47223663330078 28
1657511508085 59.50876998901367 29
1657511508401 55.998111724853516 30
1657511508688 51.86942672729492 31
1657511509033 53.76569366455078 32
1657511509348 54.736778259277344 33
1657511509682 54.27379608154297 34
1657511509998 55.643028259277344 35
1657511510342 56.57001495361328 36
1657511510628 55.138404846191406 37
1657511510938 55.60639953613281 38
1657511511207 59.250404357910156 39
1657511511484 61.57402038574219 40
1657511511773 61.22161102294922 41
1657511512054 61.74159240722656 42
1657511512322 63.345306396484375 43
1657511512596 63.132015228271484 44
1657511512859 63.802207946777344 45
1657511513139 73.01541900634766 46
1657511513420 69.29647064208984 47
1657511513691 66.94608306884766 48
1657511513982 64.1259765625 49
1657511514253 64.47470092773438 50
1657511514525 65.24398803710938 51
1657511514846 64.80802154541016 52
1657511515193 66.01081085205078 53
1657511515657 65.96876525878906 54
1657511515972 66.22327423095703 55
1657511516268 66.8426284790039 56
1657511516529 68.80812072753906 57
1657511516780 69.57357788085938 58
1657511517034 68.1747055053711 59
1657511517287 69.04987335205078 60
1657511517542 69.77630615234375 61
1657511517807 70.47926330566406 62
1657511518090 69.54108428955078 63
1657511518367 69.81128692626953 64
1657511518643 71.23401641845703 65
1657511518919 71.18901824951172 66
1657511519194 69.2025375366211 67
1657511519458 69.40713500976562 68
