1657511499941 4.945489883422852 0
1657511500422 4.645230770111084 1
1657511500902 5.402063846588135 2
1657511501190 5.851676940917969 3
1657511501451 6.5294084548950195 4
1657511501739 7.414869785308838 5
1657511501994 9.431720733642578 6
1657511502269 12.838022232055664 7
1657511502529 16.805761337280273 8
1657511502789 18.262725830078125 9
1657511503056 18.471477508544922 10
1657511503323 18.398948669433594 11
1657511503585 17.266542434692383 12
1657511503842 18.563203811645508 13
1657511504099 20.52530288696289 14
1657511504354 22.854337692260742 15
1657511504611 23.559711456298828 16
1657511504891 22.99297332763672 17
1657511505158 20.280208587646484 18
1657511505408 17.31577491760254 19
1657511505670 14.676494598388672 20
1657511505947 13.853187561035156 21
1657511506211 12.488326072692871 22
1657511506471 11.022462844848633 23
1657511506749 8.089225769042969 24
1657511507014 8.524567604064941 25
1657511507271 8.070807456970215 26
1657511507554 8.3086519241333 27
1657511507820 8.820047378540039 28
1657511508087 9.468707084655762 29
1657511508403 11.043388366699219 30
1657511508689 13.464072227478027 31
1657511509034 16.25654411315918 32
1657511509349 18.115741729736328 33
1657511509683 18.622562408447266 34
1657511510001 18.978517532348633 35
1657511510345 19.742095947265625 36
1657511510629 21.59969711303711 37
1657511510939 23.81300926208496 38
1657511511208 25.928937911987305 39
1657511511485 26.208208084106445 40
1657511511774 25.02403450012207 41
1657511512055 24.12934112548828 42
1657511512323 24.654727935791016 43
1657511512597 25.68362808227539 44
1657511512860 26.684839248657227 45
1657511513140 27.712581634521484 46
1657511513422 26.6505126953125 47
1657511513692 26.340442657470703 48
1657511513983 26.26156234741211 49
1657511514255 27.192218780517578 50
1657511514526 28.764820098876953 51
1657511514847 30.360618591308594 52
1657511515195 31.236642837524414 53
1657511515659 31.283964157104492 54
1657511515973 31.146991729736328 55
1657511516269 31.572385787963867 56
1657511516530 33.14927291870117 57
1657511516781 34.39445114135742 58
1657511517035 35.03239440917969 59
1657511517289 35.04506301879883 60
1657511517543 34.81926727294922 61
1657511517808 34.202545166015625 62
1657511518091 33.67423629760742 63
1657511518369 33.79364013671875 64
1657511518644 33.54194641113281 65
1657511518920 32.707576751708984 66
1657511519196 30.733970642089844 67
1657511519460 29.628829956054688 68
