1657511499938 0.10959871113300323 0
1657511500418 0.09490490704774857 1
1657511500897 0.1516435444355011 2
1657511501186 0.20104850828647614 3
1657511501448 0.2825232446193695 4
1657511501735 0.44265756011009216 5
1657511501991 0.7895609736442566 6
1657511502266 0.9865153431892395 7
1657511502526 0.9997074007987976 8
1657511502786 0.9999706745147705 9
1657511503053 0.9999783039093018 10
1657511503319 0.9999769926071167 11
1657511503582 0.9999237060546875 12
1657511503838 0.9999532699584961 13
1657511504096 0.9999936819076538 14
1657511504351 0.9999990463256836 15
1657511504607 0.9999994039535522 16
1657511504888 0.9999988079071045 17
1657511505155 0.999974250793457 18
1657511505405 0.9994452595710754 19
1657511505666 0.9915646910667419 20
1657511505944 0.9734849333763123 21
1657511506208 0.9127127528190613 22
1657511506468 0.7172679901123047 23
1657511506746 0.19962303340435028 24
1657511507011 0.2552296817302704 25
1657511507268 0.28176483511924744 26
1657511507550 0.34089651703834534 27
1657511507817 0.48556816577911377 28
1657511508083 0.7138422131538391 29
1657511508398 0.9323397278785706 30
1657511508686 0.9899407625198364 31
1657511509031 0.9940724968910217 32
1657511509345 0.9981483817100525 33
1657511509679 0.9997608661651611 34
1657511509995 0.9999656677246094 35
1657511510340 0.9999867677688599 36
1657511510625 0.9999984502792358 37
1657511510936 1.0 38
1657511511204 1.0 39
1657511511482 1.0 40
1657511511770 0.9999996423721313 41
1657511512052 0.9999986886978149 42
1657511512320 0.9999996423721313 43
1657511512594 1.0 44
1657511512856 1.0 45
1657511513136 1.0 46
1657511513418 1.0 47
1657511513688 1.0 48
1657511513980 1.0 49
1657511514251 1.0 50
1657511514523 1.0 51
1657511514843 1.0 52
1657511515190 1.0 53
1657511515652 1.0 54
1657511515969 1.0 55
1657511516266 1.0 56
1657511516527 1.0 57
1657511516778 1.0 58
1657511517031 1.0 59
1657511517285 1.0 60
1657511517540 1.0 61
1657511517805 1.0 62
1657511518088 1.0 63
1657511518365 1.0 64
1657511518641 1.0 65
1657511518917 1.0 66
1657511519192 1.0 67
1657511519456 1.0 68
