1657511831432 0.0 0
1657511832119 0.009577912278473377 1
1657511832551 0.026844307780265808 2
1657511832822 0.09178358316421509 3
1657511833072 0.24688126146793365 4
1657511833329 0.539590060710907 5
1657511833576 0.9600023627281189 6
1657511833848 1.5781797170639038 7
1657511834094 2.4255762100219727 8
1657511834386 3.5191595554351807 9
1657511834633 4.318905353546143 10
1657511834886 4.719881057739258 11
1657511835172 4.598050117492676 12
1657511835419 3.7765767574310303 13
1657511835667 2.2357404232025146 14
1657511835917 0.40073472261428833 15
1657511836161 -1.4827691316604614 16
1657511836409 -2.9311366081237793 17
1657511836658 -3.7129602432250977 18
1657511836909 -3.7044694423675537 19
1657511837158 -2.9614031314849854 20
1657511837410 -1.7099592685699463 21
1657511837663 -0.21361327171325684 22
1657511837910 1.0734107494354248 23
1657511838160 1.9411004781723022 24
1657511838411 2.2640645503997803 25
1657511838661 2.056767225265503 26
1657511838913 1.4955559968948364 27
1657511839159 0.7349036335945129 28
1657511839403 -0.08108337223529816 29
1657511839649 -0.7651383876800537 30
1657511839921 -1.2419873476028442 31
1657511840170 -1.4410685300827026 32
1657511840426 -1.3298221826553345 33
1657511840727 -0.9153870940208435 34
1657511840975 -0.2838258147239685 35
1657511841223 0.47158652544021606 36
1657511841519 1.1956576108932495 37
1657511841764 1.7029346227645874 38
1657511842015 1.921966314315796 39
1657511842259 1.719388484954834 40
1657511842511 1.0780848264694214 41
1657511842763 0.17225849628448486 42
1657511843012 -0.7555652260780334 43
1657511843260 -1.4289789199829102 44
1657511843508 -1.7091150283813477 45
1657511843760 -1.6326572895050049 46
1657511844009 -1.3748360872268677 47
1657511844257 -1.0055177211761475 48
1657511844504 -0.5978991389274597 49
1657511844750 -0.23929190635681152 50
1657511844998 0.03946399316191673 51
1657511845246 0.19385689496994019 52
1657511845492 0.20456750690937042 53
1657511845736 0.0810495913028717 54
1657511845982 -0.13323529064655304 55
1657511846229 -0.38734889030456543 56
1657511846474 -0.6181324124336243 57
1657511846722 -0.78537917137146 58
1657511846972 -0.8399366736412048 59
1657511847216 -0.7812855243682861 60
1657511847463 -0.6276670694351196 61
1657511847712 -0.4236845374107361 62
1657511847970 -0.23652811348438263 63
1657511848218 -0.11444424092769623 64
1657511848464 -0.07923879474401474 65
1657511848711 -0.14205700159072876 66
1657511848958 -0.2889659106731415 67
1657511849203 -0.4668513238430023 68
