1657511831431 0.06518902629613876 0
1657511832117 0.04241444170475006 1
1657511832550 0.09724608808755875 2
1657511832820 0.12425412982702255 3
1657511833071 0.15415053069591522 4
1657511833327 0.1750972419977188 5
1657511833574 0.23576000332832336 6
1657511833847 0.31483274698257446 7
1657511834093 0.40911173820495605 8
1657511834384 0.36196187138557434 9
1657511834632 0.32638028264045715 10
1657511834885 0.30340325832366943 11
1657511835171 0.10021387040615082 12
1657511835417 0.019451064988970757 13
1657511835666 0.0026832660660147667 14
1657511835915 0.00018762289255391806 15
1657511836159 1.7005306290229782e-05 16
1657511836408 4.520897618931485e-06 17
1657511836656 1.522474917692307e-06 18
1657511836907 1.4854508663120214e-06 19
1657511837157 1.9160333977197297e-06 20
1657511837408 6.7761156969936565e-06 21
1657511837661 2.6893381800618954e-05 22
1657511837909 0.00037596226320602 23
1657511838158 0.0009767352603375912 24
1657511838409 0.003050195286050439 25
1657511838659 0.015095011331140995 26
1657511838911 0.012367884628474712 27
1657511839157 0.008433264680206776 28
1657511839402 0.005456859711557627 29
1657511839648 0.005869241431355476 30
1657511839919 0.007071905303746462 31
1657511840168 0.009540659375488758 32
1657511840425 0.015210076235234737 33
1657511840726 0.031132925301790237 34
1657511840974 0.04485733062028885 35
1657511841222 0.07332892715930939 36
1657511841518 0.08655785769224167 37
1657511841763 0.07572128623723984 38
1657511842014 0.02004402130842209 39
1657511842258 0.0020720213651657104 40
1657511842510 5.9532805607886985e-05 41
1657511842761 1.753548531269189e-06 42
1657511843011 1.2861967491062387e-07 43
1657511843258 1.1664672783240349e-08 44
1657511843507 7.076909613878968e-10 45
1657511843759 1.9162826880858574e-10 46
1657511844008 3.469362991337377e-11 47
1657511844256 1.09672991174814e-11 48
1657511844502 4.120526402723312e-12 49
1657511844749 1.0572345082726642e-11 50
1657511844997 2.122867333309575e-11 51
1657511845245 1.0066468492109237e-10 52
1657511845491 5.155199045425718e-10 53
1657511845734 2.061570469891194e-09 54
1657511845980 4.437472167495571e-09 55
1657511846227 5.579334771965705e-09 56
1657511846473 2.8353916992074346e-09 57
1657511846721 1.573483454642144e-09 58
1657511846970 1.3068444104646915e-09 59
1657511847215 1.2429345330744468e-09 60
1657511847461 9.600001904530586e-10 61
1657511847711 1.7443404498607151e-09 62
1657511847969 3.659798686328486e-09 63
1657511848217 1.64952529413398e-09 64
1657511848463 5.112973933130149e-10 65
1657511848710 7.818136416037902e-11 66
1657511848956 3.0094437358796355e-11 67
1657511849202 6.563466783959804e-12 68
