1657511831443 0.004173567984253168 0
1657511832131 0.003946711774915457 1
1657511832562 0.004393869079649448 2
1657511832832 0.004549290053546429 3
1657511833083 0.004638927057385445 4
1657511833338 0.004438305273652077 5
1657511833587 0.004547347780317068 6
1657511833858 0.004663347266614437 7
1657511834104 0.004973519127815962 8
1657511834396 0.004412326030433178 9
1657511834643 0.0044561768881976604 10
1657511834897 0.00451025040820241 11
1657511835182 0.004501336254179478 12
1657511835429 0.004979753866791725 13
1657511835677 0.004964514635503292 14
1657511835927 0.005291110835969448 15
1657511836170 0.005293403286486864 16
1657511836419 0.0054218522273004055 17
1657511836668 0.005489385221153498 18
1657511836919 0.005607453640550375 19
1657511837168 0.005653245374560356 20
1657511837420 0.0058830976486206055 21
1657511837673 0.005670721177011728 22
1657511837920 0.00556893739849329 23
1657511838170 0.005465250462293625 24
1657511838421 0.0054654330015182495 25
1657511838671 0.005042022559791803 26
1657511838923 0.004867703653872013 27
1657511839169 0.004854960832744837 28
1657511839414 0.0046249208971858025 29
1657511839659 0.004662609193474054 30
1657511839930 0.004775418899953365 31
1657511840180 0.005033247172832489 32
1657511840437 0.005344245117157698 33
1657511840737 0.00542260380461812 34
1657511840985 0.005763814318925142 35
1657511841234 0.005891537759453058 36
1657511841529 0.005600074306130409 37
1657511841774 0.005621935706585646 38
1657511842025 0.00649143336340785 39
1657511842269 0.006876092869788408 40
1657511842522 0.007020376622676849 41
1657511842773 0.007142576854676008 42
1657511843022 0.0069474526681005955 43
1657511843270 0.006430139299482107 44
1657511843518 0.006276980042457581 45
1657511843770 0.004780557006597519 46
1657511844019 0.004623274318873882 47
1657511844267 0.004602642729878426 48
1657511844514 0.004512461367994547 49
1657511844760 0.004708772990852594 50
1657511845008 0.004954920150339603 51
1657511845256 0.005181262269616127 52
1657511845502 0.00550847640261054 53
1657511845746 0.005587103310972452 54
1657511845992 0.005804861430078745 55
1657511846239 0.005981402471661568 56
1657511846484 0.006530048791319132 57
1657511846732 0.006382399704307318 58
1657511846982 0.006561636924743652 59
1657511847227 0.006803423166275024 60
1657511847473 0.007193040568381548 61
1657511847722 0.007112993858754635 62
1657511847980 0.006734393537044525 63
1657511848228 0.006915985140949488 64
1657511848474 0.007087244652211666 65
1657511848721 0.006847811862826347 66
1657511848968 0.006360009778290987 67
1657511849213 0.006227707024663687 68
