1657511831445 0.0 0
1657511832134 0.009577912278473377 1
1657511832565 0.028637824580073357 2
1657511832834 0.09178358316421509 3
1657511833085 0.24688126146793365 4
1657511833341 0.539590060710907 5
1657511833590 0.9600023627281189 6
1657511833860 1.5781797170639038 7
1657511834107 2.4255762100219727 8
1657511834398 3.5191595554351807 9
1657511834646 4.318905353546143 10
1657511834899 4.719881057739258 11
1657511835184 4.598050117492676 12
1657511835432 4.182068824768066 13
1657511835680 4.250888347625732 14
1657511835929 3.9621901512145996 15
1657511836173 3.316823959350586 16
1657511836421 2.3374223709106445 17
1657511836670 1.107785940170288 18
1657511836921 0.7723978757858276 19
1657511837171 0.9690788388252258 20
1657511837423 1.4250261783599854 21
1657511837675 2.0117924213409424 22
1657511837923 2.8218297958374023 23
1657511838173 3.12272572517395 24
1657511838423 2.981746196746826 25
1657511838673 2.418262243270874 26
1657511838925 2.091608762741089 27
1657511839171 2.621514320373535 28
1657511839416 3.161623001098633 29
1657511839661 3.628492832183838 30
1657511839933 3.944476366043091 31
1657511840182 4.0101823806762695 32
1657511840439 3.724181890487671 33
1657511840739 2.955775022506714 34
1657511840987 1.7269203662872314 35
1657511841237 1.525280475616455 36
1657511841531 2.398322582244873 37
1657511841777 3.460007667541504 38
1657511842027 4.820351600646973 39
1657511842271 6.74109411239624 40
1657511842524 8.863639831542969 41
1657511842775 10.952215194702148 42
1657511843025 13.057095527648926 43
1657511843272 15.276754379272461 44
1657511843520 17.6146183013916 45
1657511843772 20.119112014770508 46
1657511844021 22.00560760498047 47
1657511844269 23.5316104888916 48
1657511844516 24.45620346069336 49
1657511844763 24.584810256958008 50
1657511845010 23.885690689086914 51
1657511845258 22.448650360107422 52
1657511845504 20.5685977935791 53
1657511845748 18.62481689453125 54
1657511845994 17.115449905395508 55
1657511846241 16.233474731445312 56
1657511846486 15.976428031921387 57
1657511846734 16.11811637878418 58
1657511846984 16.30663299560547 59
1657511847229 16.30325698852539 60
1657511847475 16.063617706298828 61
1657511847724 15.780074119567871 62
1657511847982 15.830418586730957 63
1657511848230 16.441524505615234 64
1657511848476 17.649076461791992 65
1657511848724 19.243152618408203 66
1657511848970 20.78522300720215 67
1657511849215 21.944910049438477 68
