1657511831444 0.0 0
1657511832133 1.0874191522598267 1
1657511832564 2.8492157459259033 2
1657511832833 5.278878211975098 3
1657511833084 7.823138236999512 4
1657511833340 10.01815414428711 5
1657511833588 11.4102201461792 6
1657511833859 12.0161771774292 7
1657511834106 11.908286094665527 8
1657511834397 11.384748458862305 9
1657511834644 10.71365737915039 10
1657511834898 9.968314170837402 11
1657511835183 9.276638984680176 12
1657511835431 8.56207275390625 13
1657511835678 8.068367004394531 14
1657511835928 8.101537704467773 15
1657511836172 8.869780540466309 16
1657511836420 9.978025436401367 17
1657511836669 11.054052352905273 18
1657511836920 11.856904983520508 19
1657511837169 12.29832649230957 20
1657511837421 12.391875267028809 21
1657511837674 12.285502433776855 22
1657511837921 12.037399291992188 23
1657511838171 11.434293746948242 24
1657511838422 10.623815536499023 25
1657511838672 9.86303997039795 26
1657511838924 9.298544883728027 27
1657511839170 9.025279998779297 28
1657511839415 9.05322551727295 29
1657511839660 9.228671073913574 30
1657511839932 9.401339530944824 31
1657511840181 9.448175430297852 32
1657511840438 9.363471031188965 33
1657511840738 9.177826881408691 34
1657511840986 8.995086669921875 35
1657511841235 9.071045875549316 36
1657511841530 9.52343463897705 37
1657511841775 10.122334480285645 38
1657511842026 10.870569229125977 39
1657511842270 12.309497833251953 40
1657511842523 14.694053649902344 41
1657511842774 17.970760345458984 42
1657511843023 21.930871963500977 43
1657511843271 25.996444702148438 44
1657511843519 29.57039451599121 45
1657511843771 32.733585357666016 46
1657511844020 34.23988342285156 47
1657511844268 34.97813415527344 48
1657511844515 35.182701110839844 49
1657511844761 34.92826843261719 50
1657511845009 34.22430419921875 51
1657511845257 33.16325378417969 52
1657511845503 31.887880325317383 53
1657511845747 30.52323341369629 54
1657511845993 29.176286697387695 55
1657511846240 27.843233108520508 56
1657511846485 26.62888526916504 57
1657511846733 25.684431076049805 58
1657511846983 25.122106552124023 59
1657511847228 24.912750244140625 60
1657511847474 25.12209129333496 61
1657511847723 25.854618072509766 62
1657511847981 26.968793869018555 63
1657511848229 28.139890670776367 64
1657511848475 29.407711029052734 65
1657511848722 30.830623626708984 66
1657511848969 32.2564697265625 67
1657511849214 33.474239349365234 68
