1657511831439 0.06518902629613876 0
1657511832127 0.04121652618050575 1
1657511832558 0.0910198837518692 2
1657511832828 0.10736466944217682 3
1657511833080 0.11555568873882294 4
1657511833335 0.10123251378536224 5
1657511833584 0.10188926011323929 6
1657511833854 0.09435892105102539 7
1657511834101 0.08492255210876465 8
1657511834393 0.026213865727186203 9
1657511834640 0.01218829583376646 10
1657511834893 0.011199425905942917 11
1657511835178 0.00273145642131567 12
1657511835426 0.001148662413470447 13
1657511835674 0.0005791218136437237 14
1657511835924 0.00022485047520603985 15
1657511836167 0.00010465132800163701 16
1657511836416 0.00010713283700169995 17
1657511836664 7.676719542359933e-05 18
1657511836915 7.838008605176583e-05 19
1657511837165 5.354617314878851e-05 20
1657511837417 6.66703563183546e-05 21
1657511837669 7.055231253616512e-05 22
1657511837917 0.00017110648332163692 23
1657511838167 0.00020133249927312136 24
1657511838417 0.0005006029969081283 25
1657511838667 0.003096218453720212 26
1657511838919 0.004830247722566128 27
1657511839166 0.008337246254086494 28
1657511839410 0.013148091733455658 29
1657511839656 0.02588621899485588 30
1657511839927 0.04294699802994728 31
1657511840176 0.059898748993873596 32
1657511840433 0.07137022912502289 33
1657511840734 0.08780523389577866 34
1657511840982 0.07881788909435272 35
1657511841231 0.082606740295887 36
1657511841525 0.07259760051965714 37
1657511841771 0.08432138711214066 38
1657511842022 0.09909941256046295 39
1657511842266 0.09333924949169159 40
1657511842518 0.05253281071782112 41
1657511842769 0.03575977683067322 42
1657511843019 0.04786703735589981 43
1657511843266 0.06249590218067169 44
1657511843515 0.05272795632481575 45
1657511843767 0.0016429717652499676 46
1657511844016 0.002577355597168207 47
1657511844264 0.006903162691742182 48
1657511844510 0.008089443668723106 49
1657511844757 0.017014240846037865 50
1657511845004 0.02082449570298195 51
1657511845253 0.032169733196496964 52
1657511845498 0.0391760915517807 53
1657511845742 0.035330630838871 54
1657511845989 0.026444613933563232 55
1657511846235 0.02302558533847332 56
1657511846480 0.016393231227993965 57
1657511846729 0.010026030242443085 58
1657511846978 0.012737867422401905 59
1657511847224 0.013578535988926888 60
1657511847469 0.008648421615362167 61
1657511847719 0.009070266038179398 62
1657511847977 0.013843010179698467 63
1657511848225 0.010727157816290855 64
1657511848471 0.01042651105672121 65
1657511848718 0.007815451361238956 66
1657511848964 0.01196838915348053 67
1657511849210 0.010134536772966385 68
