1657511831438 4.945489883422852 0
1657511832126 4.628969192504883 1
1657511832557 5.338456153869629 2
1657511832827 5.5791425704956055 3
1657511833079 5.72028923034668 4
1657511833334 5.501220703125 5
1657511833583 5.588585376739502 6
1657511833853 5.699963092803955 7
1657511834100 6.265076637268066 8
1657511834392 5.491558074951172 9
1657511834639 5.3373918533325195 10
1657511834892 5.55694580078125 11
1657511835177 5.008918762207031 12
1657511835425 6.334540843963623 13
1657511835673 6.604435443878174 14
1657511835923 6.907073020935059 15
1657511836166 6.73732852935791 16
1657511836415 6.9368486404418945 17
1657511836663 7.32749080657959 18
1657511836914 7.760468006134033 19
1657511837164 7.842499732971191 20
1657511837416 8.176217079162598 21
1657511837668 7.881974697113037 22
1657511837916 7.963989734649658 23
1657511838166 7.647932052612305 24
1657511838416 7.726744651794434 25
1657511838666 6.778115272521973 26
1657511838918 6.464194297790527 27
1657511839165 6.290230751037598 28
1657511839409 5.796422004699707 29
1657511839655 5.333103656768799 30
1657511839926 5.730841636657715 31
1657511840175 5.924683094024658 32
1657511840432 6.458364963531494 33
1657511840733 6.44963264465332 34
1657511840980 7.073030948638916 35
1657511841229 7.135159015655518 36
1657511841524 6.651759147644043 37
1657511841770 6.69996452331543 38
1657511842021 7.9430317878723145 39
1657511842265 8.48668098449707 40
1657511842517 8.676446914672852 41
1657511842768 8.910076141357422 42
1657511843018 8.790947914123535 43
1657511843265 8.23830795288086 44
1657511843514 8.140825271606445 45
1657511843766 6.079981803894043 46
1657511844015 5.528508186340332 47
1657511844263 5.488808631896973 48
1657511844509 5.011496067047119 49
1657511844756 5.514077186584473 50
1657511845003 6.038118362426758 51
1657511845252 6.1143269538879395 52
1657511845497 6.663490295410156 53
1657511845741 6.964791774749756 54
1657511845988 7.272259712219238 55
1657511846234 7.607668876647949 56
1657511846479 8.318090438842773 57
1657511846728 8.098931312561035 58
1657511846977 8.230548858642578 59
1657511847222 8.574712753295898 60
1657511847468 8.98975944519043 61
1657511847717 8.959135055541992 62
1657511847976 8.531354904174805 63
1657511848224 8.752145767211914 64
1657511848470 9.103862762451172 65
1657511848717 8.81035327911377 66
1657511848963 8.15323543548584 67
1657511849209 8.0891752243042 68
