1657511831441 0.5826432108879089 0
1657511832130 0.6053287982940674 1
1657511832561 0.5606130957603455 2
1657511832830 0.545071005821228 3
1657511833082 0.5361073017120361 4
1657511833337 0.5561694502830505 5
1657511833586 0.5452651977539062 6
1657511833857 0.5336652398109436 7
1657511834103 0.5026480555534363 8
1657511834395 0.5587673783302307 9
1657511834642 0.55438232421875 10
1657511834895 0.5489749312400818 11
1657511835180 0.5498663783073425 12
1657511835428 0.5020245909690857 13
1657511835676 0.5035485029220581 14
1657511835926 0.4708889126777649 15
1657511836169 0.47065967321395874 16
1657511836418 0.4578147530555725 17
1657511836667 0.4510614573955536 18
1657511836918 0.43925461173057556 19
1657511837167 0.4346754848957062 20
1657511837419 0.41169020533561707 21
1657511837671 0.43292784690856934 22
1657511837919 0.4431062340736389 23
1657511838169 0.4534749388694763 24
1657511838419 0.45345669984817505 25
1657511838669 0.4957977533340454 26
1657511838921 0.5132296085357666 27
1657511839168 0.5145038962364197 28
1657511839413 0.5375078916549683 29
1657511839658 0.5337390899658203 30
1657511839929 0.5224580764770508 31
1657511840179 0.4966752231121063 32
1657511840436 0.4655754864215851 33
1657511840736 0.45773962140083313 34
1657511840984 0.4236185550689697 35
1657511841233 0.4108462631702423 36
1657511841528 0.4399925172328949 37
1657511841773 0.4378064274787903 38
1657511842024 0.3508566617965698 39
1657511842268 0.31239065527915955 40
1657511842520 0.2979622781276703 41
1657511842771 0.28574228286743164 42
1657511843021 0.305254727602005 43
1657511843269 0.35698607563972473 44
1657511843517 0.37230199575424194 45
1657511843769 0.5219442844390869 46
1657511844018 0.5376725792884827 47
1657511844266 0.539735734462738 48
1657511844513 0.5487538576126099 49
1657511844759 0.5291227102279663 50
1657511845007 0.5045079588890076 51
1657511845255 0.4818737804889679 52
1657511845500 0.4491523504257202 53
1657511845745 0.44128966331481934 54
1657511845991 0.4195137917995453 55
1657511846238 0.40185976028442383 56
1657511846483 0.34699511528015137 57
1657511846731 0.3617600202560425 58
1657511846980 0.34383633732795715 59
1657511847226 0.31965771317481995 60
1657511847472 0.28069591522216797 61
1657511847721 0.28870058059692383 62
1657511847979 0.3265605866909027 63
1657511848227 0.3084014356136322 64
1657511848473 0.2912755012512207 65
1657511848720 0.3152187764644623 66
1657511848967 0.36399900913238525 67
1657511849212 0.3772292733192444 68
