1657511831440 0.06518902629613876 0
1657511832129 0.04241444170475006 1
1657511832560 0.09724608808755875 2
1657511832829 0.12425412982702255 3
1657511833081 0.15415053069591522 4
1657511833336 0.1750972419977188 5
1657511833585 0.23576000332832336 6
1657511833856 0.31483274698257446 7
1657511834102 0.40911173820495605 8
1657511834394 0.36196187138557434 9
1657511834641 0.32638028264045715 10
1657511834894 0.30340325832366943 11
1657511835179 0.10021387040615082 12
1657511835427 0.019451064988970757 13
1657511835675 0.0026832660660147667 14
1657511835925 0.00018762289255391806 15
1657511836168 1.7005306290229782e-05 16
1657511836417 4.520897618931485e-06 17
1657511836665 1.522474917692307e-06 18
1657511836917 1.4854508663120214e-06 19
1657511837166 1.9160333977197297e-06 20
1657511837418 6.7761156969936565e-06 21
1657511837670 2.6893381800618954e-05 22
1657511837918 0.00037596226320602 23
1657511838168 0.0009767352603375912 24
1657511838418 0.003050195286050439 25
1657511838668 0.015095011331140995 26
1657511838920 0.012367884628474712 27
1657511839167 0.008433264680206776 28
1657511839411 0.005456859711557627 29
1657511839657 0.005869241431355476 30
1657511839928 0.007071905303746462 31
1657511840177 0.009540659375488758 32
1657511840434 0.015210076235234737 33
1657511840735 0.031132925301790237 34
1657511840983 0.04485733062028885 35
1657511841232 0.07332892715930939 36
1657511841526 0.08655785769224167 37
1657511841772 0.07572128623723984 38
1657511842023 0.02004402130842209 39
1657511842267 0.0020720213651657104 40
1657511842519 5.9532805607886985e-05 41
1657511842770 1.753548531269189e-06 42
1657511843020 1.2861967491062387e-07 43
1657511843267 1.1664672783240349e-08 44
1657511843516 7.076909613878968e-10 45
1657511843768 1.9162826880858574e-10 46
1657511844017 3.469362991337377e-11 47
1657511844265 1.09672991174814e-11 48
1657511844511 4.120526402723312e-12 49
1657511844758 1.0572345082726642e-11 50
1657511845006 2.122867333309575e-11 51
1657511845254 1.0066468492109237e-10 52
1657511845499 5.155199045425718e-10 53
1657511845743 2.061570469891194e-09 54
1657511845990 4.437472167495571e-09 55
1657511846237 5.579334771965705e-09 56
1657511846482 2.8353916992074346e-09 57
1657511846730 1.573483454642144e-09 58
1657511846979 1.3068444104646915e-09 59
1657511847225 1.2429345330744468e-09 60
1657511847470 9.600001904530586e-10 61
1657511847720 1.7443404498607151e-09 62
1657511847978 3.659798686328486e-09 63
1657511848226 1.64952529413398e-09 64
1657511848472 5.112973933130149e-10 65
1657511848719 7.818136416037902e-11 66
1657511848966 3.0094437358796355e-11 67
1657511849211 6.563466783959804e-12 68
