1657511831436 32.840763092041016 0
1657511832123 30.434907913208008 1
1657511832555 32.82841873168945 2
1657511832825 34.63080596923828 3
1657511833076 36.98828125 4
1657511833332 37.95878219604492 5
1657511833580 39.815006256103516 6
1657511833851 41.62102127075195 7
1657511834098 44.095951080322266 8
1657511834389 44.40605926513672 9
1657511834636 47.429588317871094 10
1657511834890 50.365089416503906 11
1657511835175 52.553321838378906 12
1657511835422 64.50422668457031 13
1657511835670 63.84224319458008 14
1657511835920 70.36695861816406 15
1657511836164 70.57008361816406 16
1657511836412 73.96034240722656 17
1657511836661 78.36582946777344 18
1657511836912 79.52831268310547 19
1657511837162 80.2971420288086 20
1657511837413 81.55705261230469 21
1657511837666 79.13221740722656 22
1657511837914 84.40123748779297 23
1657511838163 81.63097381591797 24
1657511838414 80.32379150390625 25
1657511838664 69.67462158203125 26
1657511838916 67.75358581542969 27
1657511839162 64.44136047363281 28
1657511839407 58.90024185180664 29
1657511839652 55.4205322265625 30
1657511839924 50.38819122314453 31
1657511840173 51.019813537597656 32
1657511840430 50.62525177001953 33
1657511840730 48.91398620605469 34
1657511840978 49.34757995605469 35
1657511841227 49.370628356933594 36
1657511841522 46.80863952636719 37
1657511841768 46.944664001464844 38
1657511842018 50.982418060302734 39
1657511842263 53.73474884033203 40
1657511842515 53.635684967041016 41
1657511842766 55.18941879272461 42
1657511843016 58.41477584838867 43
1657511843263 60.11090087890625 44
1657511843512 62.71696853637695 45
1657511843763 71.7454605102539 46
1657511844012 68.7548599243164 47
1657511844260 66.98076629638672 48
1657511844507 64.43093872070312 49
1657511844754 64.5756607055664 50
1657511845001 64.69631958007812 51
1657511845249 63.05964279174805 52
1657511845495 62.81032943725586 53
1657511845739 61.07196807861328 54
1657511845985 59.66344451904297 55
1657511846232 58.86341094970703 56
1657511846477 59.860782623291016 57
1657511846725 59.77565002441406 58
1657511846975 57.702823638916016 59
1657511847220 58.409732818603516 60
1657511847466 59.08477020263672 61
1657511847715 60.13886260986328 62
1657511847973 59.71500778198242 63
1657511848222 61.169281005859375 64
1657511848467 64.33556365966797 65
1657511848715 65.98916625976562 66
1657511848961 65.66502380371094 67
1657511849207 67.37528228759766 68
