1657511831437 4.945489883422852 0
1657511832125 4.637099742889404 1
1657511832556 5.36530065536499 2
1657511832826 5.670926094055176 3
1657511833078 5.967170715332031 4
1657511833333 6.040810585021973 5
1657511833581 6.548587799072266 6
1657511833852 7.168035984039307 7
1657511834099 8.09731674194336 8
1657511834391 7.851255416870117 9
1657511834638 8.162980079650879 10
1657511834891 8.961606979370117 11
1657511835176 8.76986026763916 12
1657511835424 9.562402725219727 13
1657511835671 9.013870239257812 14
1657511835921 9.205503463745117 15
1657511836165 8.34855842590332 16
1657511836414 7.704428672790527 17
1657511836662 7.796797275543213 18
1657511836913 8.394908905029297 19
1657511837163 8.805135726928711 20
1657511837415 9.44371223449707 21
1657511837667 9.893767356872559 22
1657511837915 8.46041488647461 23
1657511838164 8.37769889831543 24
1657511838415 8.807854652404785 25
1657511838665 8.350465774536133 26
1657511838917 8.555803298950195 27
1657511839164 8.838170051574707 28
1657511839408 8.69948959350586 29
1657511839653 8.512508392333984 30
1657511839925 8.115959167480469 31
1657511840174 7.898542404174805 32
1657511840431 7.354087829589844 33
1657511840731 7.033835411071777 34
1657511840979 7.995242118835449 35
1657511841228 8.660439491271973 36
1657511841523 9.050081253051758 37
1657511841769 10.159972190856934 38
1657511842020 12.763383865356445 39
1657511842264 15.227775573730469 40
1657511842516 17.54008674621582 41
1657511842767 19.86229133605957 42
1657511843017 21.84804344177246 43
1657511843264 23.51506233215332 44
1657511843513 25.755443572998047 45
1657511843765 23.192123413085938 46
1657511844014 25.344409942626953 47
1657511844261 27.740421295166016 48
1657511844508 29.1209716796875 49
1657511844755 29.413219451904297 50
1657511845002 29.32630157470703 51
1657511845250 28.451711654663086 52
1657511845496 27.232088088989258 53
1657511845740 25.589609146118164 54
1657511845986 24.387710571289062 55
1657511846233 23.841144561767578 56
1657511846478 24.294517517089844 57
1657511846727 24.21704864501953 58
1657511846976 24.537181854248047 59
1657511847221 24.87796974182129 60
1657511847467 25.053377151489258 61
1657511847716 24.739208221435547 62
1657511847975 24.361774444580078 63
1657511848223 25.19367027282715 64
1657511848469 26.752939224243164 65
1657511848716 28.053504943847656 66
1657511848962 28.938457489013672 67
1657511849208 30.03408432006836 68
