1657511831435 0.06518902629613876 0
1657511832122 0.05645314231514931 1
1657511832554 0.09724608808755875 2
1657511832824 0.12425412982702255 3
1657511833075 0.15415053069591522 4
1657511833331 0.1750972419977188 5
1657511833579 0.23576000332832336 6
1657511833850 0.31483274698257446 7
1657511834097 0.40911173820495605 8
1657511834388 0.36196187138557434 9
1657511834635 0.36739519238471985 10
1657511834888 0.48647937178611755 11
1657511835174 0.5614697933197021 12
1657511835421 0.6041535139083862 13
1657511835669 0.4975496232509613 14
1657511835919 0.4100784361362457 15
1657511836163 0.22341910004615784 16
1657511836411 0.10547925531864166 17
1657511836660 0.09074496477842331 18
1657511836911 0.13777755200862885 19
1657511837161 0.174918070435524 20
1657511837412 0.21459686756134033 21
1657511837665 0.36290231347084045 22
1657511837913 0.15460732579231262 23
1657511838162 0.16054947674274445 24
1657511838413 0.24144017696380615 25
1657511838663 0.3008243441581726 26
1657511838915 0.3823615312576294 27
1657511839161 0.47804591059684753 28
1657511839406 0.5258113145828247 29
1657511839651 0.4977641999721527 30
1657511839923 0.43653008341789246 31
1657511840172 0.3442770540714264 32
1657511840428 0.19924412667751312 33
1657511840729 0.16380971670150757 34
1657511840977 0.2984289228916168 35
1657511841226 0.4061621427536011 36
1657511841521 0.5429714322090149 37
1657511841766 0.7524302005767822 38
1657511842017 0.9509353637695312 39
1657511842261 0.9944033622741699 40
1657511842514 0.9996870756149292 41
1657511842765 0.9999799728393555 42
1657511843014 0.999997615814209 43
1657511843262 0.9999997615814209 44
1657511843511 1.0 45
1657511843762 0.9999997615814209 46
1657511844011 1.0 47
1657511844259 1.0 48
1657511844506 1.0 49
1657511844753 1.0 50
1657511845000 1.0 51
1657511845248 1.0 52
1657511845494 1.0 53
1657511845738 1.0 54
1657511845984 1.0 55
1657511846231 0.9999998807907104 56
1657511846476 0.9999998807907104 57
1657511846724 0.9999998807907104 58
1657511846974 0.9999998807907104 59
1657511847219 1.0 60
1657511847465 1.0 61
1657511847714 0.9999998807907104 62
1657511847972 0.9999998807907104 63
1657511848221 1.0 64
1657511848466 1.0 65
1657511848714 1.0 66
1657511848960 1.0 67
1657511849206 1.0 68
