1657511831433 0.10959871113300323 0
1657511832120 0.09292945265769958 1
1657511832552 0.1432931125164032 2
1657511832823 0.17357715964317322 3
1657511833074 0.20243282616138458 4
1657511833330 0.2175990790128708 5
1657511833577 0.27804747223854065 6
1657511833849 0.37567874789237976 7
1657511834096 0.5018336772918701 8
1657511834387 0.47403645515441895 9
1657511834634 0.49284636974334717 10
1657511834887 0.5738092064857483 11
1657511835173 0.5713468194007874 12
1657511835420 0.6064171195030212 13
1657511835668 0.5028862953186035 14
1657511835918 0.4211045801639557 15
1657511836162 0.2555593252182007 16
1657511836410 0.18741236627101898 17
1657511836659 0.18350006639957428 18
1657511836910 0.21259427070617676 19
1657511837160 0.24112626910209656 20
1657511837411 0.3134599030017853 21
1657511837664 0.3946390748023987 22
1657511837911 0.23067258298397064 23
1657511838161 0.24954737722873688 24
1657511838412 0.2969343662261963 25
1657511838662 0.3282667398452759 26
1657511838914 0.3940402865409851 27
1657511839160 0.4866393804550171 28
1657511839404 0.5310492515563965 29
1657511839650 0.5026277303695679 30
1657511839922 0.44408470392227173 31
1657511840171 0.35980653762817383 32
1657511840427 0.25646495819091797 33
1657511840728 0.22606000304222107 34
1657511840976 0.33547282218933105 35
1657511841225 0.4356076121330261 36
1657511841520 0.5607019066810608 37
1657511841765 0.7582613825798035 38
1657511842016 0.9512361884117126 39
1657511842260 0.9944072365760803 40
1657511842512 0.9996870756149292 41
1657511842764 0.9999799728393555 42
1657511843013 0.999997615814209 43
1657511843261 0.9999997615814209 44
1657511843509 1.0 45
1657511843761 0.9999997615814209 46
1657511844010 1.0 47
1657511844258 1.0 48
1657511844505 1.0 49
1657511844751 1.0 50
1657511844999 1.0 51
1657511845247 1.0 52
1657511845493 1.0 53
1657511845737 1.0 54
1657511845983 1.0 55
1657511846230 0.9999998807907104 56
1657511846475 0.9999998807907104 57
1657511846723 0.9999998807907104 58
1657511846973 0.9999998807907104 59
1657511847218 1.0 60
1657511847464 1.0 61
1657511847713 0.9999998807907104 62
1657511847971 0.9999998807907104 63
1657511848220 1.0 64
1657511848465 1.0 65
1657511848713 1.0 66
1657511848959 1.0 67
1657511849204 1.0 68
