1663191104420 0.0010662878630682826 0
1663191105230 0.00104103225748986 1
1663191105788 0.0010941863292828202 2
1663191106289 0.0011122144060209394 3
1663191106811 0.0011213606921955943 4
1663191107325 0.0011054171482101083 5
1663191107825 0.001106142532080412 6
1663191108325 0.001097841770388186 7
1663191108866 0.001087523065507412 8
1663191109372 0.0010255277156829834 9
1663191109914 0.0010112461168318987 10
1663191110446 0.0010102465748786926 11
1663191110980 0.001001729047857225 12
1663191111469 0.0010001419577747583 13
1663191111959 0.0009995708242058754 14
1663191112443 0.000999214593321085 15
1663191113003 0.0009990951512008905 16
1663191113484 0.0009990964317694306 17
1663191114032 0.0009990656981244683 18
1663191114583 0.0009990655817091465 19
1663191115069 0.0009990402031689882 20
1663191115555 0.000999048468656838 21
1663191116043 0.0009990567341446877 22
1663191116533 0.0009991548722609878 23
1663191117022 0.0009991866536438465 24
1663191117508 0.0009994833962991834 25
1663191117995 0.0010020865593105555 26
1663191118483 0.0010038292966783047 27
1663191118973 0.001007355866022408 28
1663191119460 0.0010122162057086825 29
1663191119950 0.0010251931380480528 30
1663191120441 0.0010428312234580517 31
1663191120934 0.001060657319612801 32
1663191121422 0.0010728896595537663 33
1663191121905 0.0010906659299507737 34
1663191122396 0.0010808984516188502 35
1663191122914 0.0010849981335923076 36
1663191123394 0.001074196770787239 37
1663191123881 0.0010868634562939405 38
1663191124373 0.0011030095629394054 39
1663191124863 0.0010966557310894132 40
1663191125356 0.0010527805425226688 41
1663191125846 0.0010352481622248888 42
1663191126329 0.0010478845797479153 43
1663191126819 0.0010633629281073809 44
1663191127305 0.001053028041496873 45
1663191127792 0.0010006371885538101 46
1663191128283 0.0010015734005719423 47
1663191128768 0.0010059154592454433 48
1663191129258 0.0010071102296933532 49
1663191129748 0.0010161371901631355 50
1663191130242 0.0010200132383033633 51
1663191130730 0.0010316484840586782 52
1663191131224 0.001038896618410945 53
1663191131714 0.0010349045041948557 54
1663191132201 0.001025740522891283 55
1663191132691 0.0010222268756479025 56
1663191133180 0.0010154310148209333 57
1663191133669 0.0010090074501931667 58
1663191134157 0.0010117273777723312 59
1663191134641 0.0010125499684363604 60
1663191135129 0.001007517916150391 61
1663191135617 0.0010079615749418736 62
1663191136107 0.0010128265712410212 63
1663191136591 0.001009663799777627 64
1663191137082 0.0010093627497553825 65
1663191137566 0.0010067443363368511 66
1663191138050 0.00101097347214818 67
1663191138538 0.0010091218864545226 68
1663191414555 0.0010662878630682826 0
1663191415068 0.00104103225748986 1
1663191415582 0.0010941863292828202 2
1663191416098 0.0011122144060209394 3
1663191416624 0.0011213606921955943 4
1663191417159 0.0011054171482101083 5
1663191417836 0.001106142532080412 6
1663191418372 0.001097841770388186 7
1663191419082 0.001087523065507412 8
1663191419722 0.0010255277156829834 9
1663191420300 0.0010112461168318987 10
1663191420837 0.0010102465748786926 11
1663191421368 0.001001729047857225 12
1663191421916 0.0010001419577747583 13
1663191422438 0.0009995708242058754 14
1663191422961 0.000999214593321085 15
1663191423475 0.0009990951512008905 16
1663191423992 0.0009990964317694306 17
1663191424529 0.0009990656981244683 18
1663191425054 0.0009990655817091465 19
1663191425624 0.0009990402031689882 20
1663191426141 0.000999048468656838 21
1663191426661 0.0009990567341446877 22
1663191427180 0.0009991548722609878 23
1663191427722 0.0009991866536438465 24
1663191428272 0.0009994833962991834 25
1663191428806 0.0010020865593105555 26
1663191429330 0.0010038292966783047 27
1663191429861 0.001007355866022408 28
1663191430397 0.0010122162057086825 29
1663191430937 0.0010251931380480528 30
1663191431474 0.0010428312234580517 31
1663191432002 0.001060657319612801 32
1663191432539 0.0010728896595537663 33
1663191433088 0.0010906659299507737 34
1663191433612 0.0010808984516188502 35
1663191434147 0.0010849981335923076 36
1663191434669 0.001074196770787239 37
1663191435196 0.0010868634562939405 38
1663191435712 0.0011030095629394054 39
1663191436231 0.0010966557310894132 40
1663191436752 0.0010527805425226688 41
1663191437295 0.0010352481622248888 42
1663191437816 0.0010478845797479153 43
1663191438371 0.0010633629281073809 44
1663191438895 0.001053028041496873 45
1663191439418 0.0010006371885538101 46
1663191439955 0.0010015734005719423 47
1663191440499 0.0010059154592454433 48
1663191441020 0.0010071102296933532 49
1663191441530 0.0010161371901631355 50
1663191442047 0.0010200132383033633 51
1663191442565 0.0010316484840586782 52
1663191443091 0.001038896618410945 53
1663191443628 0.0010349045041948557 54
1663191444155 0.001025740522891283 55
1663191444688 0.0010222268756479025 56
1663191445223 0.0010154310148209333 57
1663191445749 0.0010090074501931667 58
1663191446264 0.0010117273777723312 59
1663191446776 0.0010125499684363604 60
1663191447290 0.001007517916150391 61
1663191447808 0.0010079615749418736 62
1663191448396 0.0010128265712410212 63
1663191449187 0.001009663799777627 64
1663191449782 0.0010093627497553825 65
1663191450299 0.0010067443363368511 66
1663191450812 0.00101097347214818 67
1663191451321 0.0010091218864545226 68
