1663191104423 0.0 0
1663191105231 0.0 1
1663191105789 0.0 2
1663191106290 0.0 3
1663191106813 0.0 4
1663191107326 0.0 5
1663191107827 0.0 6
1663191108327 0.0 7
1663191108868 0.0 8
1663191109373 0.0 9
1663191109916 0.0 10
1663191110448 0.0 11
1663191110982 0.0 12
1663191111470 0.0 13
1663191111960 0.0 14
1663191112444 0.0 15
1663191113004 0.0 16
1663191113486 0.0 17
1663191114033 0.0 18
1663191114584 0.0 19
1663191115071 0.0 20
1663191115556 0.0 21
1663191116044 0.0 22
1663191116535 0.0 23
1663191117024 0.0 24
1663191117510 0.0 25
1663191117996 0.0 26
1663191118485 0.0 27
1663191118975 0.0 28
1663191119461 0.0 29
1663191119951 0.0 30
1663191120442 0.0 31
1663191120935 0.0 32
1663191121424 0.0 33
1663191121906 0.0 34
1663191122407 0.0 35
1663191122916 0.0 36
1663191123395 0.0 37
1663191123883 0.0 38
1663191124374 0.0 39
1663191124864 0.0 40
1663191125357 0.0 41
1663191125847 0.0 42
1663191126330 0.0 43
1663191126820 0.0 44
1663191127307 0.0 45
1663191127794 0.0 46
1663191128284 0.0 47
1663191128769 0.0 48
1663191129259 0.0 49
1663191129749 0.0 50
1663191130243 0.0 51
1663191130731 0.0 52
1663191131225 0.0 53
1663191131715 0.0 54
1663191132202 0.0 55
1663191132692 0.0 56
1663191133181 0.0 57
1663191133671 0.0 58
1663191134158 0.0 59
1663191134643 0.0 60
1663191135130 0.0 61
1663191135619 0.0 62
1663191136109 0.0 63
1663191136592 0.0 64
1663191137084 0.0 65
1663191137567 0.0 66
1663191138052 0.0 67
1663191138539 0.0 68
1663191414557 0.0 0
1663191415069 0.0 1
1663191415583 0.0 2
1663191416099 0.0 3
1663191416626 0.0 4
1663191417160 0.0 5
1663191417838 0.0 6
1663191418373 0.0 7
1663191419083 0.0 8
1663191419724 0.0 9
1663191420302 0.0 10
1663191420838 0.0 11
1663191421370 0.0 12
1663191421918 0.0 13
1663191422439 0.0 14
1663191422962 0.0 15
1663191423477 0.0 16
1663191423994 0.0 17
1663191424531 0.0 18
1663191425056 0.0 19
1663191425625 0.0 20
1663191426142 0.0 21
1663191426662 0.0 22
1663191427181 0.0 23
1663191427723 0.0 24
1663191428273 0.0 25
1663191428808 0.0 26
1663191429332 0.0 27
1663191429862 0.0 28
1663191430398 0.0 29
1663191430938 0.0 30
1663191431476 0.0 31
1663191432004 0.0 32
1663191432540 0.0 33
1663191433089 0.0 34
1663191433613 0.0 35
1663191434148 0.0 36
1663191434670 0.0 37
1663191435197 0.0 38
1663191435713 0.0 39
1663191436232 0.0 40
1663191436753 0.0 41
1663191437296 0.0 42
1663191437817 0.0 43
1663191438373 0.0 44
1663191438896 0.0 45
1663191439419 0.0 46
1663191439957 0.0 47
1663191440500 0.0 48
1663191441021 0.0 49
1663191441532 0.0 50
1663191442048 0.0 51
1663191442566 0.0 52
1663191443093 0.0 53
1663191443630 0.0 54
1663191444156 0.0 55
1663191444689 0.0 56
1663191445224 0.0 57
1663191445751 0.0 58
1663191446265 0.0 59
1663191446778 0.0 60
1663191447291 0.0 61
1663191447810 0.0 62
1663191448397 0.0 63
1663191449189 0.0 64
1663191449784 0.0 65
1663191450300 0.0 66
1663191450813 0.0 67
1663191451322 0.0 68
