1663191104441 0.004173567984253168 0
1663191105241 0.003946711774915457 1
1663191105800 0.004393869079649448 2
1663191106300 0.004549290053546429 3
1663191106822 0.004638927057385445 4
1663191107336 0.004438305273652077 5
1663191107836 0.004547347780317068 6
1663191108336 0.004663347266614437 7
1663191108877 0.004973519127815962 8
1663191109383 0.004412326030433178 9
1663191109925 0.0044561768881976604 10
1663191110458 0.00451025040820241 11
1663191110991 0.004501336254179478 12
1663191111480 0.004979753866791725 13
1663191111970 0.004964514635503292 14
1663191112454 0.005291110835969448 15
1663191113014 0.005293403286486864 16
1663191113495 0.0054218522273004055 17
1663191114043 0.005489385221153498 18
1663191114594 0.005607453640550375 19
1663191115080 0.005653245374560356 20
1663191115566 0.0058830976486206055 21
1663191116054 0.005670721177011728 22
1663191116544 0.00556893739849329 23
1663191117033 0.005465250462293625 24
1663191117519 0.0054654330015182495 25
1663191118006 0.005042022559791803 26
1663191118494 0.004867703653872013 27
1663191118984 0.004854960832744837 28
1663191119471 0.0046249208971858025 29
1663191119961 0.004662609193474054 30
1663191120452 0.004775418899953365 31
1663191120945 0.005033247172832489 32
1663191121433 0.005344245117157698 33
1663191121915 0.00542260380461812 34
1663191122434 0.005763814318925142 35
1663191122925 0.005891537759453058 36
1663191123405 0.005600074306130409 37
1663191123892 0.005621935706585646 38
1663191124384 0.00649143336340785 39
1663191124874 0.006876092869788408 40
1663191125367 0.007020376622676849 41
1663191125857 0.007142576854676008 42
1663191126340 0.0069474526681005955 43
1663191126830 0.006430139299482107 44
1663191127316 0.006276980042457581 45
1663191127803 0.004780557006597519 46
1663191128294 0.004623274318873882 47
1663191128779 0.004602642729878426 48
1663191129268 0.004512461367994547 49
1663191129759 0.004708772990852594 50
1663191130253 0.004954920150339603 51
1663191130741 0.005181262269616127 52
1663191131235 0.00550847640261054 53
1663191131725 0.005587103310972452 54
1663191132212 0.005804861430078745 55
1663191132702 0.005981402471661568 56
1663191133191 0.006530048791319132 57
1663191133680 0.006382399704307318 58
1663191134168 0.006561636924743652 59
1663191134652 0.006803423166275024 60
1663191135140 0.007193040568381548 61
1663191135628 0.007112993858754635 62
1663191136118 0.006734393537044525 63
1663191136602 0.006915985140949488 64
1663191137093 0.007087244652211666 65
1663191137577 0.006847811862826347 66
1663191138061 0.006360009778290987 67
1663191138548 0.006227707024663687 68
1663191414568 0.004173567984253168 0
1663191415080 0.003946711774915457 1
1663191415593 0.004393869079649448 2
1663191416109 0.004549290053546429 3
1663191416635 0.004638927057385445 4
1663191417170 0.004438305273652077 5
1663191417848 0.004547347780317068 6
1663191418383 0.004663347266614437 7
1663191419093 0.004973519127815962 8
1663191419735 0.004412326030433178 9
1663191420311 0.0044561768881976604 10
1663191420848 0.00451025040820241 11
1663191421380 0.004501336254179478 12
1663191421927 0.004979753866791725 13
1663191422449 0.004964514635503292 14
1663191422971 0.005291110835969448 15
1663191423486 0.005293403286486864 16
1663191424003 0.0054218522273004055 17
1663191424540 0.005489385221153498 18
1663191425065 0.005607453640550375 19
1663191425634 0.005653245374560356 20
1663191426152 0.0058830976486206055 21
1663191426672 0.005670721177011728 22
1663191427190 0.00556893739849329 23
1663191427733 0.005465250462293625 24
1663191428283 0.0054654330015182495 25
1663191428817 0.005042022559791803 26
1663191429341 0.004867703653872013 27
1663191429872 0.004854960832744837 28
1663191430408 0.0046249208971858025 29
1663191430948 0.004662609193474054 30
1663191431485 0.004775418899953365 31
1663191432014 0.005033247172832489 32
1663191432550 0.005344245117157698 33
1663191433099 0.00542260380461812 34
1663191433622 0.005763814318925142 35
1663191434158 0.005891537759453058 36
1663191434680 0.005600074306130409 37
1663191435206 0.005621935706585646 38
1663191435723 0.00649143336340785 39
1663191436242 0.006876092869788408 40
1663191436764 0.007020376622676849 41
1663191437306 0.007142576854676008 42
1663191437827 0.0069474526681005955 43
1663191438383 0.006430139299482107 44
1663191438906 0.006276980042457581 45
1663191439429 0.004780557006597519 46
1663191439966 0.004623274318873882 47
1663191440510 0.004602642729878426 48
1663191441031 0.004512461367994547 49
1663191441541 0.004708772990852594 50
1663191442058 0.004954920150339603 51
1663191442576 0.005181262269616127 52
1663191443103 0.00550847640261054 53
1663191443639 0.005587103310972452 54
1663191444166 0.005804861430078745 55
1663191444699 0.005981402471661568 56
1663191445234 0.006530048791319132 57
1663191445760 0.006382399704307318 58
1663191446275 0.006561636924743652 59
1663191446787 0.006803423166275024 60
1663191447301 0.007193040568381548 61
1663191447819 0.007112993858754635 62
1663191448407 0.006734393537044525 63
1663191449199 0.006915985140949488 64
1663191449793 0.007087244652211666 65
1663191450310 0.006847811862826347 66
1663191450822 0.006360009778290987 67
1663191451332 0.006227707024663687 68
