1663191104443 0.0 0
1663191105242 0.0 1
1663191105802 0.0 2
1663191106301 0.0 3
1663191106824 0.0 4
1663191107337 0.0 5
1663191107837 0.0 6
1663191108338 0.0 7
1663191108878 0.0 8
1663191109384 0.0 9
1663191109926 0.0 10
1663191110459 0.0 11
1663191110992 0.0 12
1663191111481 0.0 13
1663191111971 0.0 14
1663191112455 0.0 15
1663191113015 0.0 16
1663191113496 0.0 17
1663191114044 0.0 18
1663191114595 0.0 19
1663191115081 0.0 20
1663191115567 0.0 21
1663191116055 0.0 22
1663191116545 0.0 23
1663191117034 0.0 24
1663191117520 0.0 25
1663191118007 0.0 26
1663191118495 0.0 27
1663191118985 0.0 28
1663191119472 0.0 29
1663191119962 0.0 30
1663191120453 0.0 31
1663191120946 0.0 32
1663191121434 0.0 33
1663191121917 0.0 34
1663191122436 0.0 35
1663191122926 0.0 36
1663191123406 0.0 37
1663191123893 0.0 38
1663191124385 0.0 39
1663191124875 0.0 40
1663191125368 0.0 41
1663191125858 0.0 42
1663191126341 0.0 43
1663191126831 0.0 44
1663191127317 0.0 45
1663191127804 0.0 46
1663191128295 0.0 47
1663191128780 0.0 48
1663191129269 0.0 49
1663191129760 0.0 50
1663191130254 0.0 51
1663191130742 0.0 52
1663191131236 0.0 53
1663191131726 0.0 54
1663191132213 0.0 55
1663191132703 0.0 56
1663191133192 0.0 57
1663191133681 0.0 58
1663191134169 0.0 59
1663191134653 0.0 60
1663191135141 0.0 61
1663191135629 0.0 62
1663191136119 0.0 63
1663191136603 0.0 64
1663191137094 0.0 65
1663191137578 0.0 66
1663191138062 0.0 67
1663191138549 0.0 68
1663191414569 0.0 0
1663191415081 0.0 1
1663191415594 0.0 2
1663191416110 0.0 3
1663191416636 0.0 4
1663191417171 0.0 5
1663191417850 0.0 6
1663191418384 0.0 7
1663191419094 0.0 8
1663191419736 0.0 9
1663191420312 0.0 10
1663191420849 0.0 11
1663191421381 0.0 12
1663191421928 0.0 13
1663191422450 0.0 14
1663191422972 0.0 15
1663191423487 0.0 16
1663191424005 0.0 17
1663191424542 0.0 18
1663191425066 0.0 19
1663191425635 0.0 20
1663191426153 0.0 21
1663191426673 0.0 22
1663191427191 0.0 23
1663191427734 0.0 24
1663191428284 0.0 25
1663191428818 0.0 26
1663191429342 0.0 27
1663191429873 0.0 28
1663191430409 0.0 29
1663191430949 0.0 30
1663191431487 0.0 31
1663191432015 0.0 32
1663191432551 0.0 33
1663191433100 0.0 34
1663191433624 0.0 35
1663191434159 0.0 36
1663191434681 0.0 37
1663191435207 0.0 38
1663191435724 0.0 39
1663191436243 0.0 40
1663191436765 0.0 41
1663191437307 0.0 42
1663191437828 0.0 43
1663191438384 0.0 44
1663191438907 0.0 45
1663191439430 0.0 46
1663191439967 0.0 47
1663191440511 0.0 48
1663191441032 0.0 49
1663191441542 0.0 50
1663191442059 0.0 51
1663191442577 0.0 52
1663191443104 0.0 53
1663191443640 0.0 54
1663191444167 0.0 55
1663191444700 0.0 56
1663191445235 0.0 57
1663191445761 0.0 58
1663191446276 0.0 59
1663191446788 0.0 60
1663191447302 0.0 61
1663191447820 0.0 62
1663191448408 0.0 63
1663191449200 0.0 64
1663191449794 0.0 65
1663191450311 0.0 66
1663191450823 0.0 67
1663191451333 0.0 68
