1663191104445 0.0 0
1663191105244 0.0 1
1663191105803 0.0 2
1663191106302 0.0 3
1663191106825 0.0 4
1663191107338 0.0 5
1663191107839 0.0 6
1663191108339 0.0 7
1663191108879 0.0 8
1663191109385 0.0 9
1663191109928 0.0 10
1663191110460 0.0 11
1663191110993 0.0 12
1663191111482 0.0 13
1663191111972 0.0 14
1663191112456 0.0 15
1663191113016 0.0 16
1663191113498 0.0 17
1663191114045 0.0 18
1663191114596 0.0 19
1663191115082 0.0 20
1663191115568 0.0 21
1663191116056 0.0 22
1663191116546 0.0 23
1663191117035 0.0 24
1663191117521 0.0 25
1663191118008 0.0 26
1663191118497 0.0 27
1663191118986 0.0 28
1663191119473 0.0 29
1663191119963 0.0 30
1663191120454 0.0 31
1663191120947 0.0 32
1663191121435 0.0 33
1663191121918 0.0 34
1663191122437 0.0 35
1663191122928 0.0 36
1663191123407 0.0 37
1663191123894 0.0 38
1663191124386 0.0 39
1663191124876 0.0 40
1663191125369 0.0 41
1663191125859 0.0 42
1663191126342 0.0 43
1663191126832 0.0 44
1663191127318 0.0 45
1663191127805 0.0 46
1663191128296 0.0 47
1663191128781 0.0 48
1663191129270 0.0 49
1663191129761 0.0 50
1663191130255 0.0 51
1663191130743 0.0 52
1663191131237 0.0 53
1663191131727 0.0 54
1663191132214 0.0 55
1663191132704 0.0 56
1663191133193 0.0 57
1663191133683 0.0 58
1663191134170 0.0 59
1663191134654 0.0 60
1663191135142 0.0 61
1663191135630 0.0 62
1663191136120 0.0 63
1663191136604 0.0 64
1663191137095 0.0 65
1663191137579 0.0 66
1663191138063 0.0 67
1663191138550 0.0 68
1663191414570 0.0 0
1663191415082 0.0 1
1663191415595 0.0 2
1663191416111 0.0 3
1663191416638 0.0 4
1663191417172 0.0 5
1663191417851 0.0 6
1663191418385 0.0 7
1663191419095 0.0 8
1663191419737 0.0 9
1663191420313 0.0 10
1663191420850 0.0 11
1663191421382 0.0 12
1663191421930 0.0 13
1663191422451 0.0 14
1663191422973 0.0 15
1663191423488 0.0 16
1663191424006 0.0 17
1663191424543 0.0 18
1663191425067 0.0 19
1663191425636 0.0 20
1663191426154 0.0 21
1663191426674 0.0 22
1663191427193 0.0 23
1663191427735 0.0 24
1663191428285 0.0 25
1663191428819 0.0 26
1663191429343 0.0 27
1663191429874 0.0 28
1663191430410 0.0 29
1663191430950 0.0 30
1663191431488 0.0 31
1663191432016 0.0 32
1663191432552 0.0 33
1663191433101 0.0 34
1663191433625 0.0 35
1663191434160 0.0 36
1663191434682 0.0 37
1663191435209 0.0 38
1663191435725 0.0 39
1663191436244 0.0 40
1663191436766 0.0 41
1663191437308 0.0 42
1663191437829 0.0 43
1663191438385 0.0 44
1663191438908 0.0 45
1663191439431 0.0 46
1663191439969 0.0 47
1663191440512 0.0 48
1663191441033 0.0 49
1663191441543 0.0 50
1663191442060 0.0 51
1663191442578 0.0 52
1663191443105 0.0 53
1663191443641 0.0 54
1663191444168 0.0 55
1663191444701 0.0 56
1663191445236 0.0 57
1663191445762 0.0 58
1663191446277 0.0 59
1663191446789 0.0 60
1663191447303 0.0 61
1663191447821 0.0 62
1663191448409 0.0 63
1663191449202 0.0 64
1663191449796 0.0 65
1663191450312 0.0 66
1663191450825 0.0 67
1663191451334 0.0 68
