1663191104439 4.945489883422852 0
1663191105239 4.628969192504883 1
1663191105798 5.338456153869629 2
1663191106297 5.5791425704956055 3
1663191106820 5.72028923034668 4
1663191107334 5.501220703125 5
1663191107834 5.588585376739502 6
1663191108334 5.699963092803955 7
1663191108875 6.265076637268066 8
1663191109381 5.491558074951172 9
1663191109923 5.3373918533325195 10
1663191110455 5.55694580078125 11
1663191110989 5.008918762207031 12
1663191111478 6.334540843963623 13
1663191111967 6.604435443878174 14
1663191112452 6.907073020935059 15
1663191113012 6.73732852935791 16
1663191113493 6.9368486404418945 17
1663191114041 7.32749080657959 18
1663191114592 7.760468006134033 19
1663191115078 7.842499732971191 20
1663191115564 8.176217079162598 21
1663191116052 7.881974697113037 22
1663191116542 7.963989734649658 23
1663191117031 7.647932052612305 24
1663191117517 7.726744651794434 25
1663191118004 6.778115272521973 26
1663191118492 6.464194297790527 27
1663191118982 6.290230751037598 28
1663191119469 5.796422004699707 29
1663191119958 5.333103656768799 30
1663191120450 5.730841636657715 31
1663191120942 5.924683094024658 32
1663191121431 6.458364963531494 33
1663191121913 6.44963264465332 34
1663191122432 7.073030948638916 35
1663191122923 7.135159015655518 36
1663191123402 6.651759147644043 37
1663191123890 6.69996452331543 38
1663191124382 7.9430317878723145 39
1663191124872 8.48668098449707 40
1663191125365 8.676446914672852 41
1663191125855 8.910076141357422 42
1663191126338 8.790947914123535 43
1663191126828 8.23830795288086 44
1663191127314 8.140825271606445 45
1663191127801 6.079981803894043 46
1663191128292 5.528508186340332 47
1663191128777 5.488808631896973 48
1663191129266 5.011496067047119 49
1663191129757 5.514077186584473 50
1663191130251 6.038118362426758 51
1663191130739 6.1143269538879395 52
1663191131233 6.663490295410156 53
1663191131722 6.964791774749756 54
1663191132210 7.272259712219238 55
1663191132700 7.607668876647949 56
1663191133188 8.318090438842773 57
1663191133678 8.098931312561035 58
1663191134166 8.230548858642578 59
1663191134650 8.574712753295898 60
1663191135138 8.98975944519043 61
1663191135626 8.959135055541992 62
1663191136116 8.531354904174805 63
1663191136600 8.752145767211914 64
1663191137091 9.103862762451172 65
1663191137575 8.81035327911377 66
1663191138059 8.15323543548584 67
1663191138546 8.0891752243042 68
1663191414566 4.945489883422852 0
1663191415078 4.628969192504883 1
1663191415590 5.338456153869629 2
1663191416107 5.5791425704956055 3
1663191416633 5.72028923034668 4
1663191417167 5.501220703125 5
1663191417846 5.588585376739502 6
1663191418380 5.699963092803955 7
1663191419090 6.265076637268066 8
1663191419732 5.491558074951172 9
1663191420309 5.3373918533325195 10
1663191420846 5.55694580078125 11
1663191421377 5.008918762207031 12
1663191421925 6.334540843963623 13
1663191422447 6.604435443878174 14
1663191422969 6.907073020935059 15
1663191423484 6.73732852935791 16
1663191424001 6.9368486404418945 17
1663191424538 7.32749080657959 18
1663191425063 7.760468006134033 19
1663191425632 7.842499732971191 20
1663191426150 8.176217079162598 21
1663191426669 7.881974697113037 22
1663191427188 7.963989734649658 23
1663191427731 7.647932052612305 24
1663191428281 7.726744651794434 25
1663191428815 6.778115272521973 26
1663191429339 6.464194297790527 27
1663191429869 6.290230751037598 28
1663191430406 5.796422004699707 29
1663191430946 5.333103656768799 30
1663191431483 5.730841636657715 31
1663191432011 5.924683094024658 32
1663191432548 6.458364963531494 33
1663191433097 6.44963264465332 34
1663191433620 7.073030948638916 35
1663191434156 7.135159015655518 36
1663191434678 6.651759147644043 37
1663191435204 6.69996452331543 38
1663191435721 7.9430317878723145 39
1663191436240 8.48668098449707 40
1663191436762 8.676446914672852 41
1663191437304 8.910076141357422 42
1663191437825 8.790947914123535 43
1663191438380 8.23830795288086 44
1663191438904 8.140825271606445 45
1663191439427 6.079981803894043 46
1663191439964 5.528508186340332 47
1663191440507 5.488808631896973 48
1663191441028 5.011496067047119 49
1663191441539 5.514077186584473 50
1663191442055 6.038118362426758 51
1663191442573 6.1143269538879395 52
1663191443100 6.663490295410156 53
1663191443637 6.964791774749756 54
1663191444164 7.272259712219238 55
1663191444697 7.607668876647949 56
1663191445232 8.318090438842773 57
1663191445758 8.098931312561035 58
1663191446273 8.230548858642578 59
1663191446785 8.574712753295898 60
1663191447298 8.98975944519043 61
1663191447817 8.959135055541992 62
1663191448405 8.531354904174805 63
1663191449197 8.752145767211914 64
1663191449791 9.103862762451172 65
1663191450308 8.81035327911377 66
1663191450820 8.15323543548584 67
1663191451330 8.0891752243042 68
