1663191104440 0.5826432108879089 0
1663191105240 0.6053287982940674 1
1663191105799 0.5606130957603455 2
1663191106299 0.545071005821228 3
1663191106821 0.5361073017120361 4
1663191107335 0.5561694502830505 5
1663191107835 0.5452651977539062 6
1663191108335 0.5336652398109436 7
1663191108876 0.5026480555534363 8
1663191109382 0.5587673783302307 9
1663191109924 0.55438232421875 10
1663191110457 0.5489749312400818 11
1663191110990 0.5498663783073425 12
1663191111479 0.5020245909690857 13
1663191111969 0.5035485029220581 14
1663191112453 0.4708889126777649 15
1663191113013 0.47065967321395874 16
1663191113494 0.4578147530555725 17
1663191114042 0.4510614573955536 18
1663191114593 0.43925461173057556 19
1663191115079 0.4346754848957062 20
1663191115565 0.41169020533561707 21
1663191116053 0.43292784690856934 22
1663191116543 0.4431062340736389 23
1663191117032 0.4534749388694763 24
1663191117518 0.45345669984817505 25
1663191118005 0.4957977533340454 26
1663191118493 0.5132296085357666 27
1663191118983 0.5145038962364197 28
1663191119470 0.5375078916549683 29
1663191119960 0.5337390899658203 30
1663191120451 0.5224580764770508 31
1663191120943 0.4966752231121063 32
1663191121432 0.4655754864215851 33
1663191121914 0.45773962140083313 34
1663191122433 0.4236185550689697 35
1663191122924 0.4108462631702423 36
1663191123404 0.4399925172328949 37
1663191123891 0.4378064274787903 38
1663191124383 0.3508566617965698 39
1663191124873 0.31239065527915955 40
1663191125366 0.2979622781276703 41
1663191125856 0.28574228286743164 42
1663191126339 0.305254727602005 43
1663191126829 0.35698607563972473 44
1663191127315 0.37230199575424194 45
1663191127802 0.5219442844390869 46
1663191128293 0.5376725792884827 47
1663191128778 0.539735734462738 48
1663191129267 0.5487538576126099 49
1663191129758 0.5291227102279663 50
1663191130252 0.5045079588890076 51
1663191130740 0.4818737804889679 52
1663191131234 0.4491523504257202 53
1663191131723 0.44128966331481934 54
1663191132211 0.4195137917995453 55
1663191132701 0.40185976028442383 56
1663191133189 0.34699511528015137 57
1663191133679 0.3617600202560425 58
1663191134167 0.34383633732795715 59
1663191134651 0.31965771317481995 60
1663191135139 0.28069591522216797 61
1663191135627 0.28870058059692383 62
1663191136117 0.3265605866909027 63
1663191136601 0.3084014356136322 64
1663191137092 0.2912755012512207 65
1663191137576 0.3152187764644623 66
1663191138060 0.36399900913238525 67
1663191138547 0.3772292733192444 68
1663191414567 0.5826432108879089 0
1663191415079 0.6053287982940674 1
1663191415592 0.5606130957603455 2
1663191416108 0.545071005821228 3
1663191416634 0.5361073017120361 4
1663191417169 0.5561694502830505 5
1663191417847 0.5452651977539062 6
1663191418381 0.5336652398109436 7
1663191419092 0.5026480555534363 8
1663191419733 0.5587673783302307 9
1663191420310 0.55438232421875 10
1663191420847 0.5489749312400818 11
1663191421378 0.5498663783073425 12
1663191421926 0.5020245909690857 13
1663191422448 0.5035485029220581 14
1663191422970 0.4708889126777649 15
1663191423485 0.47065967321395874 16
1663191424002 0.4578147530555725 17
1663191424539 0.4510614573955536 18
1663191425064 0.43925461173057556 19
1663191425633 0.4346754848957062 20
1663191426151 0.41169020533561707 21
1663191426670 0.43292784690856934 22
1663191427189 0.4431062340736389 23
1663191427732 0.4534749388694763 24
1663191428282 0.45345669984817505 25
1663191428816 0.4957977533340454 26
1663191429340 0.5132296085357666 27
1663191429870 0.5145038962364197 28
1663191430407 0.5375078916549683 29
1663191430947 0.5337390899658203 30
1663191431484 0.5224580764770508 31
1663191432013 0.4966752231121063 32
1663191432549 0.4655754864215851 33
1663191433098 0.45773962140083313 34
1663191433621 0.4236185550689697 35
1663191434157 0.4108462631702423 36
1663191434679 0.4399925172328949 37
1663191435205 0.4378064274787903 38
1663191435722 0.3508566617965698 39
1663191436241 0.31239065527915955 40
1663191436763 0.2979622781276703 41
1663191437305 0.28574228286743164 42
1663191437826 0.305254727602005 43
1663191438382 0.35698607563972473 44
1663191438905 0.37230199575424194 45
1663191439428 0.5219442844390869 46
1663191439965 0.5376725792884827 47
1663191440508 0.539735734462738 48
1663191441030 0.5487538576126099 49
1663191441540 0.5291227102279663 50
1663191442057 0.5045079588890076 51
1663191442575 0.4818737804889679 52
1663191443102 0.4491523504257202 53
1663191443638 0.44128966331481934 54
1663191444165 0.4195137917995453 55
1663191444698 0.40185976028442383 56
1663191445233 0.34699511528015137 57
1663191445759 0.3617600202560425 58
1663191446274 0.34383633732795715 59
1663191446786 0.31965771317481995 60
1663191447299 0.28069591522216797 61
1663191447818 0.28870058059692383 62
1663191448406 0.3265605866909027 63
1663191449198 0.3084014356136322 64
1663191449792 0.2912755012512207 65
1663191450309 0.3152187764644623 66
1663191450821 0.36399900913238525 67
1663191451331 0.3772292733192444 68
