1663191104424 0.06518902629613876 0
1663191105232 0.04121652618050575 1
1663191105790 0.0910198837518692 2
1663191106291 0.10736466944217682 3
1663191106814 0.11555568873882294 4
1663191107327 0.10123251378536224 5
1663191107828 0.10188926011323929 6
1663191108328 0.09435892105102539 7
1663191108869 0.08492255210876465 8
1663191109374 0.026213865727186203 9
1663191109917 0.01218829583376646 10
1663191110449 0.011199425905942917 11
1663191110983 0.00273145642131567 12
1663191111471 0.001148662413470447 13
1663191111961 0.0005791218136437237 14
1663191112445 0.00022485047520603985 15
1663191113005 0.00010465132800163701 16
1663191113487 0.00010713283700169995 17
1663191114034 7.676719542359933e-05 18
1663191114586 7.838008605176583e-05 19
1663191115072 5.354617314878851e-05 20
1663191115558 6.66703563183546e-05 21
1663191116045 7.055231253616512e-05 22
1663191116536 0.00017110648332163692 23
1663191117025 0.00020133249927312136 24
1663191117511 0.0005006029969081283 25
1663191117997 0.003096218453720212 26
1663191118486 0.004830247722566128 27
1663191118976 0.008337246254086494 28
1663191119462 0.013148091733455658 29
1663191119952 0.02588621899485588 30
1663191120443 0.04294699802994728 31
1663191120936 0.059898748993873596 32
1663191121425 0.07137022912502289 33
1663191121907 0.08780523389577866 34
1663191122408 0.07881788909435272 35
1663191122917 0.082606740295887 36
1663191123396 0.07259760051965714 37
1663191123884 0.08432138711214066 38
1663191124375 0.09909941256046295 39
1663191124865 0.09333924949169159 40
1663191125359 0.05253281071782112 41
1663191125849 0.03575977683067322 42
1663191126331 0.04786703735589981 43
1663191126821 0.06249590218067169 44
1663191127308 0.05272795632481575 45
1663191127795 0.0016429717652499676 46
1663191128285 0.002577355597168207 47
1663191128770 0.006903162691742182 48
1663191129260 0.008089443668723106 49
1663191129750 0.017014240846037865 50
1663191130244 0.02082449570298195 51
1663191130732 0.032169733196496964 52
1663191131226 0.0391760915517807 53
1663191131716 0.035330630838871 54
1663191132204 0.026444613933563232 55
1663191132694 0.02302558533847332 56
1663191133182 0.016393231227993965 57
1663191133672 0.010026030242443085 58
1663191134159 0.012737867422401905 59
1663191134644 0.013578535988926888 60
1663191135132 0.008648421615362167 61
1663191135620 0.009070266038179398 62
1663191136110 0.013843010179698467 63
1663191136593 0.010727157816290855 64
1663191137085 0.01042651105672121 65
1663191137568 0.007815451361238956 66
1663191138053 0.01196838915348053 67
1663191138540 0.010134536772966385 68
1663191414558 0.06518902629613876 0
1663191415071 0.04121652618050575 1
1663191415584 0.0910198837518692 2
1663191416101 0.10736466944217682 3
1663191416627 0.11555568873882294 4
1663191417161 0.10123251378536224 5
1663191417839 0.10188926011323929 6
1663191418374 0.09435892105102539 7
1663191419084 0.08492255210876465 8
1663191419725 0.026213865727186203 9
1663191420303 0.01218829583376646 10
1663191420840 0.011199425905942917 11
1663191421371 0.00273145642131567 12
1663191421919 0.001148662413470447 13
1663191422440 0.0005791218136437237 14
1663191422963 0.00022485047520603985 15
1663191423478 0.00010465132800163701 16
1663191423995 0.00010713283700169995 17
1663191424532 7.676719542359933e-05 18
1663191425057 7.838008605176583e-05 19
1663191425626 5.354617314878851e-05 20
1663191426143 6.66703563183546e-05 21
1663191426663 7.055231253616512e-05 22
1663191427182 0.00017110648332163692 23
1663191427724 0.00020133249927312136 24
1663191428274 0.0005006029969081283 25
1663191428809 0.003096218453720212 26
1663191429333 0.004830247722566128 27
1663191429863 0.008337246254086494 28
1663191430399 0.013148091733455658 29
1663191430939 0.02588621899485588 30
1663191431477 0.04294699802994728 31
1663191432005 0.059898748993873596 32
1663191432541 0.07137022912502289 33
1663191433090 0.08780523389577866 34
1663191433614 0.07881788909435272 35
1663191434149 0.082606740295887 36
1663191434671 0.07259760051965714 37
1663191435198 0.08432138711214066 38
1663191435715 0.09909941256046295 39
1663191436233 0.09333924949169159 40
1663191436754 0.05253281071782112 41
1663191437297 0.03575977683067322 42
1663191437818 0.04786703735589981 43
1663191438374 0.06249590218067169 44
1663191438897 0.05272795632481575 45
1663191439420 0.0016429717652499676 46
1663191439958 0.002577355597168207 47
1663191440501 0.006903162691742182 48
1663191441022 0.008089443668723106 49
1663191441533 0.017014240846037865 50
1663191442049 0.02082449570298195 51
1663191442567 0.032169733196496964 52
1663191443094 0.0391760915517807 53
1663191443631 0.035330630838871 54
1663191444157 0.026444613933563232 55
1663191444690 0.02302558533847332 56
1663191445225 0.016393231227993965 57
1663191445752 0.010026030242443085 58
1663191446266 0.012737867422401905 59
1663191446779 0.013578535988926888 60
1663191447292 0.008648421615362167 61
1663191447811 0.009070266038179398 62
1663191448398 0.013843010179698467 63
1663191449190 0.010727157816290855 64
1663191449785 0.01042651105672121 65
1663191450301 0.007815451361238956 66
1663191450814 0.01196838915348053 67
1663191451323 0.010134536772966385 68
