1663191104436 0.0010662878630682826 0
1663191105237 0.0010554153705015779 1
1663191105795 0.0010941863292828202 2
1663191106295 0.0011122144060209394 3
1663191106818 0.0011213606921955943 4
1663191107332 0.0011054171482101083 5
1663191107832 0.001106142532080412 6
1663191108332 0.001109965960495174 7
1663191108873 0.0011649655643850565 8
1663191109379 0.0010860735783353448 9
1663191109921 0.001061915187165141 10
1663191110453 0.0010681155836209655 11
1663191110987 0.0010349389631301165 12
1663191111476 0.0010626355651766062 13
1663191111965 0.0010933586163446307 14
1663191112449 0.0010753688402473927 15
1663191113010 0.0010632204357534647 16
1663191113491 0.0010627568699419498 17
1663191114039 0.001071253907866776 18
1663191114590 0.001098410109989345 19
1663191115076 0.00110030232463032 20
1663191115562 0.0011123777367174625 21
1663191116050 0.0011071937624365091 22
1663191116540 0.0011323310900479555 23
1663191117029 0.0011164036113768816 24
1663191117515 0.0011369173880666494 25
1663191118002 0.0011042288970202208 26
1663191118490 0.0010846637887880206 27
1663191118980 0.0010790713131427765 28
1663191119467 0.0010651100892573595 29
1663191119956 0.0010423705680295825 30
1663191120448 0.001071962178684771 31
1663191120940 0.0010725684696808457 32
1663191121429 0.0011051311157643795 33
1663191121911 0.001107506570406258 34
1663191122430 0.001168778631836176 35
1663191122921 0.0011717467568814754 36
1663191123400 0.0011454233899712563 37
1663191123888 0.0011543661821633577 38
1663191124380 0.0012944074114784598 39
1663191124870 0.0013421508483588696 40
1663191125363 0.0014413862954825163 41
1663191125853 0.0015269898576661944 42
1663191126336 0.0014508175663650036 43
1663191126825 0.0013453240972012281 44
1663191127312 0.0013511301949620247 45
1663191127799 0.0010628949385136366 46
1663191128290 0.0010465962113812566 47
1663191128775 0.0010501587530598044 48
1663191129264 0.0010361677268519998 49
1663191129755 0.0010532637825235724 50
1663191130249 0.0010805708589032292 51
1663191130737 0.001079192734323442 52
1663191131231 0.0011138510890305042 53
1663191131720 0.00116242456715554 54
1663191132208 0.0012109007220715284 55
1663191132698 0.0012822127901017666 56
1663191133186 0.0014303881907835603 57
1663191133676 0.001335703651420772 58
1663191134164 0.0014154231175780296 59
1663191134648 0.0015136139700189233 60
1663191135136 0.0016597851645201445 61
1663191135624 0.0016098711639642715 62
1663191136114 0.0014873516047373414 63
1663191136598 0.001519848476164043 64
1663191137089 0.0015014323871582747 65
1663191137573 0.0014621943701058626 66
1663191138057 0.001321724965237081 67
1663191138544 0.0013288165209814906 68
1663191414563 0.0010662878630682826 0
1663191415075 0.0010554153705015779 1
1663191415588 0.0010941863292828202 2
1663191416105 0.0011122144060209394 3
1663191416631 0.0011213606921955943 4
1663191417165 0.0011054171482101083 5
1663191417844 0.001106142532080412 6
1663191418378 0.001109965960495174 7
1663191419088 0.0011649655643850565 8
1663191419730 0.0010860735783353448 9
1663191420307 0.001061915187165141 10
1663191420844 0.0010681155836209655 11
1663191421375 0.0010349389631301165 12
1663191421923 0.0010626355651766062 13
1663191422445 0.0010933586163446307 14
1663191422967 0.0010753688402473927 15
1663191423482 0.0010632204357534647 16
1663191423999 0.0010627568699419498 17
1663191424536 0.001071253907866776 18
1663191425061 0.001098410109989345 19
1663191425630 0.00110030232463032 20
1663191426147 0.0011123777367174625 21
1663191426667 0.0011071937624365091 22
1663191427186 0.0011323310900479555 23
1663191427729 0.0011164036113768816 24
1663191428279 0.0011369173880666494 25
1663191428813 0.0011042288970202208 26
1663191429337 0.0010846637887880206 27
1663191429867 0.0010790713131427765 28
1663191430404 0.0010651100892573595 29
1663191430944 0.0010423705680295825 30
1663191431481 0.001071962178684771 31
1663191432009 0.0010725684696808457 32
1663191432546 0.0011051311157643795 33
1663191433094 0.001107506570406258 34
1663191433618 0.001168778631836176 35
1663191434153 0.0011717467568814754 36
1663191434676 0.0011454233899712563 37
1663191435202 0.0011543661821633577 38
1663191435719 0.0012944074114784598 39
1663191436238 0.0013421508483588696 40
1663191436759 0.0014413862954825163 41
1663191437301 0.0015269898576661944 42
1663191437822 0.0014508175663650036 43
1663191438378 0.0013453240972012281 44
1663191438902 0.0013511301949620247 45
1663191439425 0.0010628949385136366 46
1663191439962 0.0010465962113812566 47
1663191440505 0.0010501587530598044 48
1663191441026 0.0010361677268519998 49
1663191441537 0.0010532637825235724 50
1663191442053 0.0010805708589032292 51
1663191442571 0.001079192734323442 52
1663191443098 0.0011138510890305042 53
1663191443635 0.00116242456715554 54
1663191444162 0.0012109007220715284 55
1663191444694 0.0012822127901017666 56
1663191445230 0.0014303881907835603 57
1663191445756 0.001335703651420772 58
1663191446270 0.0014154231175780296 59
1663191446783 0.0015136139700189233 60
1663191447296 0.0016597851645201445 61
1663191447815 0.0016098711639642715 62
1663191448403 0.0014873516047373414 63
1663191449194 0.001519848476164043 64
1663191449789 0.0015014323871582747 65
1663191450306 0.0014621943701058626 66
1663191450818 0.001321724965237081 67
1663191451328 0.0013288165209814906 68
