1663191104431 0.031622953712940216 0
1663191105234 0.03162289038300514 1
1663191105793 0.03162306919693947 2
1663191106293 0.03162316232919693 3
1663191106816 0.03162320330739021 4
1663191107330 0.031623102724552155 5
1663191107830 0.031623128801584244 6
1663191108330 0.031623199582099915 7
1663191108871 0.03162346035242081 8
1663191109376 0.0316229909658432 9
1663191109919 0.03162294253706932 10
1663191110451 0.03162294626235962 11
1663191110985 0.03162290155887604 12
1663191111474 0.0316229946911335 13
1663191111963 0.031623050570487976 14
1663191112447 0.03162312135100365 15
1663191113008 0.03162310644984245 16
1663191113489 0.03162313625216484 17
1663191114036 0.03162315487861633 18
1663191114588 0.031623221933841705 19
1663191115074 0.0316232331097126 20
1663191115560 0.03162338584661484 21
1663191116047 0.03162325173616409 22
1663191116538 0.03162332624197006 23
1663191117027 0.031623274087905884 24
1663191117513 0.03162335976958275 25
1663191117999 0.031623173505067825 26
1663191118488 0.03162304684519768 27
1663191118978 0.031623050570487976 28
1663191119465 0.03162296116352081 29
1663191119954 0.03162294998764992 30
1663191120445 0.03162302076816559 31
1663191120938 0.031623098999261856 32
1663191121427 0.03162325918674469 33
1663191121909 0.03162332996726036 34
1663191122427 0.031623635441064835 35
1663191122919 0.03162375092506409 36
1663191123398 0.031623609364032745 37
1663191123886 0.03162364661693573 38
1663191124377 0.03162484988570213 39
1663191124868 0.03162552788853645 40
1663191125361 0.031626634299755096 41
1663191125851 0.03162766993045807 42
1663191126333 0.03162650391459465 43
1663191126823 0.03162502124905586 44
1663191127310 0.03162498399615288 45
1663191127797 0.03162297233939171 46
1663191128287 0.03162293881177902 47
1663191128772 0.031622931361198425 48
1663191129262 0.03162292018532753 49
1663191129752 0.03162296861410141 50
1663191130246 0.03162306919693947 51
1663191130735 0.03162316232919693 52
1663191131229 0.03162333741784096 53
1663191131718 0.03162350505590439 54
1663191132206 0.03162381052970886 55
1663191132696 0.03162430599331856 56
1663191133184 0.03162594512104988 57
1663191133674 0.03162497654557228 58
1663191134161 0.031625863164663315 59
1663191134646 0.031627196818590164 60
1663191135134 0.031629834324121475 61
1663191135622 0.031628888100385666 62
1663191136112 0.031626779586076736 63
1663191136596 0.03162732347846031 64
1663191137087 0.03162715211510658 65
1663191137570 0.031626541167497635 66
1663191138055 0.03162480145692825 67
1663191138542 0.03162479028105736 68
1663191414561 0.031622953712940216 0
1663191415073 0.03162289038300514 1
1663191415586 0.03162306919693947 2
1663191416103 0.03162316232919693 3
1663191416629 0.03162320330739021 4
1663191417163 0.031623102724552155 5
1663191417841 0.031623128801584244 6
1663191418376 0.031623199582099915 7
1663191419086 0.03162346035242081 8
1663191419727 0.0316229909658432 9
1663191420305 0.03162294253706932 10
1663191420842 0.03162294626235962 11
1663191421373 0.03162290155887604 12
1663191421921 0.0316229946911335 13
1663191422442 0.031623050570487976 14
1663191422965 0.03162312135100365 15
1663191423480 0.03162310644984245 16
1663191423997 0.03162313625216484 17
1663191424534 0.03162315487861633 18
1663191425059 0.031623221933841705 19
1663191425628 0.0316232331097126 20
1663191426145 0.03162338584661484 21
1663191426665 0.03162325173616409 22
1663191427184 0.03162332624197006 23
1663191427727 0.031623274087905884 24
1663191428276 0.03162335976958275 25
1663191428811 0.031623173505067825 26
1663191429335 0.03162304684519768 27
1663191429865 0.031623050570487976 28
1663191430402 0.03162296116352081 29
1663191430942 0.03162294998764992 30
1663191431479 0.03162302076816559 31
1663191432007 0.031623098999261856 32
1663191432544 0.03162325918674469 33
1663191433092 0.03162332996726036 34
1663191433616 0.031623635441064835 35
1663191434151 0.03162375092506409 36
1663191434674 0.031623609364032745 37
1663191435200 0.03162364661693573 38
1663191435717 0.03162484988570213 39
1663191436235 0.03162552788853645 40
1663191436757 0.031626634299755096 41
1663191437299 0.03162766993045807 42
1663191437820 0.03162650391459465 43
1663191438376 0.03162502124905586 44
1663191438899 0.03162498399615288 45
1663191439423 0.03162297233939171 46
1663191439960 0.03162293881177902 47
1663191440503 0.031622931361198425 48
1663191441024 0.03162292018532753 49
1663191441535 0.03162296861410141 50
1663191442051 0.03162306919693947 51
1663191442569 0.03162316232919693 52
1663191443096 0.03162333741784096 53
1663191443633 0.03162350505590439 54
1663191444159 0.03162381052970886 55
1663191444692 0.03162430599331856 56
1663191445228 0.03162594512104988 57
1663191445754 0.03162497654557228 58
1663191446268 0.031625863164663315 59
1663191446781 0.031627196818590164 60
1663191447294 0.031629834324121475 61
1663191447813 0.031628888100385666 62
1663191448401 0.031626779586076736 63
1663191449192 0.03162732347846031 64
1663191449787 0.03162715211510658 65
1663191450303 0.031626541167497635 66
1663191450816 0.03162480145692825 67
1663191451326 0.03162479028105736 68
