1663191104426 0.0010662878630682826 0
1663191105233 0.00104103225748986 1
1663191105791 0.0010941863292828202 2
1663191106292 0.0011122144060209394 3
1663191106815 0.0011213606921955943 4
1663191107328 0.0011054171482101083 5
1663191107829 0.001106142532080412 6
1663191108329 0.001097841770388186 7
1663191108870 0.001087523065507412 8
1663191109375 0.0010255277156829834 9
1663191109918 0.0010112461168318987 10
1663191110450 0.0010102465748786926 11
1663191110984 0.001001729047857225 12
1663191111472 0.0010001419577747583 13
1663191111962 0.0009995708242058754 14
1663191112446 0.000999214593321085 15
1663191113007 0.0009990951512008905 16
1663191113488 0.0009990964317694306 17
1663191114035 0.0009990656981244683 18
1663191114587 0.0009990655817091465 19
1663191115073 0.0009990402031689882 20
1663191115559 0.000999048468656838 21
1663191116046 0.0009990567341446877 22
1663191116537 0.0009991548722609878 23
1663191117026 0.0009991866536438465 24
1663191117512 0.0009994833962991834 25
1663191117998 0.0010020865593105555 26
1663191118487 0.0010038292966783047 27
1663191118977 0.001007355866022408 28
1663191119463 0.0010122162057086825 29
1663191119953 0.0010251931380480528 30
1663191120444 0.0010428312234580517 31
1663191120937 0.001060657319612801 32
1663191121426 0.0010728896595537663 33
1663191121908 0.0010906659299507737 34
1663191122426 0.0010808984516188502 35
1663191122918 0.0010849981335923076 36
1663191123397 0.001074196770787239 37
1663191123885 0.0010868634562939405 38
1663191124376 0.0011030095629394054 39
1663191124866 0.0010966557310894132 40
1663191125360 0.0010527805425226688 41
1663191125850 0.0010352481622248888 42
1663191126332 0.0010478845797479153 43
1663191126822 0.0010633629281073809 44
1663191127309 0.001053028041496873 45
1663191127796 0.0010006371885538101 46
1663191128286 0.0010015734005719423 47
1663191128771 0.0010059154592454433 48
1663191129261 0.0010071102296933532 49
1663191129751 0.0010161371901631355 50
1663191130245 0.0010200132383033633 51
1663191130734 0.0010316484840586782 52
1663191131228 0.001038896618410945 53
1663191131717 0.0010349045041948557 54
1663191132205 0.001025740522891283 55
1663191132695 0.0010222268756479025 56
1663191133183 0.0010154310148209333 57
1663191133673 0.0010090074501931667 58
1663191134160 0.0010117273777723312 59
1663191134645 0.0010125499684363604 60
1663191135133 0.001007517916150391 61
1663191135621 0.0010079615749418736 62
1663191136111 0.0010128265712410212 63
1663191136594 0.001009663799777627 64
1663191137086 0.0010093627497553825 65
1663191137569 0.0010067443363368511 66
1663191138054 0.00101097347214818 67
1663191138541 0.0010091218864545226 68
1663191414560 0.0010662878630682826 0
1663191415072 0.00104103225748986 1
1663191415585 0.0010941863292828202 2
1663191416102 0.0011122144060209394 3
1663191416628 0.0011213606921955943 4
1663191417162 0.0011054171482101083 5
1663191417840 0.001106142532080412 6
1663191418375 0.001097841770388186 7
1663191419085 0.001087523065507412 8
1663191419726 0.0010255277156829834 9
1663191420304 0.0010112461168318987 10
1663191420841 0.0010102465748786926 11
1663191421372 0.001001729047857225 12
1663191421920 0.0010001419577747583 13
1663191422441 0.0009995708242058754 14
1663191422964 0.000999214593321085 15
1663191423479 0.0009990951512008905 16
1663191423996 0.0009990964317694306 17
1663191424533 0.0009990656981244683 18
1663191425058 0.0009990655817091465 19
1663191425627 0.0009990402031689882 20
1663191426144 0.000999048468656838 21
1663191426664 0.0009990567341446877 22
1663191427183 0.0009991548722609878 23
1663191427726 0.0009991866536438465 24
1663191428275 0.0009994833962991834 25
1663191428810 0.0010020865593105555 26
1663191429334 0.0010038292966783047 27
1663191429864 0.001007355866022408 28
1663191430400 0.0010122162057086825 29
1663191430941 0.0010251931380480528 30
1663191431478 0.0010428312234580517 31
1663191432006 0.001060657319612801 32
1663191432543 0.0010728896595537663 33
1663191433091 0.0010906659299507737 34
1663191433615 0.0010808984516188502 35
1663191434150 0.0010849981335923076 36
1663191434672 0.001074196770787239 37
1663191435199 0.0010868634562939405 38
1663191435716 0.0011030095629394054 39
1663191436234 0.0010966557310894132 40
1663191436756 0.0010527805425226688 41
1663191437298 0.0010352481622248888 42
1663191437819 0.0010478845797479153 43
1663191438375 0.0010633629281073809 44
1663191438898 0.001053028041496873 45
1663191439422 0.0010006371885538101 46
1663191439959 0.0010015734005719423 47
1663191440502 0.0010059154592454433 48
1663191441023 0.0010071102296933532 49
1663191441534 0.0010161371901631355 50
1663191442050 0.0010200132383033633 51
1663191442568 0.0010316484840586782 52
1663191443095 0.001038896618410945 53
1663191443632 0.0010349045041948557 54
1663191444158 0.001025740522891283 55
1663191444691 0.0010222268756479025 56
1663191445227 0.0010154310148209333 57
1663191445753 0.0010090074501931667 58
1663191446267 0.0010117273777723312 59
1663191446780 0.0010125499684363604 60
1663191447293 0.001007517916150391 61
1663191447812 0.0010079615749418736 62
1663191448400 0.0010128265712410212 63
1663191449191 0.001009663799777627 64
1663191449786 0.0010093627497553825 65
1663191450302 0.0010067443363368511 66
1663191450815 0.00101097347214818 67
1663191451324 0.0010091218864545226 68
