1663191104434 0.10959871113300323 0
1663191105236 0.0909954383969307 1
1663191105794 0.13556331396102905 2
1663191106294 0.15362533926963806 3
1663191106817 0.16069398820400238 4
1663191107331 0.1415979117155075 5
1663191107831 0.1467972695827484 6
1663191108331 0.16023388504981995 7
1663191108872 0.1978365182876587 8
1663191109378 0.11792165040969849 9
1663191109920 0.10441122204065323 10
1663191110452 0.10554777085781097 11
1663191110986 0.09410002827644348 12
1663191111475 0.11995568126440048 13
1663191111964 0.13214747607707977 14
1663191112448 0.14781267940998077 15
1663191113009 0.144087553024292 16
1663191113490 0.15123379230499268 17
1663191114037 0.15416353940963745 18
1663191114589 0.16543792188167572 19
1663191115075 0.16794002056121826 20
1663191115561 0.19285722076892853 21
1663191116049 0.17037037014961243 22
1663191116539 0.18243080377578735 23
1663191117028 0.1737615168094635 24
1663191117514 0.18623404204845428 25
1663191118000 0.15568536520004272 26
1663191118489 0.13131049275398254 27
1663191118979 0.13180090487003326 28
1663191119466 0.11135681718587875 29
1663191119955 0.10733470320701599 30
1663191120446 0.12628383934497833 31
1663191120939 0.14344672858715057 32
1663191121428 0.171990305185318 33
1663191121910 0.18349093198776245 34
1663191122428 0.22300882637500763 35
1663191122920 0.23628509044647217 36
1663191123399 0.2197970449924469 37
1663191123887 0.22405916452407837 38
1663191124379 0.32737016677856445 39
1663191124869 0.37013596296310425 40
1663191125362 0.42039409279823303 41
1663191125852 0.4568668305873871 42
1663191126335 0.41062530875205994 43
1663191126824 0.3321555554866791 44
1663191127311 0.32758793234825134 45
1663191127798 0.1138860359787941 46
1663191128289 0.10525677353143692 47
1663191128774 0.10416370630264282 48
1663191129263 0.09885304421186447 49
1663191129754 0.1125941202044487 50
1663191130248 0.13670453429222107 51
1663191130736 0.15519042313098907 52
1663191131230 0.18454594910144806 53
1663191131719 0.20618507266044617 54
1663191132207 0.24019046127796173 55
1663191132697 0.28183555603027344 56
1663191133185 0.3792867958545685 57
1663191133675 0.33062148094177246 58
1663191134162 0.377785325050354 59
1663191134647 0.4332501292228699 60
1663191135135 0.5181989669799805 61
1663191135623 0.4909747242927551 62
1663191136113 0.4166634678840637 63
1663191136597 0.43907925486564636 64
1663191137088 0.43567508459091187 65
1663191137572 0.4096866548061371 66
1663191138056 0.3193744421005249 67
1663191138543 0.316480815410614 68
1663191414562 0.10959871113300323 0
1663191415074 0.0909954383969307 1
1663191415587 0.13556331396102905 2
1663191416104 0.15362533926963806 3
1663191416630 0.16069398820400238 4
1663191417164 0.1415979117155075 5
1663191417843 0.1467972695827484 6
1663191418377 0.16023388504981995 7
1663191419087 0.1978365182876587 8
1663191419728 0.11792165040969849 9
1663191420306 0.10441122204065323 10
1663191420843 0.10554777085781097 11
1663191421374 0.09410002827644348 12
1663191421922 0.11995568126440048 13
1663191422443 0.13214747607707977 14
1663191422966 0.14781267940998077 15
1663191423481 0.144087553024292 16
1663191423998 0.15123379230499268 17
1663191424535 0.15416353940963745 18
1663191425060 0.16543792188167572 19
1663191425629 0.16794002056121826 20
1663191426146 0.19285722076892853 21
1663191426666 0.17037037014961243 22
1663191427185 0.18243080377578735 23
1663191427728 0.1737615168094635 24
1663191428278 0.18623404204845428 25
1663191428812 0.15568536520004272 26
1663191429336 0.13131049275398254 27
1663191429866 0.13180090487003326 28
1663191430403 0.11135681718587875 29
1663191430943 0.10733470320701599 30
1663191431480 0.12628383934497833 31
1663191432008 0.14344672858715057 32
1663191432545 0.171990305185318 33
1663191433093 0.18349093198776245 34
1663191433617 0.22300882637500763 35
1663191434152 0.23628509044647217 36
1663191434675 0.2197970449924469 37
1663191435201 0.22405916452407837 38
1663191435718 0.32737016677856445 39
1663191436236 0.37013596296310425 40
1663191436758 0.42039409279823303 41
1663191437300 0.4568668305873871 42
1663191437821 0.41062530875205994 43
1663191438377 0.3321555554866791 44
1663191438901 0.32758793234825134 45
1663191439424 0.1138860359787941 46
1663191439961 0.10525677353143692 47
1663191440504 0.10416370630264282 48
1663191441025 0.09885304421186447 49
1663191441536 0.1125941202044487 50
1663191442052 0.13670453429222107 51
1663191442570 0.15519042313098907 52
1663191443097 0.18454594910144806 53
1663191443634 0.20618507266044617 54
1663191444160 0.24019046127796173 55
1663191444693 0.28183555603027344 56
1663191445229 0.3792867958545685 57
1663191445755 0.33062148094177246 58
1663191446269 0.377785325050354 59
1663191446782 0.4332501292228699 60
1663191447295 0.5181989669799805 61
1663191447814 0.4909747242927551 62
1663191448402 0.4166634678840637 63
1663191449193 0.43907925486564636 64
1663191449788 0.43567508459091187 65
1663191450304 0.4096866548061371 66
1663191450817 0.3193744421005249 67
1663191451327 0.316480815410614 68
