1663191104438 0.06518902629613876 0
1663191105238 0.0549381785094738 1
1663191105797 0.0910198837518692 2
1663191106296 0.10736466944217682 3
1663191106819 0.11555568873882294 4
1663191107333 0.10123251378536224 5
1663191107833 0.10188926011323929 6
1663191108333 0.10534206032752991 7
1663191108874 0.15371131896972656 8
1663191109380 0.08357550203800201 9
1663191109922 0.0610789954662323 10
1663191110454 0.06690102815628052 11
1663191110988 0.03534635156393051 12
1663191111477 0.061758968979120255 13
1663191111966 0.09026267379522324 14
1663191112451 0.0736742913722992 15
1663191113011 0.06231231987476349 16
1663191113492 0.06187747046351433 17
1663191114040 0.06984136253595352 18
1663191114591 0.0948769673705101 19
1663191115077 0.09659876674413681 20
1663191115563 0.10751855373382568 21
1663191116051 0.10284286737442017 22
1663191116541 0.12529508769512177 23
1663191117030 0.11112748831510544 24
1663191117516 0.12933790683746338 25
1663191118003 0.10015915334224701 26
1663191118491 0.08227837085723877 27
1663191118981 0.07710901647806168 28
1663191119468 0.0640840008854866 29
1663191119957 0.04250273481011391 30
1663191120449 0.07049835473299026 31
1663191120941 0.07106619328260422 32
1663191121430 0.10097860544919968 33
1663191121912 0.10312797129154205 34
1663191122431 0.1569846123456955 35
1663191122922 0.15952405333518982 36
1663191123401 0.13679878413677216 37
1663191123889 0.14457689225673676 38
1663191124381 0.2591100037097931 39
1663191124871 0.2953474521636963 40
1663191125364 0.3667033314704895 41
1663191125854 0.4244169592857361 42
1663191126337 0.37322089076042175 43
1663191126827 0.2976944148540497 44
1663191127313 0.301999568939209 45
1663191127800 0.06200230121612549 46
1663191128291 0.046548355370759964 47
1663191128776 0.049946509301662445 48
1663191129265 0.03653337061405182 49
1663191129756 0.052899595350027084 50
1663191130250 0.07849839329719543 51
1663191130738 0.07722499966621399 52
1663191131232 0.10884033143520355 53
1663191131721 0.15152940154075623 54
1663191132209 0.19239427149295807 55
1663191132699 0.24962951242923737 56
1663191133187 0.35902586579322815 57
1663191133677 0.2905171513557434 58
1663191134165 0.34850722551345825 59
1663191134649 0.415606826543808 60
1663191135137 0.5078468322753906 61
1663191135625 0.4772944152355194 62
1663191136115 0.39809510111808777 63
1663191136599 0.4197203814983368 64
1663191137090 0.4075269103050232 65
1663191137574 0.3810320496559143 66
1663191138058 0.27999240159988403 67
1663191138545 0.2853426933288574 68
1663191414564 0.06518902629613876 0
1663191415076 0.0549381785094738 1
1663191415589 0.0910198837518692 2
1663191416106 0.10736466944217682 3
1663191416632 0.11555568873882294 4
1663191417166 0.10123251378536224 5
1663191417845 0.10188926011323929 6
1663191418379 0.10534206032752991 7
1663191419089 0.15371131896972656 8
1663191419731 0.08357550203800201 9
1663191420308 0.0610789954662323 10
1663191420845 0.06690102815628052 11
1663191421376 0.03534635156393051 12
1663191421924 0.061758968979120255 13
1663191422446 0.09026267379522324 14
1663191422968 0.0736742913722992 15
1663191423483 0.06231231987476349 16
1663191424000 0.06187747046351433 17
1663191424537 0.06984136253595352 18
1663191425062 0.0948769673705101 19
1663191425631 0.09659876674413681 20
1663191426149 0.10751855373382568 21
1663191426668 0.10284286737442017 22
1663191427187 0.12529508769512177 23
1663191427730 0.11112748831510544 24
1663191428280 0.12933790683746338 25
1663191428814 0.10015915334224701 26
1663191429338 0.08227837085723877 27
1663191429868 0.07710901647806168 28
1663191430405 0.0640840008854866 29
1663191430945 0.04250273481011391 30
1663191431482 0.07049835473299026 31
1663191432010 0.07106619328260422 32
1663191432547 0.10097860544919968 33
1663191433096 0.10312797129154205 34
1663191433619 0.1569846123456955 35
1663191434155 0.15952405333518982 36
1663191434677 0.13679878413677216 37
1663191435203 0.14457689225673676 38
1663191435720 0.2591100037097931 39
1663191436239 0.2953474521636963 40
1663191436760 0.3667033314704895 41
1663191437303 0.4244169592857361 42
1663191437824 0.37322089076042175 43
1663191438379 0.2976944148540497 44
1663191438903 0.301999568939209 45
1663191439426 0.06200230121612549 46
1663191439963 0.046548355370759964 47
1663191440506 0.049946509301662445 48
1663191441027 0.03653337061405182 49
1663191441538 0.052899595350027084 50
1663191442054 0.07849839329719543 51
1663191442572 0.07722499966621399 52
1663191443099 0.10884033143520355 53
1663191443636 0.15152940154075623 54
1663191444163 0.19239427149295807 55
1663191444695 0.24962951242923737 56
1663191445231 0.35902586579322815 57
1663191445757 0.2905171513557434 58
1663191446271 0.34850722551345825 59
1663191446784 0.415606826543808 60
1663191447297 0.5078468322753906 61
1663191447816 0.4772944152355194 62
1663191448404 0.39809510111808777 63
1663191449196 0.4197203814983368 64
1663191449790 0.4075269103050232 65
1663191450307 0.3810320496559143 66
1663191450819 0.27999240159988403 67
1663191451329 0.2853426933288574 68
