1657511952203 0.06518902629613876 0
1657511952580 0.04229350760579109 1
1657511953043 0.0966460257768631 2
1657511953430 0.12251285463571548 3
1657511953683 0.14983680844306946 4
1657511953937 0.1663568764925003 5
1657511954190 0.2198980450630188 6
1657511954460 0.2905465066432953 7
1657511954713 0.37858423590660095 8
1657511954967 0.3383355736732483 9
1657511955216 0.3143872916698456 10
1657511955470 0.27394402027130127 11
1657511955724 0.07731456309556961 12
1657511955975 0.007781410124152899 13
1657511956228 0.0003930930106434971 14
1657511956480 6.876172847114503e-06 15
1657511956732 1.5676323528168723e-07 16
1657511956985 8.19111978245246e-09 17
1657511957239 4.885887805450295e-10 18
1657511957490 4.704550984890865e-11 19
1657511957742 8.130308058740265e-12 20
1657511957996 1.1898923686637364e-12 21
1657511958247 1.2705423735673294e-13 22
1657511958499 5.371020468658561e-13 23
1657511958754 6.017412181600137e-14 24
1657511959011 1.2132869443284497e-14 25
1657511959260 4.425776795556873e-15 26
1657511959511 1.0883382343669472e-15 27
1657511959769 3.774045029044385e-16 28
1657511960023 1.479178135652717e-16 29
1657511960275 4.5151981299729587e-17 30
1657511960528 1.2099064940694729e-17 31
1657511960782 1.0089840544466434e-18 32
1657511961032 9.025927302949265e-20 33
1657511961284 6.572193112597456e-21 34
1657511961573 5.837070876365939e-22 35
1657511961843 7.343224070042692e-23 36
1657511962094 1.1621947717571017e-23 37
1657511962396 4.7445948425513655e-24 38
1657511962657 2.8557397829877067e-24 39
1657511962908 1.7799257931118942e-24 40
1657511963163 6.704515028407538e-25 41
1657511963413 2.505341869777214e-25 42
1657511963666 3.8174495295696983e-26 43
1657511963915 3.944731312180735e-27 44
1657511964164 3.8510572574701483e-28 45
1657511964414 5.8148448005233564e-30 46
1657511964667 2.381769350359275e-30 47
1657511964916 1.4540148538315435e-30 48
1657511965168 9.471856062259199e-31 49
1657511965422 9.696104649367826e-31 50
1657511965677 1.918498186982693e-30 51
1657511965930 3.628302680423224e-30 52
1657511966183 7.709120656873457e-30 53
1657511966433 1.4764230111186698e-29 54
1657511966684 2.8868167178002384e-29 55
1657511966935 4.907232785259112e-29 56
1657511967187 8.110311875905147e-29 57
1657511967438 1.4723910165947843e-28 58
1657511967689 3.2990768279827737e-28 59
1657511967944 6.2567517584438e-28 60
1657511968200 1.1374506621847044e-27 61
1657511968453 3.6985720430127806e-27 62
1657511968707 1.2069829924494029e-26 63
1657511968960 3.824898410297006e-26 64
1657511969207 1.0555083403968743e-25 65
1657511969459 2.1103532980762643e-25 66
1657511969712 8.4460280286006e-25 67
1657511969960 1.756131578842939e-24 68
