1657511952204 0.0 0
1657511952582 0.008620120584964752 1
1657511953044 0.02390357106924057 2
1657511953433 0.07972589880228043 3
1657511953685 0.21327611804008484 4
1657511953939 0.4696173369884491 5
1657511954192 0.8488768339157104 6
1657511954461 1.4286106824874878 7
1657511954714 2.270554304122925 8
1657511954968 3.459827423095703 9
1657511955218 4.503589153289795 10
1657511955471 5.333395004272461 11
1657511955725 5.753964900970459 12
1657511955976 5.438808917999268 13
1657511956230 4.295613765716553 14
1657511956482 2.5894064903259277 15
1657511956733 0.4808581471443176 16
1657511956987 -1.5710875988006592 17
1657511957240 -3.293492317199707 18
1657511957491 -4.417442321777344 19
1657511957744 -4.814465045928955 20
1657511957998 -4.475536346435547 21
1657511958249 -3.4995508193969727 22
1657511958500 -2.2001266479492188 23
1657511958756 -0.8167276382446289 24
1657511959013 0.39324951171875 25
1657511959261 1.264329433441162 26
1657511959513 1.6528291702270508 27
1657511959771 1.6045386791229248 28
1657511960024 1.180698275566101 29
1657511960276 0.511364758014679 30
1657511960530 -0.31143566966056824 31
1657511960783 -1.1745636463165283 32
1657511961034 -1.9800935983657837 33
1657511961285 -2.6144795417785645 34
1657511961574 -2.9636242389678955 35
1657511961845 -3.0039570331573486 36
1657511962096 -2.744497776031494 37
1657511962397 -2.2970826625823975 38
1657511962659 -1.7473396062850952 39
1657511962910 -1.1152350902557373 40
1657511963164 -0.5818402171134949 41
1657511963414 -0.28716716170310974 42
1657511963668 -0.28907445073127747 43
1657511963916 -0.5648840069770813 44
1657511964165 -1.0081143379211426 45
1657511964416 -1.5361448526382446 46
1657511964668 -1.9627794027328491 47
1657511964918 -2.3394453525543213 48
1657511965169 -2.6276044845581055 49
1657511965423 -2.7955870628356934 50
1657511965678 -2.835188388824463 51
1657511965931 -2.73767352104187 52
1657511966184 -2.514530897140503 53
1657511966434 -2.192984104156494 54
1657511966685 -1.842105746269226 55
1657511966937 -1.5142427682876587 56
1657511967188 -1.2677747011184692 57
1657511967439 -1.1345643997192383 58
1657511967690 -1.1492897272109985 59
1657511967946 -1.2894762754440308 60
1657511968201 -1.5168324708938599 61
1657511968454 -1.7828266620635986 62
1657511968708 -2.0024805068969727 63
1657511968961 -2.1197264194488525 64
1657511969209 -2.124624490737915 65
1657511969461 -2.013010025024414 66
1657511969714 -1.8259665966033936 67
1657511969962 -1.6137254238128662 68
