1657511952214 0.003756210906431079 0
1657511952594 0.0035520405508577824 1
1657511953056 0.003954481799155474 2
1657511953442 0.004094360861927271 3
1657511953695 0.004175033885985613 4
1657511953949 0.003994474653154612 5
1657511954202 0.004092613235116005 6
1657511954471 0.004197012633085251 7
1657511954725 0.004476167261600494 8
1657511954978 0.003971093334257603 9
1657511955228 0.004010559059679508 10
1657511955481 0.00405922532081604 11
1657511955735 0.004051202442497015 12
1657511955987 0.004481778480112553 13
1657511956240 0.004468063358217478 14
1657511956492 0.004761999472975731 15
1657511956744 0.0047640628181397915 16
1657511956997 0.004879666958004236 17
1657511957250 0.004940446466207504 18
1657511957502 0.005046708043664694 19
1657511957754 0.005087920464575291 20
1657511958008 0.00529478769749403 21
1657511958259 0.005103649105876684 22
1657511958510 0.005012043751776218 23
1657511958766 0.0049187252297997475 24
1657511959023 0.004918889608234167 25
1657511959272 0.0045378198847174644 26
1657511959523 0.004380933474749327 27
1657511959781 0.004369464702904224 28
1657511960035 0.00416242890059948 29
1657511960286 0.004196348134428263 30
1657511960540 0.004297877196222544 31
1657511960793 0.0045299227349460125 32
1657511961043 0.004809820558875799 33
1657511961296 0.004880343563854694 34
1657511961585 0.005187432747334242 35
1657511961855 0.005302383564412594 36
1657511962106 0.005040066782385111 37
1657511962408 0.0050597419030964375 38
1657511962669 0.005842289887368679 39
1657511962920 0.006188483443111181 40
1657511963174 0.006318339146673679 41
1657511963424 0.006428319029510021 42
1657511963677 0.006252707447856665 43
1657511963926 0.005787125322967768 44
1657511964175 0.005649281665682793 45
1657511964426 0.00430250121280551 46
1657511964678 0.004160946700721979 47
1657511964927 0.004142377991229296 48
1657511965179 0.004061215091496706 49
1657511965433 0.004237895365804434 50
1657511965688 0.004459428135305643 51
1657511965941 0.004663135856389999 52
1657511966194 0.004957628436386585 53
1657511966444 0.005028392653912306 54
1657511966695 0.005224375519901514 55
1657511966947 0.0053832619450986385 56
1657511967198 0.0058770435862243176 57
1657511967449 0.005744159687310457 58
1657511967700 0.00590547313913703 59
1657511967955 0.006123080383986235 60
1657511968211 0.006473736371845007 61
1657511968464 0.006401694379746914 62
1657511968718 0.006060954183340073 63
1657511968971 0.006224386394023895 64
1657511969219 0.006378520280122757 65
1657511969471 0.00616303039714694 66
1657511969723 0.005724008660763502 67
1657511969972 0.005604936275631189 68
