1657511952216 0.0 0
1657511952596 0.008620120584964752 1
1657511953061 0.025300094857811928 2
1657511953445 0.07972589880228043 3
1657511953697 0.21327611804008484 4
1657511953952 0.4696173369884491 5
1657511954205 0.8488768339157104 6
1657511954473 1.4286106824874878 7
1657511954727 2.270554304122925 8
1657511954980 3.459827423095703 9
1657511955230 4.503589153289795 10
1657511955484 5.333395004272461 11
1657511955738 5.753964900970459 12
1657511955989 7.228946208953857 13
1657511956242 8.92045783996582 14
1657511956494 10.34643840789795 15
1657511956746 11.464824676513672 16
1657511956999 12.259790420532227 17
1657511957253 12.990385055541992 18
1657511957504 13.97446346282959 19
1657511957756 15.524955749511719 20
1657511958010 17.795602798461914 21
1657511958261 20.848356246948242 22
1657511958513 24.230995178222656 23
1657511958768 27.668758392333984 24
1657511959026 30.810543060302734 25
1657511959274 33.45001983642578 26
1657511959525 35.32065963745117 27
1657511959783 36.65214920043945 28
1657511960037 37.69440460205078 29
1657511960288 38.6413459777832 30
1657511960542 39.74113464355469 31
1657511960795 41.134063720703125 32
1657511961046 42.899131774902344 33
1657511961298 45.000186920166016 34
1657511961587 47.197933197021484 35
1657511961857 49.41429901123047 36
1657511962108 51.40182876586914 37
1657511962411 52.96596145629883 38
1657511962671 54.242958068847656 39
1657511962922 55.49695587158203 40
1657511963176 56.787540435791016 41
1657511963426 58.25472640991211 42
1657511963679 59.97467803955078 43
1657511963929 61.78800964355469 44
1657511964177 63.440223693847656 45
1657511964428 64.88267517089844 46
1657511964680 65.77427673339844 47
1657511964930 66.40166473388672 48
1657511965182 66.78137969970703 49
1657511965435 66.93067169189453 50
1657511965690 66.8970947265625 51
1657511965943 66.72856140136719 52
1657511966196 66.485595703125 53
1657511966446 66.21822357177734 54
1657511966697 65.97132873535156 55
1657511966949 65.73108673095703 56
1657511967200 65.44828796386719 57
1657511967451 65.02287292480469 58
1657511967702 64.42279052734375 59
1657511967958 63.57843017578125 60
1657511968213 62.47749710083008 61
1657511968466 61.14891815185547 62
1657511968720 59.786399841308594 63
1657511968973 58.548580169677734 64
1657511969221 57.38625717163086 65
1657511969473 56.30853271484375 66
1657511969725 55.346134185791016 67
1657511969974 54.48618698120117 68
