1657511952215 0.0 0
1657511952595 0.9786771535873413 1
1657511953057 2.5967447757720947 2
1657511953443 4.9058661460876465 3
1657511953696 7.468197345733643 4
1657511953950 9.903151512145996 5
1657511954204 11.759169578552246 6
1657511954472 13.030095100402832 7
1657511954726 13.68437671661377 8
1657511954979 13.905932426452637 9
1657511955229 13.777555465698242 10
1657511955483 13.512615203857422 11
1657511955737 13.351197242736816 12
1657511955988 13.33791446685791 13
1657511956241 13.763190269470215 14
1657511956493 14.684980392456055 15
1657511956745 16.303495407104492 16
1657511956998 18.493066787719727 17
1657511957251 21.210529327392578 18
1657511957503 24.25491714477539 19
1657511957755 27.500083923339844 20
1657511958009 30.753217697143555 21
1657511958260 34.24970245361328 22
1657511958511 37.81898880004883 23
1657511958767 41.207523345947266 24
1657511959024 44.445919036865234 25
1657511959273 47.603919982910156 26
1657511959524 50.41762924194336 27
1657511959782 53.048095703125 28
1657511960036 55.60602569580078 29
1657511960287 57.94227600097656 30
1657511960541 60.21083068847656 31
1657511960794 62.41249465942383 32
1657511961045 64.69441986083984 33
1657511961297 67.10057067871094 34
1657511961586 69.52610778808594 35
1657511961856 72.06864166259766 36
1657511962107 74.60047149658203 37
1657511962410 76.88790893554688 38
1657511962670 79.05650329589844 39
1657511962921 81.50697326660156 40
1657511963175 84.06558227539062 41
1657511963425 86.5500717163086 42
1657511963678 88.85039520263672 43
1657511963928 90.94534301757812 44
1657511964176 92.77633666992188 45
1657511964427 94.45600128173828 46
1657511964679 95.47295379638672 47
1657511964929 96.19950866699219 48
1657511965180 96.72618103027344 49
1657511965434 97.03956604003906 50
1657511965689 97.22737121582031 51
1657511965942 97.25157928466797 52
1657511966195 97.13047790527344 53
1657511966445 96.87841796875 54
1657511966696 96.49126434326172 55
1657511966948 95.93403625488281 56
1657511967199 95.21758270263672 57
1657511967450 94.30389404296875 58
1657511967701 93.22126007080078 59
1657511967957 91.93228149414062 60
1657511968212 90.48611450195312 61
1657511968465 88.87439727783203 62
1657511968719 87.21711730957031 63
1657511968972 85.62450408935547 64
1657511969220 83.95735931396484 65
1657511969472 82.30963897705078 66
1657511969724 80.78093719482422 67
1657511969973 79.40262603759766 68
