1657511952211 0.06518902629613876 0
1657511952590 0.04121652618050575 1
1657511953052 0.0910198837518692 2
1657511953439 0.10736466944217682 3
1657511953692 0.11555568873882294 4
1657511953945 0.10123251378536224 5
1657511954199 0.10188926011323929 6
1657511954468 0.09435892105102539 7
1657511954721 0.08492255210876465 8
1657511954975 0.026213865727186203 9
1657511955225 0.01218829583376646 10
1657511955478 0.011199425905942917 11
1657511955732 0.00273145642131567 12
1657511955984 0.001148662413470447 13
1657511956237 0.0005791218136437237 14
1657511956489 0.00022485047520603985 15
1657511956741 0.00010465132800163701 16
1657511956993 0.00010713283700169995 17
1657511957246 7.676719542359933e-05 18
1657511957498 7.838008605176583e-05 19
1657511957751 5.354617314878851e-05 20
1657511958005 6.66703563183546e-05 21
1657511958256 7.055231253616512e-05 22
1657511958507 0.00017110648332163692 23
1657511958762 0.00020133249927312136 24
1657511959020 0.0005006029969081283 25
1657511959268 0.003096218453720212 26
1657511959520 0.004830247722566128 27
1657511959777 0.008337246254086494 28
1657511960031 0.013148091733455658 29
1657511960283 0.02588621899485588 30
1657511960537 0.04294699802994728 31
1657511960790 0.059898748993873596 32
1657511961040 0.07137022912502289 33
1657511961292 0.08780523389577866 34
1657511961582 0.07881788909435272 35
1657511961851 0.082606740295887 36
1657511962102 0.07259760051965714 37
1657511962405 0.08432138711214066 38
1657511962665 0.09909941256046295 39
1657511962916 0.09333924949169159 40
1657511963171 0.05253281071782112 41
1657511963421 0.03575977683067322 42
1657511963674 0.04786703735589981 43
1657511963923 0.06249590218067169 44
1657511964172 0.05272795632481575 45
1657511964423 0.0016429717652499676 46
1657511964675 0.002577355597168207 47
1657511964924 0.006903162691742182 48
1657511965176 0.008089443668723106 49
1657511965430 0.017014240846037865 50
1657511965685 0.02082449570298195 51
1657511965938 0.032169733196496964 52
1657511966190 0.0391760915517807 53
1657511966441 0.035330630838871 54
1657511966691 0.026444613933563232 55
1657511966944 0.02302558533847332 56
1657511967195 0.016393231227993965 57
1657511967446 0.010026030242443085 58
1657511967696 0.012737867422401905 59
1657511967952 0.013578535988926888 60
1657511968208 0.008648421615362167 61
1657511968460 0.009070266038179398 62
1657511968715 0.013843010179698467 63
1657511968968 0.010727157816290855 64
1657511969215 0.01042651105672121 65
1657511969467 0.007815451361238956 66
1657511969720 0.01196838915348053 67
1657511969968 0.010134536772966385 68
