1657511952209 4.945489883422852 0
1657511952588 4.628969192504883 1
1657511953051 5.338456153869629 2
1657511953438 5.5791425704956055 3
1657511953691 5.72028923034668 4
1657511953944 5.501220703125 5
1657511954197 5.588585376739502 6
1657511954467 5.699963092803955 7
1657511954720 6.265076637268066 8
1657511954974 5.491558074951172 9
1657511955224 5.3373918533325195 10
1657511955477 5.55694580078125 11
1657511955730 5.008918762207031 12
1657511955982 6.334540843963623 13
1657511956236 6.604435443878174 14
1657511956488 6.907073020935059 15
1657511956740 6.73732852935791 16
1657511956992 6.9368486404418945 17
1657511957245 7.32749080657959 18
1657511957497 7.760468006134033 19
1657511957750 7.842499732971191 20
1657511958004 8.176217079162598 21
1657511958255 7.881974697113037 22
1657511958506 7.963989734649658 23
1657511958761 7.647932052612305 24
1657511959019 7.726744651794434 25
1657511959267 6.778115272521973 26
1657511959519 6.464194297790527 27
1657511959776 6.290230751037598 28
1657511960030 5.796422004699707 29
1657511960282 5.333103656768799 30
1657511960535 5.730841636657715 31
1657511960789 5.924683094024658 32
1657511961039 6.458364963531494 33
1657511961291 6.44963264465332 34
1657511961580 7.073030948638916 35
1657511961850 7.135159015655518 36
1657511962101 6.651759147644043 37
1657511962404 6.69996452331543 38
1657511962664 7.9430317878723145 39
1657511962915 8.48668098449707 40
1657511963170 8.676446914672852 41
1657511963419 8.910076141357422 42
1657511963673 8.790947914123535 43
1657511963922 8.23830795288086 44
1657511964171 8.140825271606445 45
1657511964421 6.079981803894043 46
1657511964673 5.528508186340332 47
1657511964923 5.488808631896973 48
1657511965175 5.011496067047119 49
1657511965429 5.514077186584473 50
1657511965684 6.038118362426758 51
1657511965936 6.1143269538879395 52
1657511966189 6.663490295410156 53
1657511966439 6.964791774749756 54
1657511966690 7.272259712219238 55
1657511966942 7.607668876647949 56
1657511967194 8.318090438842773 57
1657511967444 8.098931312561035 58
1657511967695 8.230548858642578 59
1657511967951 8.574712753295898 60
1657511968207 8.98975944519043 61
1657511968459 8.959135055541992 62
1657511968714 8.531354904174805 63
1657511968967 8.752145767211914 64
1657511969214 9.103862762451172 65
1657511969466 8.81035327911377 66
1657511969719 8.15323543548584 67
1657511969967 8.0891752243042 68
