1657511952207 32.840763092041016 0
1657511952586 30.40346336364746 1
1657511953048 32.745086669921875 2
1657511953436 34.48035430908203 3
1657511953689 36.8132438659668 4
1657511953942 37.86565399169922 5
1657511954195 39.943416595458984 6
1657511954464 42.095664978027344 7
1657511954718 44.96255874633789 8
1657511954971 45.67896270751953 9
1657511955222 48.916236877441406 10
1657511955475 52.027462005615234 11
1657511955728 54.277061462402344 12
1657511955980 66.13278198242188 13
1657511956234 65.58042907714844 14
1657511956486 72.15607452392578 15
1657511956737 72.57428741455078 16
1657511956990 76.338623046875 17
1657511957243 81.28377532958984 18
1657511957495 83.31163787841797 19
1657511957747 85.05802154541016 20
1657511958001 87.58464050292969 21
1657511958252 86.90302276611328 22
1657511958504 92.68341827392578 23
1657511958759 91.861328125 24
1657511959017 92.55445861816406 25
1657511959265 85.53569030761719 26
1657511959516 85.89629364013672 27
1657511959774 85.11033630371094 28
1657511960028 82.606689453125 29
1657511960279 81.95612335205078 30
1657511960533 80.23512268066406 31
1657511960787 82.70757293701172 32
1657511961037 84.32801055908203 33
1657511961289 85.2518539428711 34
1657511961578 87.40835571289062 35
1657511961848 89.39554595947266 36
1657511962099 89.88087463378906 37
1657511962401 91.79039001464844 38
1657511962662 95.95413208007812 39
1657511962913 99.45472717285156 40
1657511963168 101.03491973876953 41
1657511963417 103.14321899414062 42
1657511963671 106.35682678222656 43
1657511963920 108.1907958984375 44
1657511964169 110.11701202392578 45
1657511964419 115.78155517578125 46
1657511964671 114.09988403320312 47
1657511964921 113.3603744506836 48
1657511965173 111.90679931640625 49
1657511965426 112.56280517578125 50
1657511965681 112.63475036621094 51
1657511965934 112.07067108154297 52
1657511966187 112.22667694091797 53
1657511966437 111.3794174194336 54
1657511966688 110.53719329833984 55
1657511966940 110.00077819824219 56
1657511967192 110.19850158691406 57
1657511967442 109.31906127929688 58
1657511967693 107.36157989501953 59
1657511967949 106.80833435058594 60
1657511968204 105.83174133300781 61
1657511968457 104.83341979980469 62
1657511968711 102.97827911376953 63
1657511968964 101.93982696533203 64
1657511969212 102.21529388427734 65
1657511969464 101.36627960205078 66
1657511969717 99.31749725341797 67
1657511969965 98.92056274414062 68
