1657511952205 0.10959871113300323 0
1657511952583 0.09273417294025421 1
1657511953046 0.142547145485878 2
1657511953434 0.17160417139530182 3
1657511953686 0.19808527827262878 4
1657511953940 0.20929376780986786 5
1657511954193 0.2638585865497589 6
1657511954462 0.3563794493675232 7
1657511954716 0.48638346791267395 8
1657511954969 0.48133301734924316 9
1657511955219 0.5488844513893127 10
1657511955472 0.6843659281730652 11
1657511955726 0.8484784960746765 12
1657511955978 0.9652121067047119 13
1657511956231 0.9909352660179138 14
1657511956483 0.9977995157241821 15
1657511956735 0.9991242289543152 16
1657511956988 0.9996616840362549 17
1657511957241 0.9998501539230347 18
1657511957493 0.9999595880508423 19
1657511957745 0.9999856948852539 20
1657511957999 0.999998927116394 21
1657511958250 1.0 22
1657511958502 1.0 23
1657511958757 1.0 24
1657511959014 1.0 25
1657511959262 1.0 26
1657511959514 1.0 27
1657511959772 1.0 28
1657511960025 1.0 29
1657511960277 1.0 30
1657511960531 1.0 31
1657511960784 1.0 32
1657511961035 1.0 33
1657511961287 1.0 34
1657511961576 1.0 35
1657511961846 1.0 36
1657511962097 1.0 37
1657511962399 1.0 38
1657511962660 1.0 39
1657511962911 1.0 40
1657511963165 1.0 41
1657511963415 1.0 42
1657511963669 1.0 43
1657511963918 1.0 44
1657511964167 1.0 45
1657511964417 1.0 46
1657511964669 1.0 47
1657511964919 1.0 48
1657511965171 1.0 49
1657511965424 1.0 50
1657511965679 1.0 51
1657511965932 1.0 52
1657511966185 1.0 53
1657511966435 1.0 54
1657511966686 1.0 55
1657511966938 1.0 56
1657511967189 1.0 57
1657511967440 1.0 58
1657511967691 1.0 59
1657511967947 1.0 60
1657511968202 1.0 61
1657511968455 1.0 62
1657511968709 1.0 63
1657511968962 1.0 64
1657511969210 1.0 65
1657511969462 1.0 66
1657511969715 1.0 67
1657511969963 1.0 68
