1657511952208 4.945489883422852 0
1657511952587 4.636286735534668 1
1657511953050 5.362359523773193 2
1657511953437 5.658868312835693 3
1657511953690 5.933565139770508 4
1657511953943 5.9708380699157715 5
1657511954196 6.437462329864502 6
1657511954466 7.018466949462891 7
1657511954719 7.942294120788574 8
1657511954972 7.794252395629883 9
1657511955223 8.585232734680176 10
1657511955476 9.931047439575195 11
1657511955729 10.593870162963867 12
1657511955981 12.60927963256836 13
1657511956235 13.683440208435059 14
1657511956487 15.589751243591309 15
1657511956738 16.496559143066406 16
1657511956991 17.62679672241211 17
1657511957244 18.660144805908203 18
1657511957496 20.024124145507812 19
1657511957748 21.06566619873047 20
1657511958003 23.772178649902344 21
1657511958254 26.791982650756836 22
1657511958505 27.420310974121094 23
1657511958760 30.95926284790039 24
1657511959018 34.608482360839844 25
1657511959266 37.61719512939453 26
1657511959518 39.735939025878906 27
1657511959775 41.18349838256836 28
1657511960029 41.84307861328125 29
1657511960281 42.985107421875 30
1657511960534 43.8771858215332 31
1657511960788 46.01675033569336 32
1657511961038 47.982845306396484 33
1657511961290 50.14574432373047 34
1657511961579 52.31304168701172 35
1657511961849 54.438777923583984 36
1657511962100 56.082828521728516 37
1657511962402 57.56874084472656 38
1657511962663 59.44727325439453 39
1657511962914 60.905006408691406 40
1657511963169 61.81333923339844 41
1657511963418 62.79521942138672 42
1657511963672 64.97576141357422 43
1657511963921 66.90987396240234 44
1657511964170 68.51146697998047 45
1657511964420 68.23030853271484 46
1657511964672 68.8817138671875 47
1657511964922 69.87361145019531 48
1657511965174 70.00804138183594 49
1657511965428 70.69255828857422 50
1657511965683 70.30199432373047 51
1657511965935 70.28974151611328 52
1657511966188 70.16229248046875 53
1657511966438 69.70112609863281 54
1657511966689 69.16046905517578 55
1657511966941 68.8943099975586 56
1657511967193 68.64562225341797 57
1657511967443 67.68338775634766 58
1657511967694 67.05091857910156 59
1657511967950 66.5027084350586 60
1657511968206 65.44113159179688 61
1657511968458 64.07502746582031 62
1657511968713 62.84905242919922 63
1657511968965 61.49129104614258 64
1657511969213 60.82408905029297 65
1657511969465 59.728336334228516 66
1657511969718 58.60570526123047 67
1657511969966 57.83663558959961 68
