1657511952206 0.06518902629613876 0
1657511952585 0.05630031228065491 1
1657511953047 0.0966460257768631 2
1657511953435 0.12251285463571548 3
1657511953687 0.14983680844306946 4
1657511953941 0.1663568764925003 5
1657511954194 0.2198980450630188 6
1657511954463 0.2905465066432953 7
1657511954717 0.37858423590660095 8
1657511954970 0.3391244411468506 9
1657511955221 0.4487963914871216 10
1657511955473 0.6270222663879395 11
1657511955727 0.8449093103408813 12
1657511955979 0.9651740789413452 13
1657511956232 0.990934431552887 14
1657511956485 0.9977994561195374 15
1657511956736 0.9991242289543152 16
1657511956989 0.9996616840362549 17
1657511957242 0.9998501539230347 18
1657511957494 0.9999595880508423 19
1657511957746 0.9999856948852539 20
1657511958000 0.999998927116394 21
1657511958251 1.0 22
1657511958503 1.0 23
1657511958758 1.0 24
1657511959015 1.0 25
1657511959263 1.0 26
1657511959515 1.0 27
1657511959773 1.0 28
1657511960026 1.0 29
1657511960278 1.0 30
1657511960532 1.0 31
1657511960785 1.0 32
1657511961036 1.0 33
1657511961288 1.0 34
1657511961577 1.0 35
1657511961847 1.0 36
1657511962098 1.0 37
1657511962400 1.0 38
1657511962661 1.0 39
1657511962912 1.0 40
1657511963166 1.0 41
1657511963416 1.0 42
1657511963670 1.0 43
1657511963919 1.0 44
1657511964168 1.0 45
1657511964418 1.0 46
1657511964670 1.0 47
1657511964920 1.0 48
1657511965172 1.0 49
1657511965425 1.0 50
1657511965680 1.0 51
1657511965933 1.0 52
1657511966186 1.0 53
1657511966436 1.0 54
1657511966687 1.0 55
1657511966939 1.0 56
1657511967190 1.0 57
1657511967441 1.0 58
1657511967692 1.0 59
1657511967948 1.0 60
1657511968203 1.0 61
1657511968456 1.0 62
1657511968710 1.0 63
1657511968963 1.0 64
1657511969211 1.0 65
1657511969463 1.0 66
1657511969716 1.0 67
1657511969964 1.0 68
