1657512152661 0.06518902629613876 0
1657512153145 0.04363790526986122 1
1657512153771 0.10314542800188065 2
1657512154067 0.1427367478609085 3
1657512154317 0.19934560358524323 4
1657512154574 0.2450854480266571 5
1657512154829 0.2754707336425781 6
1657512155086 0.19786076247692108 7
1657512155339 0.088535837829113 8
1657512155592 0.011542514897882938 9
1657512155848 0.004181038588285446 10
1657512156102 0.005927052814513445 11
1657512156386 0.003383963368833065 12
1657512156639 0.0027979847509413958 13
1657512156907 0.001593833789229393 14
1657512157181 0.0003199953061994165 15
1657512157432 5.1856615755241364e-05 16
1657512157721 2.678365672181826e-05 17
1657512157977 2.266248884552624e-05 18
1657512158228 5.4616990382783115e-05 19
1657512158485 9.395903180120513e-05 20
1657512158740 0.0001517842902103439 21
1657512158997 9.382922144141048e-05 22
1657512159251 8.735182200325653e-05 23
1657512159503 5.345063982531428e-05 24
1657512159754 0.0001607231970410794 25
1657512160005 0.0023521878756582737 26
1657512160254 0.008439789526164532 27
1657512160507 0.02076035737991333 28
1657512160761 0.025716053321957588 29
1657512161013 0.023739922791719437 30
1657512161263 0.018968645483255386 31
1657512161513 0.022722339257597923 32
1657512161762 0.04520222544670105 33
1657512162089 0.13399718701839447 34
1657512162340 0.23032107949256897 35
1657512162591 0.26892268657684326 36
1657512162912 0.12758275866508484 37
1657512163158 0.05077854543924332 38
1657512163406 0.03028811514377594 39
1657512163659 0.026822438463568687 40
1657512163912 0.020351378247141838 41
1657512164166 0.013738165609538555 42
1657512164416 0.014610105194151402 43
1657512164668 0.011792568489909172 44
1657512164922 0.005264830309897661 45
1657512165173 0.0005918013048358262 46
1657512165419 0.0018528862856328487 47
1657512165670 0.010897580534219742 48
1657512165925 0.022287879139184952 49
1657512166175 0.04289640113711357 50
1657512166427 0.027096698060631752 51
1657512166681 0.014393709599971771 52
1657512166934 0.004507675301283598 53
1657512167186 0.002389258937910199 54
1657512167440 0.005956094246357679 55
1657512167689 0.033200036734342575 56
1657512167940 0.05476728454232216 57
1657512168187 0.018156178295612335 58
1657512168438 0.007355258800089359 59
1657512168685 0.0025351950898766518 60
1657512168936 0.0005479938699863851 61
1657512169185 0.0006103178602643311 62
1657512169436 0.0013495917664840817 63
1657512169685 0.00047560781240463257 64
1657512169939 0.00019465987861622125 65
1657512170187 0.0003645006217993796 66
1657512170434 0.004424412734806538 67
1657512170682 0.01527776662260294 68
