1657512152662 0.0 0
1657512153146 0.019155824556946754 1
1657512153773 0.06042949855327606 2
1657512154068 0.24259716272354126 3
1657512154318 0.6207166314125061 4
1657512154576 1.0993174314498901 5
1657512154830 1.3005646467208862 6
1657512155087 0.9248871207237244 7
1657512155341 0.00037354411324486136 8
1657512155593 -0.9389855265617371 9
1657512155850 -1.1921517848968506 10
1657512156104 -0.7243598103523254 11
1657512156388 0.19970224797725677 12
1657512156641 0.9744561910629272 13
1657512156909 1.1299638748168945 14
1657512157182 0.4620099365711212 15
1657512157433 -0.6629489064216614 16
1657512157722 -1.4087404012680054 17
1657512157979 -1.2308756113052368 18
1657512158230 -0.23459500074386597 19
1657512158486 0.8583489060401917 20
1657512158741 1.1865293979644775 21
1657512158998 0.46784937381744385 22
1657512159253 -0.6927144527435303 23
1657512159504 -1.3923242092132568 24
1657512159755 -1.1255379915237427 25
1657512160006 -0.08417385816574097 26
1657512160255 0.9117115139961243 27
1657512160508 1.261911153793335 28
1657512160762 0.7828350067138672 29
1657512161014 -0.15757642686367035 30
1657512161265 -0.9778096079826355 31
1657512161515 -1.1359459161758423 32
1657512161763 -0.4473664164543152 33
1657512162090 0.7520353198051453 34
1657512162342 1.7085204124450684 35
1657512162593 1.706821322441101 36
1657512162913 0.593134880065918 37
1657512163159 -0.7450369596481323 38
1657512163407 -1.3880211114883423 39
1657512163660 -0.7651325464248657 40
1657512163913 0.7455210089683533 41
1657512164167 1.654180884361267 42
1657512164417 1.0091357231140137 43
1657512164669 -0.5142730474472046 44
1657512164923 -1.406106948852539 45
1657512165174 -1.0306321382522583 46
1657512165420 -0.11355037987232208 47
1657512165671 0.8126317858695984 48
1657512165926 1.216997504234314 49
1657512166176 0.8699919581413269 50
1657512166429 0.0031615716870874166 51
1657512166682 -0.855679452419281 52
1657512166935 -1.10353422164917 53
1657512167187 -0.5172328948974609 54
1657512167441 0.4737750291824341 55
1657512167691 1.1354471445083618 56
1657512167941 0.9640100598335266 57
1657512168189 0.06203710660338402 58
1657512168439 -0.8267822861671448 59
1657512168686 -0.9793448448181152 60
1657512168937 -0.22640585899353027 61
1657512169186 0.7566558718681335 62
1657512169437 0.9528201818466187 63
1657512169686 0.23867549002170563 64
1657512169940 -0.7573609352111816 65
1657512170188 -1.0828049182891846 66
1657512170435 -0.4164077937602997 67
1657512170683 0.568503201007843 68
