1657512152672 0.008347135968506336 0
1657512153167 0.007893423549830914 1
1657512153803 0.008787738159298897 2
1657512154078 0.009098580107092857 3
1657512154329 0.00927785411477089 4
1657512154586 0.008876610547304153 5
1657512154841 0.009094695560634136 6
1657512155097 0.009326694533228874 7
1657512155351 0.009947038255631924 8
1657512155604 0.008824652060866356 9
1657512155861 0.008912353776395321 10
1657512156114 0.00902050081640482 11
1657512156397 0.009002672508358955 12
1657512156650 0.00995950773358345 13
1657512156920 0.009929029271006584 14
1657512157192 0.010582221671938896 15
1657512157444 0.010586806572973728 16
1657512157732 0.010843704454600811 17
1657512157989 0.010978770442306995 18
1657512158240 0.01121490728110075 19
1657512158496 0.011306490749120712 20
1657512158751 0.011766195297241211 21
1657512159009 0.011341442354023457 22
1657512159263 0.01113787479698658 23
1657512159514 0.01093050092458725 24
1657512159765 0.010930866003036499 25
1657512160016 0.010084045119583607 26
1657512160265 0.009735407307744026 27
1657512160518 0.009709921665489674 28
1657512160772 0.009249841794371605 29
1657512161024 0.009325218386948109 30
1657512161275 0.00955083779990673 31
1657512161525 0.010066494345664978 32
1657512161773 0.010688490234315395 33
1657512162101 0.01084520760923624 34
1657512162352 0.011527628637850285 35
1657512162603 0.011783075518906116 36
1657512162923 0.011200148612260818 37
1657512163170 0.011243871413171291 38
1657512163418 0.0129828667268157 39
1657512163671 0.013752185739576817 40
1657512163924 0.014040753245353699 41
1657512164177 0.014285153709352016 42
1657512164427 0.013894905336201191 43
1657512164679 0.012860278598964214 44
1657512164933 0.012553960084915161 45
1657512165184 0.009561114013195038 46
1657512165430 0.009246548637747765 47
1657512165681 0.009205285459756851 48
1657512165936 0.009024922735989094 49
1657512166186 0.009417545981705189 50
1657512166439 0.009909840300679207 51
1657512166692 0.010362524539232254 52
1657512166945 0.01101695280522108 53
1657512167197 0.011174206621944904 54
1657512167451 0.01160972286015749 55
1657512167701 0.011962804943323135 56
1657512167951 0.013060097582638264 57
1657512168199 0.012764799408614635 58
1657512168449 0.013123273849487305 59
1657512168696 0.013606846332550049 60
1657512168947 0.014386081136763096 61
1657512169196 0.01422598771750927 62
1657512169447 0.01346878707408905 63
1657512169695 0.013831970281898975 64
1657512169950 0.014174489304423332 65
1657512170198 0.013695623725652695 66
1657512170445 0.012720019556581974 67
1657512170693 0.012455414049327374 68
