1657512152674 0.0 0
1657512153169 0.019155824556946754 1
1657512153806 0.06884691119194031 2
1657512154081 0.24259716272354126 3
1657512154331 0.6207166314125061 4
1657512154589 1.0993174314498901 5
1657512154843 1.3005646467208862 6
1657512155099 0.9248871207237244 7
1657512155353 0.038137950003147125 8
1657512155606 0.0022603950928896666 9
1657512155863 0.009913090616464615 10
1657512156116 0.11883550882339478 11
1657512156400 0.6228473782539368 12
1657512156653 1.040706753730774 13
1657512156922 1.1299638748168945 14
1657512157194 0.4620099365711212 15
1657512157446 0.17268915474414825 16
1657512157734 0.13845306634902954 17
1657512157991 0.19326083362102509 18
1657512158242 0.46129554510116577 19
1657512158498 1.1256381273269653 20
1657512158754 1.1865293979644775 21
1657512159011 0.6178762316703796 22
1657512159265 0.15303412079811096 23
1657512159516 0.04381807520985603 24
1657512159767 0.3396347463130951 25
1657512160019 0.9497321248054504 26
1657512160268 1.3981094360351562 27
1657512160521 1.2869038581848145 28
1657512160775 0.7828350067138672 29
1657512161026 0.14439642429351807 30
1657512161277 0.018130464479327202 31
1657512161527 0.12315095216035843 32
1657512161775 0.38529741764068604 33
1657512162103 0.8343990445137024 34
1657512162354 1.7085204124450684 35
1657512162605 1.706821322441101 36
1657512162925 0.593134880065918 37
1657512163172 0.0007128199213184416 38
1657512163420 0.20565348863601685 39
1657512163673 0.9098604917526245 40
1657512163926 2.33431077003479 41
1657512164179 3.3718438148498535 42
1657512164429 3.1080081462860107 43
1657512164681 2.2159066200256348 44
1657512164935 1.8868635892868042 45
1657512165187 2.1567046642303467 46
1657512165433 0.9760566353797913 47
1657512165683 1.433853030204773 48
1657512165938 1.3113484382629395 49
1657512166188 0.8699919581413269 50
1657512166441 0.026463108137249947 51
1657512166694 1.2596526145935059 52
1657512166947 2.939879894256592 53
1657512167199 3.933321952819824 54
1657512167453 3.4083847999572754 55
1657512167703 1.5044171810150146 56
1657512167953 0.9640100598335266 57
1657512168201 0.06545121967792511 58
1657512168451 0.4268355667591095 59
1657512168698 1.293732762336731 60
1657512168950 3.1383423805236816 61
1657512169199 4.173574924468994 62
1657512169449 4.1836442947387695 63
1657512169698 4.210546493530273 64
1657512169952 4.1025390625 65
1657512170201 2.8104231357574463 66
1657512170447 1.4837427139282227 67
1657512170695 1.2095268964767456 68
