1657512152673 0.0 0
1657512153168 2.1748383045196533 1
1657512153805 5.054386615753174 2
1657512154080 7.511614799499512 3
1657512154330 7.822475433349609 4
1657512154587 5.819156646728516 5
1657512154842 3.0530776977539062 6
1657512155098 1.1645214557647705 7
1657512155352 0.7000349760055542 8
1657512155605 3.2927868366241455 9
1657512155862 6.009337902069092 10
1657512156115 7.631167411804199 11
1657512156399 7.305646896362305 12
1657512156652 5.3624043464660645 13
1657512156921 3.1611759662628174 14
1657512157193 2.208094835281372 15
1657512157445 3.4920663833618164 16
1657512157733 6.283315658569336 17
1657512157990 8.467472076416016 18
1657512158241 8.557326316833496 19
1657512158497 6.712642192840576 20
1657512158752 4.411014556884766 21
1657512159010 2.9877140522003174 22
1657512159264 4.058953762054443 23
1657512159515 6.63131046295166 24
1657512159766 8.290492057800293 25
1657512160018 8.063057899475098 26
1657512160266 6.281040668487549 27
1657512160519 4.1743340492248535 28
1657512160774 2.5856339931488037 29
1657512161025 2.856705665588379 30
1657512161276 4.85253381729126 31
1657512161526 6.629512310028076 32
1657512161774 7.2297515869140625 33
1657512162102 6.627580642700195 34
1657512162353 5.36163854598999 35
1657512162604 3.8631129264831543 36
1657512162924 3.629596710205078 37
1657512163171 5.246448040008545 38
1657512163419 6.440546989440918 39
1657512163672 6.916335105895996 40
1657512163925 7.356924057006836 41
1657512164178 7.098127365112305 42
1657512164428 6.654697418212891 43
1657512164680 7.493128776550293 44
1657512164934 7.294487953186035 45
1657512165185 6.205033779144287 46
1657512165431 5.484357833862305 47
1657512165682 5.374582767486572 48
1657512165937 5.101914405822754 49
1657512166187 4.7654595375061035 50
1657512166440 5.474226951599121 51
1657512166693 6.540388584136963 52
1657512166946 6.823215007781982 53
1657512167198 7.072926998138428 54
1657512167452 7.173231601715088 55
1657512167702 6.498028755187988 56
1657512167952 5.841262340545654 57
1657512168200 5.780596733093262 58
1657512168450 5.227074146270752 59
1657512168697 5.113430023193359 60
1657512168948 6.8580451011657715 61
1657512169197 9.007477760314941 62
1657512169448 10.334915161132812 63
1657512169697 9.848044395446777 64
1657512169951 7.947359085083008 65
1657512170200 6.071889400482178 66
1657512170446 5.652656555175781 67
1657512170694 6.567280292510986 68
