1657512152667 4.945489883422852 0
1657512153154 4.628969192504883 1
1657512153793 5.338456153869629 2
1657512154074 5.5791425704956055 3
1657512154325 5.72028923034668 4
1657512154581 5.501220703125 5
1657512154836 5.588585376739502 6
1657512155093 5.699963092803955 7
1657512155346 6.265076637268066 8
1657512155599 5.491558074951172 9
1657512155856 5.3373918533325195 10
1657512156109 5.55694580078125 11
1657512156393 5.008918762207031 12
1657512156646 6.334540843963623 13
1657512156915 6.604435443878174 14
1657512157188 6.907073020935059 15
1657512157439 6.73732852935791 16
1657512157728 6.9368486404418945 17
1657512157984 7.32749080657959 18
1657512158236 7.760468006134033 19
1657512158492 7.842499732971191 20
1657512158746 8.176217079162598 21
1657512159004 7.881974697113037 22
1657512159258 7.963989734649658 23
1657512159510 7.647932052612305 24
1657512159761 7.726744651794434 25
1657512160012 6.778115272521973 26
1657512160261 6.464194297790527 27
1657512160514 6.290230751037598 28
1657512160768 5.796422004699707 29
1657512161020 5.333103656768799 30
1657512161270 5.730841636657715 31
1657512161521 5.924683094024658 32
1657512161769 6.458364963531494 33
1657512162096 6.44963264465332 34
1657512162347 7.073030948638916 35
1657512162598 7.135159015655518 36
1657512162919 6.651759147644043 37
1657512163165 6.69996452331543 38
1657512163413 7.9430317878723145 39
1657512163666 8.48668098449707 40
1657512163919 8.676446914672852 41
1657512164173 8.910076141357422 42
1657512164423 8.790947914123535 43
1657512164675 8.23830795288086 44
1657512164929 8.140825271606445 45
1657512165180 6.079981803894043 46
1657512165426 5.528508186340332 47
1657512165677 5.488808631896973 48
1657512165932 5.011496067047119 49
1657512166182 5.514077186584473 50
1657512166435 6.038118362426758 51
1657512166688 6.1143269538879395 52
1657512166941 6.663490295410156 53
1657512167192 6.964791774749756 54
1657512167447 7.272259712219238 55
1657512167696 7.607668876647949 56
1657512167946 8.318090438842773 57
1657512168194 8.098931312561035 58
1657512168445 8.230548858642578 59
1657512168691 8.574712753295898 60
1657512168943 8.98975944519043 61
1657512169192 8.959135055541992 62
1657512169443 8.531354904174805 63
1657512169691 8.752145767211914 64
1657512169946 9.103862762451172 65
1657512170194 8.81035327911377 66
1657512170441 8.15323543548584 67
1657512170688 8.0891752243042 68
