1657512152669 0.06518902629613876 0
1657512153163 0.04121652618050575 1
1657512153799 0.0910198837518692 2
1657512154075 0.10736466944217682 3
1657512154326 0.11555568873882294 4
1657512154582 0.10123251378536224 5
1657512154837 0.10188926011323929 6
1657512155094 0.09435892105102539 7
1657512155347 0.08492255210876465 8
1657512155600 0.026213865727186203 9
1657512155857 0.01218829583376646 10
1657512156110 0.011199425905942917 11
1657512156394 0.00273145642131567 12
1657512156647 0.001148662413470447 13
1657512156916 0.0005791218136437237 14
1657512157189 0.00022485047520603985 15
1657512157440 0.00010465132800163701 16
1657512157729 0.00010713283700169995 17
1657512157986 7.676719542359933e-05 18
1657512158237 7.838008605176583e-05 19
1657512158493 5.354617314878851e-05 20
1657512158747 6.66703563183546e-05 21
1657512159005 7.055231253616512e-05 22
1657512159259 0.00017110648332163692 23
1657512159511 0.00020133249927312136 24
1657512159762 0.0005006029969081283 25
1657512160013 0.003096218453720212 26
1657512160262 0.004830247722566128 27
1657512160515 0.008337246254086494 28
1657512160769 0.013148091733455658 29
1657512161021 0.02588621899485588 30
1657512161271 0.04294699802994728 31
1657512161522 0.059898748993873596 32
1657512161770 0.07137022912502289 33
1657512162097 0.08780523389577866 34
1657512162348 0.07881788909435272 35
1657512162599 0.082606740295887 36
1657512162920 0.07259760051965714 37
1657512163166 0.08432138711214066 38
1657512163414 0.09909941256046295 39
1657512163667 0.09333924949169159 40
1657512163920 0.05253281071782112 41
1657512164174 0.03575977683067322 42
1657512164424 0.04786703735589981 43
1657512164676 0.06249590218067169 44
1657512164930 0.05272795632481575 45
1657512165181 0.0016429717652499676 46
1657512165427 0.002577355597168207 47
1657512165678 0.006903162691742182 48
1657512165933 0.008089443668723106 49
1657512166183 0.017014240846037865 50
1657512166436 0.02082449570298195 51
1657512166689 0.032169733196496964 52
1657512166942 0.0391760915517807 53
1657512167193 0.035330630838871 54
1657512167448 0.026444613933563232 55
1657512167697 0.02302558533847332 56
1657512167948 0.016393231227993965 57
1657512168195 0.010026030242443085 58
1657512168446 0.012737867422401905 59
1657512168692 0.013578535988926888 60
1657512168944 0.008648421615362167 61
1657512169193 0.009070266038179398 62
1657512169444 0.013843010179698467 63
1657512169692 0.010727157816290855 64
1657512169947 0.01042651105672121 65
1657512170195 0.007815451361238956 66
1657512170442 0.01196838915348053 67
1657512170689 0.010134536772966385 68
