1657512152671 0.5826432108879089 0
1657512153165 0.6053287982940674 1
1657512153802 0.5606130957603455 2
1657512154077 0.545071005821228 3
1657512154328 0.5361073017120361 4
1657512154585 0.5561694502830505 5
1657512154840 0.5452651977539062 6
1657512155096 0.5336652398109436 7
1657512155349 0.5026480555534363 8
1657512155603 0.5587673783302307 9
1657512155860 0.55438232421875 10
1657512156112 0.5489749312400818 11
1657512156396 0.5498663783073425 12
1657512156649 0.5020245909690857 13
1657512156919 0.5035485029220581 14
1657512157191 0.4708889126777649 15
1657512157443 0.47065967321395874 16
1657512157731 0.4578147530555725 17
1657512157988 0.4510614573955536 18
1657512158239 0.43925461173057556 19
1657512158495 0.4346754848957062 20
1657512158750 0.41169020533561707 21
1657512159008 0.43292784690856934 22
1657512159262 0.4431062340736389 23
1657512159513 0.4534749388694763 24
1657512159764 0.45345669984817505 25
1657512160015 0.4957977533340454 26
1657512160264 0.5132296085357666 27
1657512160517 0.5145038962364197 28
1657512160771 0.5375078916549683 29
1657512161023 0.5337390899658203 30
1657512161274 0.5224580764770508 31
1657512161524 0.4966752231121063 32
1657512161772 0.4655754864215851 33
1657512162100 0.45773962140083313 34
1657512162351 0.4236185550689697 35
1657512162601 0.4108462631702423 36
1657512162922 0.4399925172328949 37
1657512163169 0.4378064274787903 38
1657512163416 0.3508566617965698 39
1657512163670 0.31239065527915955 40
1657512163922 0.2979622781276703 41
1657512164176 0.28574228286743164 42
1657512164426 0.305254727602005 43
1657512164678 0.35698607563972473 44
1657512164932 0.37230199575424194 45
1657512165183 0.5219442844390869 46
1657512165429 0.5376725792884827 47
1657512165680 0.539735734462738 48
1657512165935 0.5487538576126099 49
1657512166185 0.5291227102279663 50
1657512166438 0.5045079588890076 51
1657512166691 0.4818737804889679 52
1657512166944 0.4491523504257202 53
1657512167196 0.44128966331481934 54
1657512167450 0.4195137917995453 55
1657512167700 0.40185976028442383 56
1657512167950 0.34699511528015137 57
1657512168198 0.3617600202560425 58
1657512168448 0.34383633732795715 59
1657512168695 0.31965771317481995 60
1657512168946 0.28069591522216797 61
1657512169195 0.28870058059692383 62
1657512169446 0.3265605866909027 63
1657512169694 0.3084014356136322 64
1657512169949 0.2912755012512207 65
1657512170197 0.3152187764644623 66
1657512170444 0.36399900913238525 67
1657512170692 0.3772292733192444 68
