1657512152665 32.840763092041016 0
1657512153152 30.768739700317383 1
1657512153778 33.637847900390625 2
1657512154072 35.6583366394043 3
1657512154322 37.20550537109375 4
1657512154579 36.36628723144531 5
1657512154834 36.31675338745117 6
1657512155090 36.7872428894043 7
1657512155344 38.917240142822266 8
1657512155597 40.16304016113281 9
1657512155854 44.834651947021484 10
1657512156107 49.04728698730469 11
1657512156391 51.882118225097656 12
1657512156644 63.554283142089844 13
1657512156913 62.18609619140625 14
1657512157186 67.97532653808594 15
1657512157437 67.71330261230469 16
1657512157726 71.10155487060547 17
1657512157982 75.7630615234375 18
1657512158233 77.08332061767578 19
1657512158490 77.55973815917969 20
1657512158744 78.2190933227539 21
1657512159002 75.1104507446289 22
1657512159256 80.77922058105469 23
1657512159508 78.71095275878906 24
1657512159758 78.4542236328125 25
1657512160010 68.52799224853516 26
1657512160259 66.3878402709961 27
1657512160512 62.13098907470703 28
1657512160765 55.31749725341797 29
1657512161018 51.27962112426758 30
1657512161268 46.6502799987793 31
1657512161518 48.483787536621094 32
1657512161766 49.6158332824707 33
1657512162094 48.841609954833984 34
1657512162345 49.05946350097656 35
1657512162596 47.560707092285156 36
1657512162917 43.11378479003906 37
1657512163163 42.46110534667969 38
1657512163411 46.93817138671875 39
1657512163664 51.23800277709961 40
1657512163917 52.01856231689453 41
1657512164171 51.88161087036133 42
1657512164421 51.4372444152832 43
1657512164672 49.69508361816406 44
1657512164926 50.835731506347656 45
1657512165177 63.053627014160156 46
1657512165424 59.744014739990234 47
1657512165674 56.65673828125 48
1657512165930 51.721641540527344 49
1657512166180 50.01628494262695 50
1657512166432 49.14596176147461 51
1657512166686 48.25452423095703 52
1657512166939 50.685298919677734 53
1657512167190 51.741695404052734 54
1657512167444 51.76457595825195 55
1657512167694 50.29583740234375 56
1657512167944 49.46340560913086 57
1657512168192 48.28385543823242 58
1657512168442 46.857662200927734 59
1657512168689 50.063358306884766 60
1657512168940 52.62932586669922 61
1657512169189 53.51282501220703 62
1657512169440 50.75929641723633 63
1657512169689 50.068328857421875 64
1657512169943 52.79277420043945 65
1657512170192 55.12855529785156 66
1657512170438 55.2890510559082 67
1657512170686 56.50385284423828 68
