1657512152663 0.10959871113300323 0
1657512153148 0.09490490704774857 1
1657512153775 0.15064626932144165 2
1657512154069 0.19359742105007172 3
1657512154319 0.24520716071128845 4
1657512154577 0.2791978418827057 5
1657512154831 0.30429473519325256 6
1657512155088 0.24470674991607666 7
1657512155342 0.18418057262897491 8
1657512155594 0.09689932316541672 9
1657512155851 0.09842488169670105 10
1657512156105 0.11282886564731598 11
1657512156389 0.11168716847896576 12
1657512156642 0.13886255025863647 13
1657512156910 0.14977863430976868 14
1657512157183 0.15887819230556488 15
1657512157435 0.15045671164989471 16
1657512157723 0.15986575186252594 17
1657512157980 0.1710839718580246 18
1657512158231 0.2003427892923355 19
1657512158488 0.2262260615825653 20
1657512158742 0.24875448644161224 21
1657512158999 0.20804356038570404 22
1657512159254 0.18711042404174805 23
1657512159505 0.18460921943187714 24
1657512159756 0.22256320714950562 25
1657512160008 0.24527087807655334 26
1657512160256 0.259408175945282 27
1657512160509 0.22967027127742767 28
1657512160763 0.14347851276397705 29
1657512161015 0.10836094617843628 30
1657512161266 0.1290794312953949 31
1657512161516 0.1513230800628662 32
1657512161764 0.20216317474842072 33
1657512162091 0.24733306467533112 34
1657512162343 0.3361186981201172 35
1657512162594 0.35180073976516724 36
1657512162914 0.24991802871227264 37
1657512163161 0.2219744324684143 38
1657512163409 0.3491297960281372 39
1657512163661 0.4979873299598694 40
1657512163914 0.7188692688941956 41
1657512164169 0.9094670414924622 42
1657512164418 0.9294494390487671 43
1657512164670 0.8617529273033142 44
1657512164924 0.8122919797897339 45
1657512165175 0.11497422307729721 46
1657512165421 0.13545644283294678 47
1657512165672 0.17844781279563904 48
1657512165927 0.1474313884973526 49
1657512166177 0.12024185061454773 50
1657512166430 0.12885795533657074 51
1657512166683 0.279619961977005 52
1657512166936 0.7161516547203064 53
1657512167188 0.8782852292060852 54
1657512167442 0.8166915774345398 55
1657512167692 0.5321690440177917 56
1657512167942 0.28046032786369324 57
1657512168190 0.2118377983570099 58
1657512168440 0.2938708961009979 59
1657512168687 0.5753307342529297 60
1657512168938 0.9310972690582275 61
1657512169187 0.9787639379501343 62
1657512169438 0.9819527268409729 63
1657512169687 0.9878406524658203 64
1657512169941 0.9815834760665894 65
1657512170189 0.8736193180084229 66
1657512170436 0.37527984380722046 67
1657512170684 0.24536149203777313 68
