1657512152664 0.06518902629613876 0
1657512153149 0.05799756199121475 1
1657512153777 0.10314542800188065 2
1657512154071 0.1427367478609085 3
1657512154321 0.19934560358524323 4
1657512154578 0.2450854480266571 5
1657512154832 0.2754707336425781 6
1657512155089 0.19786076247692108 7
1657512155343 0.13583096861839294 8
1657512155596 0.05354185029864311 9
1657512155853 0.04164290428161621 10
1657512156106 0.06973250210285187 11
1657512156390 0.058993078768253326 12
1657512156643 0.07046393305063248 13
1657512156911 0.1095973551273346 14
1657512157184 0.07993907481431961 15
1657512157436 0.07121087610721588 16
1657512157724 0.07262318581342697 17
1657512157981 0.08169202506542206 18
1657512158232 0.13258804380893707 19
1657512158489 0.17245137691497803 20
1657512158743 0.17895950376987457 21
1657512159001 0.15891213715076447 22
1657512159255 0.1304701268672943 23
1657512159507 0.12215369939804077 24
1657512159757 0.17973282933235168 25
1657512160009 0.21396899223327637 26
1657512160258 0.23382334411144257 27
1657512160510 0.18290190398693085 28
1657512160764 0.0969068631529808 29
1657512161016 0.048260487616062164 30
1657512161267 0.08373825997114182 31
1657512161517 0.09495482593774796 32
1657512161765 0.14705954492092133 33
1657512162093 0.16054494678974152 34
1657512162344 0.23032107949256897 35
1657512162595 0.26892268657684326 36
1657512162916 0.1470307856798172 37
1657512163162 0.14707733690738678 38
1657512163410 0.24848808348178864 39
1657512163663 0.403240442276001 40
1657512163916 0.6957938075065613 41
1657512164170 0.9084435701370239 42
1657512164420 0.929205060005188 43
1657512164671 0.8614485859870911 44
1657512164925 0.8118367791175842 45
1657512165176 0.04683351516723633 46
1657512165423 0.08199771493673325 47
1657512165673 0.14675070345401764 48
1657512165928 0.11061546951532364 49
1657512166178 0.05023031309247017 50
1657512166431 0.07721774280071259 51
1657512166684 0.25635287165641785 52
1657512166937 0.7140917181968689 53
1657512167189 0.8779301643371582 54
1657512167443 0.8152701258659363 55
1657512167693 0.5205537676811218 56
1657512167943 0.23724867403507233 57
1657512168191 0.1450367420911789 58
1657512168441 0.22155487537384033 59
1657512168688 0.5516142249107361 60
1657512168939 0.9308138489723206 61
1657512169188 0.9787490963935852 62
1657512169439 0.9819464087486267 63
1657512169688 0.9878385066986084 64
1657512169942 0.9815708994865417 65
1657512170190 0.8719928860664368 66
1657512170437 0.25703057646751404 67
1657512170685 0.1673058569431305 68
