1657512152666 4.945489883422852 0
1657512153153 4.645230770111084 1
1657512153779 5.398885726928711 2
1657512154073 5.821739673614502 3
1657512154323 6.341005802154541 4
1657512154580 6.60053825378418 5
1657512154835 6.889150142669678 6
1657512155092 6.514743328094482 7
1657512155345 6.100117206573486 8
1657512155598 4.927536964416504 9
1657512155855 4.832119464874268 10
1657512156108 5.510373592376709 11
1657512156392 5.506633281707764 12
1657512156645 6.550557613372803 13
1657512156914 6.916103839874268 14
1657512157187 7.097823143005371 15
1657512157438 6.910017490386963 16
1657512157727 7.074513912200928 17
1657512157983 7.4734110832214355 18
1657512158234 8.221763610839844 19
1657512158491 8.718083381652832 20
1657512158745 9.049542427062988 21
1657512159003 8.49985122680664 22
1657512159257 7.984090328216553 23
1657512159509 7.6764092445373535 24
1657512159760 8.06637954711914 25
1657512160011 7.727847576141357 26
1657512160260 7.862303733825684 27
1657512160513 7.503559589385986 28
1657512160767 6.32197380065918 29
1657512161019 5.389124393463135 30
1657512161269 5.742318153381348 31
1657512161520 6.0478339195251465 32
1657512161768 6.843662261962891 33
1657512162095 7.221573352813721 34
1657512162346 8.092543601989746 35
1657512162597 8.183876991271973 36
1657512162918 6.7531914710998535 37
1657512163164 6.479236125946045 38
1657512163412 7.698521137237549 39
1657512163665 9.27993106842041 40
1657512163918 11.010757446289062 41
1657512164172 12.281919479370117 42
1657512164422 11.898956298828125 43
1657512164674 10.454214096069336 44
1657512164927 10.027688980102539 45
1657512165178 5.789868354797363 46
1657512165425 6.311176776885986 47
1657512165676 6.922661781311035 48
1657512165931 6.322844505310059 49
1657512166181 5.407554626464844 50
1657512166434 5.76154899597168 51
1657512166687 7.26271390914917 52
1657512166940 9.603370666503906 53
1657512167191 10.898113250732422 54
1657512167446 10.680644989013672 55
1657512167695 9.112086296081543 56
1657512167945 7.661590576171875 57
1657512168193 6.872466564178467 58
1657512168443 7.499941825866699 59
1657512168690 9.556696891784668 60
1657512168941 12.128101348876953 61
1657512169191 13.132709503173828 62
1657512169442 12.714999198913574 63
1657512169690 12.962692260742188 64
1657512169945 13.206401824951172 65
1657512170193 11.620776176452637 66
1657512170439 8.646391868591309 67
1657512170687 7.713361740112305 68
