1657486232642 0.0 0
1657486233105 0.026742130517959595 1
1657486233480 0.10322865843772888 2
1657486233754 0.4248799681663513 3
1657486234044 1.070246696472168 4
1657486234321 1.9926762580871582 5
1657486234603 2.904358386993408 6
1657486234876 3.19726300239563 7
1657486235178 2.528545618057251 8
1657486235459 1.3474866151809692 9
1657486235761 -0.359132319688797 10
1657486236047 -1.6746232509613037 11
1657486236328 -1.9665931463241577 12
1657486236628 -1.2315781116485596 13
1657486236908 -0.08140619099140167 14
1657486237171 0.9340307712554932 15
1657486237430 1.295287847518921 16
1657486237699 0.9494917988777161 17
1657486237971 0.14841286838054657 18
1657486238239 -0.7106881141662598 19
1657486238508 -1.2458118200302124 20
1657486238804 -1.2909634113311768 21
1657486239070 -0.8984224796295166 22
1657486239340 -0.2384023666381836 23
1657486239616 0.4026927649974823 24
1657486239874 0.7495791912078857 25
1657486240145 0.6838289499282837 26
1657486240410 0.27461540699005127 27
1657486240674 -0.2533617615699768 28
1657486240944 -0.6054788827896118 29
1657486241216 -0.6147483587265015 30
1657486241494 -0.2681519687175751 31
1657486241773 0.2545318603515625 32
1657486242053 0.7283467054367065 33
1657486242326 1.0268511772155762 34
1657486242605 1.1824480295181274 35
1657486242881 1.1644113063812256 36
1657486243145 1.025124430656433 37
1657486243418 0.7360389828681946 38
1657486243692 0.37164077162742615 39
1657486243966 0.062059659510850906 40
1657486244237 -0.1704474240541458 41
1657486244511 -0.31475961208343506 42
1657486244787 -0.3589016795158386 43
1657486245070 -0.30370965600013733 44
1657486245344 -0.15396131575107574 45
1657486245614 0.016917239874601364 46
1657486245890 0.14781536161899567 47
1657486246161 0.10526702553033829 48
1657486246425 -0.06289316713809967 49
1657486246692 -0.2418731302022934 50
1657486246986 -0.2702355682849884 51
1657486247269 -0.12907588481903076 52
1657486247554 0.11242599785327911 53
1657486247854 0.35143688321113586 54
1657486248141 0.5148870944976807 55
1657486248412 0.5356759428977966 56
1657486248680 0.3928024172782898 57
1657486248951 0.13952316343784332 58
1657486249216 -0.18371844291687012 59
1657486249484 -0.4463809132575989 60
1657486249750 -0.5778037905693054 61
1657486250019 -0.5749790668487549 62
1657486250285 -0.46202996373176575 63
1657486250552 -0.2525506019592285 64
1657486250820 -0.05146979168057442 65
1657486251092 0.0850207582116127 66
1657486251355 0.13348007202148438 67
1657486251626 0.07717175036668777 68
