1657486232653 0.0 0
1657486233118 3.036142349243164 1
1657486233490 7.153320789337158 2
1657486233765 9.62783432006836 3
1657486234054 9.695921897888184 4
1657486234331 7.963348865509033 5
1657486234614 5.805943489074707 6
1657486234887 4.577669620513916 7
1657486235189 4.232063293457031 8
1657486235470 5.215920448303223 9
1657486235772 7.020780086517334 10
1657486236059 8.273734092712402 11
1657486236338 8.224448204040527 12
1657486236639 7.072612285614014 13
1657486236919 6.1198015213012695 14
1657486237182 5.772418975830078 15
1657486237441 6.222119331359863 16
1657486237709 7.072364330291748 17
1657486237982 8.028929710388184 18
1657486238249 8.811535835266113 19
1657486238518 9.141677856445312 20
1657486238814 8.971012115478516 21
1657486239081 8.555644035339355 22
1657486239352 8.015420913696289 23
1657486239626 7.3983354568481445 24
1657486239884 7.178938865661621 25
1657486240155 7.5273003578186035 26
1657486240421 7.7681169509887695 27
1657486240684 7.593743801116943 28
1657486240956 7.224977493286133 29
1657486241226 6.818780899047852 30
1657486241505 6.403548240661621 31
1657486241784 5.97880744934082 32
1657486242063 5.870296955108643 33
1657486242336 6.209529399871826 34
1657486242616 6.771583557128906 35
1657486242892 7.288130283355713 36
1657486243156 7.63095760345459 37
1657486243429 7.680492401123047 38
1657486243703 7.5839762687683105 39
1657486243976 7.853002071380615 40
1657486244248 8.557774543762207 41
1657486244522 9.658878326416016 42
1657486244797 11.050658226013184 43
1657486245081 12.702106475830078 44
1657486245354 14.461544036865234 45
1657486245625 15.856172561645508 46
1657486245901 15.590217590332031 47
1657486246171 13.733359336853027 48
1657486246435 10.879392623901367 49
1657486246703 7.6057448387146 50
1657486246998 5.3251142501831055 51
1657486247280 5.850345134735107 52
1657486247569 7.051043510437012 53
1657486247865 7.313178539276123 54
1657486248151 7.260301113128662 55
1657486248423 7.714770793914795 56
1657486248691 8.75990104675293 57
1657486248961 10.423770904541016 58
1657486249227 12.45642375946045 59
1657486249495 14.310967445373535 60
1657486249761 15.8551025390625 61
1657486250030 16.96014404296875 62
1657486250295 17.65918731689453 63
1657486250563 17.77665138244629 64
1657486250831 17.38123321533203 65
1657486251102 16.7459659576416 66
1657486251366 15.843246459960938 67
1657486251636 14.553013801574707 68
