1657486232654 0.0 0
1657486233119 0.026742130517959595 1
1657486233491 0.12195611000061035 2
1657486233766 0.4248799681663513 3
1657486234056 1.070246696472168 4
1657486234333 1.9926762580871582 5
1657486234615 2.904358386993408 6
1657486234888 3.19726300239563 7
1657486235190 2.528545618057251 8
1657486235471 1.3474866151809692 9
1657486235773 0.009498769417405128 10
1657486236060 0.13736261427402496 11
1657486236339 0.41541290283203125 12
1657486236640 0.7742741107940674 13
1657486236920 0.941371500492096 14
1657486237183 0.9340307712554932 15
1657486237442 1.295287847518921 16
1657486237710 0.9494917988777161 17
1657486237983 0.5396736860275269 18
1657486238251 0.6511352062225342 19
1657486238520 0.7574354410171509 20
1657486238815 1.122374176979065 21
1657486239082 1.4433850049972534 22
1657486239353 1.770303726196289 23
1657486239627 1.399131178855896 24
1657486239885 0.875996470451355 25
1657486240156 1.2315057516098022 26
1657486240422 1.5443248748779297 27
1657486240685 1.7121058702468872 28
1657486240957 1.6851600408554077 29
1657486241227 1.312676191329956 30
1657486241506 0.8927211761474609 31
1657486241785 1.0659469366073608 32
1657486242064 0.7283467054367065 33
1657486242337 1.0268511772155762 34
1657486242617 1.1824480295181274 35
1657486242893 1.1644113063812256 36
1657486243157 1.3862615823745728 37
1657486243430 1.8511855602264404 38
1657486243704 2.4486188888549805 39
1657486243977 3.2283272743225098 40
1657486244249 4.107916831970215 41
1657486244523 5.0303192138671875 42
1657486244798 5.914336204528809 43
1657486245082 6.827239990234375 44
1657486245355 7.862159729003906 45
1657486245626 8.870516777038574 46
1657486245902 9.806840896606445 47
1657486246172 9.546051025390625 48
1657486246436 7.475436210632324 49
1657486246704 4.042063236236572 50
1657486246999 0.3235492408275604 51
1657486247281 0.3173036575317383 52
1657486247571 0.5650479793548584 53
1657486247866 0.7457427382469177 54
1657486248152 0.7915375828742981 55
1657486248424 1.289553165435791 56
1657486248692 3.988558769226074 57
1657486248962 6.341676235198975 58
1657486249228 8.169944763183594 59
1657486249496 9.043383598327637 60
1657486249762 9.230047225952148 61
1657486250031 9.187350273132324 62
1657486250297 9.222733497619629 63
1657486250564 9.497197151184082 64
1657486250832 9.8582124710083 65
1657486251103 10.03731918334961 66
1657486251367 9.816502571105957 67
1657486251637 8.96500015258789 68
