1657486232649 0.06518902629613876 0
1657486233113 0.04121652618050575 1
1657486233486 0.0910198837518692 2
1657486233761 0.10736466944217682 3
1657486234050 0.11555568873882294 4
1657486234327 0.10123251378536224 5
1657486234610 0.10188926011323929 6
1657486234883 0.09435892105102539 7
1657486235184 0.08492255210876465 8
1657486235466 0.026213865727186203 9
1657486235767 0.01218829583376646 10
1657486236054 0.011199425905942917 11
1657486236334 0.00273145642131567 12
1657486236634 0.001148662413470447 13
1657486236914 0.0005791218136437237 14
1657486237177 0.00022485047520603985 15
1657486237437 0.00010465132800163701 16
1657486237705 0.00010713283700169995 17
1657486237978 7.676719542359933e-05 18
1657486238245 7.838008605176583e-05 19
1657486238514 5.354617314878851e-05 20
1657486238810 6.66703563183546e-05 21
1657486239076 7.055231253616512e-05 22
1657486239347 0.00017110648332163692 23
1657486239622 0.00020133249927312136 24
1657486239880 0.0005006029969081283 25
1657486240151 0.003096218453720212 26
1657486240417 0.004830247722566128 27
1657486240680 0.008337246254086494 28
1657486240951 0.013148091733455658 29
1657486241222 0.02588621899485588 30
1657486241501 0.04294699802994728 31
1657486241780 0.059898748993873596 32
1657486242059 0.07137022912502289 33
1657486242332 0.08780523389577866 34
1657486242611 0.07881788909435272 35
1657486242888 0.082606740295887 36
1657486243152 0.07259760051965714 37
1657486243425 0.08432138711214066 38
1657486243699 0.09909941256046295 39
1657486243972 0.09333924949169159 40
1657486244244 0.05253281071782112 41
1657486244517 0.03575977683067322 42
1657486244793 0.04786703735589981 43
1657486245077 0.06249590218067169 44
1657486245350 0.05272795632481575 45
1657486245620 0.0016429717652499676 46
1657486245896 0.002577355597168207 47
1657486246167 0.006903162691742182 48
1657486246431 0.008089443668723106 49
1657486246699 0.017014240846037865 50
1657486246993 0.02082449570298195 51
1657486247276 0.032169733196496964 52
1657486247565 0.0391760915517807 53
1657486247861 0.035330630838871 54
1657486248147 0.026444613933563232 55
1657486248419 0.02302558533847332 56
1657486248687 0.016393231227993965 57
1657486248957 0.010026030242443085 58
1657486249222 0.012737867422401905 59
1657486249490 0.013578535988926888 60
1657486249757 0.008648421615362167 61
1657486250026 0.009070266038179398 62
1657486250291 0.013843010179698467 63
1657486250559 0.010727157816290855 64
1657486250827 0.01042651105672121 65
1657486251098 0.007815451361238956 66
1657486251361 0.01196838915348053 67
1657486251632 0.010134536772966385 68
