1657486232648 4.945489883422852 0
1657486233111 4.628969192504883 1
1657486233485 5.338456153869629 2
1657486233760 5.5791425704956055 3
1657486234049 5.72028923034668 4
1657486234326 5.501220703125 5
1657486234609 5.588585376739502 6
1657486234882 5.699963092803955 7
1657486235183 6.265076637268066 8
1657486235465 5.491558074951172 9
1657486235766 5.3373918533325195 10
1657486236053 5.55694580078125 11
1657486236333 5.008918762207031 12
1657486236633 6.334540843963623 13
1657486236913 6.604435443878174 14
1657486237176 6.907073020935059 15
1657486237436 6.73732852935791 16
1657486237704 6.9368486404418945 17
1657486237976 7.32749080657959 18
1657486238244 7.760468006134033 19
1657486238513 7.842499732971191 20
1657486238809 8.176217079162598 21
1657486239075 7.881974697113037 22
1657486239346 7.963989734649658 23
1657486239621 7.647932052612305 24
1657486239879 7.726744651794434 25
1657486240150 6.778115272521973 26
1657486240416 6.464194297790527 27
1657486240679 6.290230751037598 28
1657486240950 5.796422004699707 29
1657486241221 5.333103656768799 30
1657486241500 5.730841636657715 31
1657486241779 5.924683094024658 32
1657486242058 6.458364963531494 33
1657486242331 6.44963264465332 34
1657486242610 7.073030948638916 35
1657486242887 7.135159015655518 36
1657486243151 6.651759147644043 37
1657486243424 6.69996452331543 38
1657486243698 7.9430317878723145 39
1657486243971 8.48668098449707 40
1657486244243 8.676446914672852 41
1657486244516 8.910076141357422 42
1657486244792 8.790947914123535 43
1657486245076 8.23830795288086 44
1657486245349 8.140825271606445 45
1657486245619 6.079981803894043 46
1657486245895 5.528508186340332 47
1657486246166 5.488808631896973 48
1657486246430 5.011496067047119 49
1657486246698 5.514077186584473 50
1657486246992 6.038118362426758 51
1657486247275 6.1143269538879395 52
1657486247563 6.663490295410156 53
1657486247860 6.964791774749756 54
1657486248146 7.272259712219238 55
1657486248418 7.607668876647949 56
1657486248686 8.318090438842773 57
1657486248956 8.098931312561035 58
1657486249221 8.230548858642578 59
1657486249489 8.574712753295898 60
1657486249755 8.98975944519043 61
1657486250025 8.959135055541992 62
1657486250290 8.531354904174805 63
1657486250558 8.752145767211914 64
1657486250826 9.103862762451172 65
1657486251097 8.81035327911377 66
1657486251360 8.15323543548584 67
1657486251631 8.0891752243042 68
