1657486232651 0.5826432108879089 0
1657486233115 0.6053287982940674 1
1657486233488 0.5606130957603455 2
1657486233763 0.545071005821228 3
1657486234052 0.5361073017120361 4
1657486234329 0.5561694502830505 5
1657486234612 0.5452651977539062 6
1657486234885 0.5336652398109436 7
1657486235186 0.5026480555534363 8
1657486235468 0.5587673783302307 9
1657486235770 0.55438232421875 10
1657486236056 0.5489749312400818 11
1657486236336 0.5498663783073425 12
1657486236636 0.5020245909690857 13
1657486236917 0.5035485029220581 14
1657486237180 0.4708889126777649 15
1657486237439 0.47065967321395874 16
1657486237707 0.4578147530555725 17
1657486237980 0.4510614573955536 18
1657486238247 0.43925461173057556 19
1657486238516 0.4346754848957062 20
1657486238812 0.41169020533561707 21
1657486239079 0.43292784690856934 22
1657486239350 0.4431062340736389 23
1657486239624 0.4534749388694763 24
1657486239882 0.45345669984817505 25
1657486240153 0.4957977533340454 26
1657486240419 0.5132296085357666 27
1657486240682 0.5145038962364197 28
1657486240953 0.5375078916549683 29
1657486241224 0.5337390899658203 30
1657486241503 0.5224580764770508 31
1657486241782 0.4966752231121063 32
1657486242061 0.4655754864215851 33
1657486242334 0.45773962140083313 34
1657486242614 0.4236185550689697 35
1657486242890 0.4108462631702423 36
1657486243154 0.4399925172328949 37
1657486243427 0.4378064274787903 38
1657486243701 0.3508566617965698 39
1657486243974 0.31239065527915955 40
1657486244246 0.2979622781276703 41
1657486244519 0.28574228286743164 42
1657486244795 0.305254727602005 43
1657486245079 0.35698607563972473 44
1657486245352 0.37230199575424194 45
1657486245623 0.5219442844390869 46
1657486245899 0.5376725792884827 47
1657486246169 0.539735734462738 48
1657486246433 0.5487538576126099 49
1657486246701 0.5291227102279663 50
1657486246995 0.5045079588890076 51
1657486247278 0.4818737804889679 52
1657486247567 0.4491523504257202 53
1657486247863 0.44128966331481934 54
1657486248149 0.4195137917995453 55
1657486248421 0.40185976028442383 56
1657486248689 0.34699511528015137 57
1657486248959 0.3617600202560425 58
1657486249224 0.34383633732795715 59
1657486249493 0.31965771317481995 60
1657486249759 0.28069591522216797 61
1657486250028 0.28870058059692383 62
1657486250293 0.3265605866909027 63
1657486250561 0.3084014356136322 64
1657486250829 0.2912755012512207 65
1657486251100 0.3152187764644623 66
1657486251364 0.36399900913238525 67
1657486251634 0.3772292733192444 68
