1657486232646 32.840763092041016 0
1657486233109 31.057641983032227 1
1657486233483 34.534358978271484 2
1657486233757 36.75598907470703 3
1657486234047 38.28072738647461 4
1657486234324 37.529937744140625 5
1657486234607 37.55962371826172 6
1657486234880 38.06166458129883 7
1657486235181 40.069698333740234 8
1657486235463 40.89436721801758 9
1657486235764 45.294395446777344 10
1657486236050 49.444732666015625 11
1657486236331 52.54319381713867 12
1657486236631 64.56674194335938 13
1657486236911 63.58363342285156 14
1657486237174 69.49563598632812 15
1657486237433 69.06277465820312 16
1657486237702 72.07238006591797 17
1657486237974 76.29205322265625 18
1657486238242 77.53128814697266 19
1657486238511 78.4651870727539 20
1657486238807 79.88569641113281 21
1657486239073 77.55547332763672 22
1657486239344 82.97466278076172 23
1657486239619 80.29216003417969 24
1657486239877 79.11819458007812 25
1657486240148 68.51790618896484 26
1657486240413 66.49079132080078 27
1657486240677 62.94715118408203 28
1657486240948 57.2077751159668 29
1657486241219 53.747314453125 30
1657486241498 48.88262176513672 31
1657486241777 49.7179069519043 32
1657486242056 49.52531433105469 33
1657486242329 47.97601318359375 34
1657486242608 48.47435760498047 35
1657486242885 48.419105529785156 36
1657486243148 45.66987991333008 37
1657486243422 45.53547668457031 38
1657486243695 49.29356002807617 39
1657486243969 51.70698547363281 40
1657486244241 50.99074172973633 41
1657486244514 51.594913482666016 42
1657486244790 53.71419906616211 43
1657486245074 54.00127029418945 44
1657486245347 55.34072494506836 45
1657486245617 65.04932403564453 46
1657486245893 61.190467834472656 47
1657486246164 57.99830627441406 48
1657486246428 53.49449920654297 49
1657486246695 52.21089553833008 50
1657486246990 51.59024429321289 51
1657486247273 49.98698425292969 52
1657486247560 50.85273742675781 53
1657486247858 50.23440933227539 54
1657486248144 50.07173156738281 55
1657486248416 50.4619255065918 56
1657486248684 52.501651763916016 57
1657486248954 53.214378356933594 58
1657486249219 51.347312927246094 59
1657486249487 52.527164459228516 60
1657486249753 53.5469856262207 61
1657486250023 54.80072784423828 62
1657486250288 54.31873321533203 63
1657486250555 55.569087982177734 64
1657486250823 58.376808166503906 65
1657486251095 59.18442153930664 66
1657486251358 57.743125915527344 67
1657486251629 58.3821907043457 68
