1657486232643 0.10959871113300323 0
1657486233107 0.0964990109205246 1
1657486233481 0.15892717242240906 2
1657486233755 0.21865242719650269 3
1657486234045 0.3125092089176178 4
1657486234322 0.4423317015171051 5
1657486234605 0.6352433562278748 6
1657486234878 0.69487065076828 7
1657486235179 0.5556468963623047 8
1657486235460 0.14153285324573517 9
1657486235762 0.0982707068324089 10
1657486236048 0.1055602878332138 11
1657486236329 0.10758353769779205 12
1657486236629 0.14016751945018768 13
1657486236909 0.16329406201839447 14
1657486237172 0.1731467843055725 15
1657486237431 0.16076552867889404 16
1657486237700 0.17282265424728394 17
1657486237972 0.18376018106937408 18
1657486238240 0.20456986129283905 19
1657486238509 0.2244078814983368 20
1657486238805 0.2737693786621094 21
1657486239071 0.31016722321510315 22
1657486239342 0.2132219523191452 23
1657486239617 0.21910037100315094 24
1657486239875 0.28372347354888916 25
1657486240146 0.2941291928291321 26
1657486240411 0.30545392632484436 27
1657486240675 0.31800252199172974 28
1657486240945 0.24723346531391144 29
1657486241217 0.14589227735996246 30
1657486241495 0.14270086586475372 31
1657486241774 0.17104125022888184 32
1657486242054 0.22701098024845123 33
1657486242327 0.272298663854599 34
1657486242606 0.3305501639842987 35
1657486242883 0.3652390241622925 36
1657486243146 0.3895295560359955 37
1657486243420 0.49211373925209045 38
1657486243693 0.7551470994949341 39
1657486243967 0.8847485184669495 40
1657486244238 0.9646962881088257 41
1657486244512 0.9905561804771423 42
1657486244788 0.9958253502845764 43
1657486245072 0.9978718757629395 44
1657486245345 0.9992905855178833 45
1657486245615 0.966893196105957 46
1657486245891 0.9914497137069702 47
1657486246162 0.9953669309616089 48
1657486246426 0.9800832867622375 49
1657486246693 0.6239117980003357 50
1657486246988 0.14834105968475342 51
1657486247270 0.171714648604393 52
1657486247556 0.20190125703811646 53
1657486247856 0.2021813690662384 54
1657486248142 0.21659304201602936 55
1657486248413 0.5031221508979797 56
1657486248681 0.9612125754356384 57
1657486248952 0.995445728302002 58
1657486249217 0.9995296001434326 59
1657486249485 0.999873161315918 60
1657486249751 0.9999338388442993 61
1657486250020 0.9999240636825562 62
1657486250286 0.9998959302902222 63
1657486250553 0.9999204874038696 64
1657486250821 0.9999333620071411 65
1657486251093 0.9999332427978516 66
1657486251356 0.9998645782470703 67
1657486251627 0.9996962547302246 68
