1657486232644 0.06518902629613876 0
1657486233108 0.05924176797270775 1
1657486233482 0.10975729674100876 2
1657486233756 0.1661827266216278 3
1657486234046 0.26940539479255676 4
1657486234323 0.4187147319316864 5
1657486234606 0.6276014447212219 6
1657486234879 0.6901906132698059 7
1657486235180 0.5462420582771301 8
1657486235462 0.10614126175642014 9
1657486235763 0.03818707913160324 10
1657486236049 0.0521683432161808 11
1657486236330 0.04440852999687195 12
1657486236630 0.07841726392507553 13
1657486236910 0.12576106190681458 14
1657486237173 0.10192476212978363 15
1657486237432 0.07782048732042313 16
1657486237701 0.08655446767807007 17
1657486237973 0.0974002406001091 18
1657486238241 0.1288507580757141 19
1657486238510 0.16164903342723846 20
1657486238806 0.19487757980823517 21
1657486239072 0.2800465524196625 22
1657486239343 0.15986695885658264 23
1657486239618 0.16826477646827698 24
1657486239876 0.23638753592967987 25
1657486240147 0.2533321976661682 26
1657486240412 0.28091180324554443 27
1657486240676 0.29095709323883057 28
1657486240946 0.22017593681812286 29
1657486241218 0.0950101688504219 30
1657486241497 0.08768586069345474 31
1657486241776 0.09834481030702591 32
1657486242055 0.14706765115261078 33
1657486242328 0.18667805194854736 34
1657486242607 0.24935024976730347 35
1657486242884 0.2946198880672455 36
1657486243147 0.34090617299079895 37
1657486243421 0.46598660945892334 38
1657486243694 0.7481122016906738 39
1657486243968 0.882911741733551 40
1657486244240 0.9645400643348694 41
1657486244513 0.9905493855476379 42
1657486244789 0.9958245754241943 43
1657486245073 0.9978717565536499 44
1657486245346 0.9992905855178833 45
1657486245616 0.966885507106781 46
1657486245892 0.9914491772651672 47
1657486246163 0.9953668117523193 48
1657486246427 0.9800806045532227 49
1657486246694 0.6223095059394836 50
1657486246989 0.08652718365192413 51
1657486247271 0.10834068804979324 52
1657486247558 0.12432906031608582 53
1657486247857 0.10603462904691696 54
1657486248143 0.11525614559650421 55
1657486248414 0.48969966173171997 56
1657486248682 0.9611677527427673 57
1657486248953 0.9954450130462646 58
1657486249218 0.9995296001434326 59
1657486249486 0.999873161315918 60
1657486249752 0.9999338388442993 61
1657486250021 0.9999240636825562 62
1657486250287 0.9998959302902222 63
1657486250554 0.9999204874038696 64
1657486250822 0.9999333620071411 65
1657486251094 0.9999332427978516 66
1657486251357 0.9998645782470703 67
1657486251628 0.9996962547302246 68
