1657486232650 0.06518902629613876 0
1657486233114 0.044625163078308105 1
1657486233487 0.10975729674100876 2
1657486233762 0.1661827266216278 3
1657486234051 0.26940539479255676 4
1657486234328 0.4187147319316864 5
1657486234611 0.6276014447212219 6
1657486234884 0.6901906132698059 7
1657486235185 0.5462420582771301 8
1657486235467 0.10614126175642014 9
1657486235768 0.009754904545843601 10
1657486236055 0.0023045558482408524 11
1657486236335 0.0003829046618193388 12
1657486236635 0.00030236438033171 13
1657486236915 0.00046728484448976815 14
1657486237179 0.0004956333432346582 15
1657486237438 0.000346375978551805 16
1657486237706 0.00025162589736282825 17
1657486237979 7.99046756583266e-05 18
1657486238246 3.2835603633429855e-05 19
1657486238515 1.2087328286725096e-05 20
1657486238811 1.2662712833844125e-05 21
1657486239077 1.8472823285264894e-05 22
1657486239349 0.00011707146768458188 23
1657486239623 0.0002541685535106808 24
1657486239881 0.0008062870474532247 25
1657486240152 0.004528752062469721 26
1657486240418 0.004632612224668264 27
1657486240681 0.004743598867207766 28
1657486240952 0.00592052610591054 29
1657486241223 0.013194365426898003 30
1657486241502 0.03180152177810669 31
1657486241781 0.07010703533887863 32
1657486242060 0.1221509501338005 33
1657486242333 0.18667805194854736 34
1657486242612 0.1801273673772812 35
1657486242889 0.17264877259731293 36
1657486243153 0.12607672810554504 37
1657486243426 0.08910667151212692 38
1657486243700 0.035853639245033264 39
1657486243973 0.01176402997225523 40
1657486244245 0.0019158703507855535 41
1657486244518 0.0003982354246545583 42
1657486244794 0.00024089131329674274 43
1657486245078 0.00016758062702137977 44
1657486245351 5.759297710028477e-05 45
1657486245621 7.403532799798995e-05 46
1657486245898 3.1308052712120116e-05 47
1657486246168 3.929536615032703e-05 48
1657486246432 0.00016338718705810606 49
1657486246700 0.00547846220433712 50
1657486246994 0.01609356328845024 51
1657486247277 0.028881577774882317 52
1657486247566 0.042706459760665894 53
1657486247862 0.04916776344180107 54
1657486248148 0.04183592647314072 55
1657486248420 0.021253950893878937 56
1657486248688 0.0012042615562677383 57
1657486248958 6.956871220609173e-05 58
1657486249223 8.604604772699531e-06 59
1657486249492 2.4703776944079436e-06 60
1657486249758 9.368716291646706e-07 61
1657486250027 1.094146455216105e-06 62
1657486250292 2.163510316677275e-06 63
1657486250560 1.4901426084179548e-06 64
1657486250828 1.2712584975815844e-06 65
1657486251099 9.766420134837972e-07 66
1657486251362 2.66408096649684e-06 67
1657486251633 4.901964985037921e-06 68
