1657486232647 4.945489883422852 0
1657486233110 4.651670932769775 1
1657486233484 5.441684722900391 2
1657486233759 6.004022598266602 3
1657486234048 6.790535926818848 4
1657486234325 7.493896961212158 5
1657486234608 8.49294376373291 6
1657486234881 8.787118911743164 7
1657486235182 8.200285911560059 8
1657486235464 5.679582595825195 9
1657486235765 4.731294631958008 10
1657486236051 5.2145586013793945 11
1657486236332 5.235366344451904 12
1657486236632 6.676488399505615 13
1657486236912 7.069262981414795 14
1657486237175 7.375284194946289 15
1657486237435 7.057971000671387 16
1657486237703 7.368083953857422 17
1657486237975 7.768448829650879 18
1657486238243 8.225910186767578 19
1657486238512 8.599935531616211 20
1657486238808 9.141060829162598 21
1657486239074 9.325359344482422 22
1657486239345 8.348759651184082 23
1657486239620 8.23244571685791 24
1657486239878 8.602741241455078 25
1657486240149 8.009620666503906 26
1657486240415 8.008519172668457 27
1657486240678 7.9287614822387695 28
1657486240949 7.223026752471924 29
1657486241220 6.196691513061523 30
1657486241499 5.981313705444336 31
1657486241778 6.346715450286865 32
1657486242057 7.0253190994262695 33
1657486242330 7.315634250640869 34
1657486242609 7.891665458679199 35
1657486242886 8.175893783569336 36
1657486243150 8.038021087646484 37
1657486243423 8.55115032196045 38
1657486243697 10.391651153564453 39
1657486243970 11.715007781982422 40
1657486244242 12.784363746643066 41
1657486244515 13.94039535522461 42
1657486244791 14.705284118652344 43
1657486245075 15.065547943115234 44
1657486245348 16.00298500061035 45
1657486245618 11.943527221679688 46
1657486245894 13.14564323425293 47
1657486246165 13.754862785339355 48
1657486246429 12.140204429626465 49
1657486246697 8.870471954345703 50
1657486246991 6.122973918914795 51
1657486247274 6.431630611419678 52
1657486247562 6.8226823806762695 53
1657486247859 6.628726959228516 54
1657486248145 6.816053867340088 55
1657486248417 8.897222518920898 56
1657486248685 12.306649208068848 57
1657486248955 14.440607070922852 58
1657486249220 16.400493621826172 59
1657486249488 17.61809539794922 60
1657486249754 18.219806671142578 61
1657486250024 18.146484375 62
1657486250289 17.75408935546875 63
1657486250557 18.249343872070312 64
1657486250824 18.962074279785156 65
1657486251096 18.847671508789062 66
1657486251359 17.969738006591797 67
1657486251630 17.054176330566406 68
