1657485935506 0.06518902629613876 0
1657485935940 0.044625163078308105 1
1657485936371 0.11088120192289352 2
1657485936645 0.17452824115753174 3
1657485936913 0.31895074248313904 4
1657485937186 0.634790301322937 5
1657485937455 0.9688892364501953 6
1657485937730 0.9993172883987427 7
1657485938000 0.9999642372131348 8
1657485938267 0.9999655485153198 9
1657485938537 0.9999444484710693 10
1657485938805 0.9999822378158569 11
1657485939079 0.9999955892562866 12
1657485939351 0.9999998807907104 13
1657485939622 1.0 14
1657485939888 1.0 15
1657485940153 1.0 16
1657485940424 0.9999982118606567 17
1657485940691 0.9999799728393555 18
1657485940959 0.9999041557312012 19
1657485941226 0.9995508790016174 20
1657485941497 0.998773992061615 21
1657485941764 0.9937533736228943 22
1657485942040 0.9695304036140442 23
1657485942311 0.6007063984870911 24
1657485942582 0.04882300645112991 25
1657485942852 0.001529686851426959 26
1657485943121 1.3670391126652248e-05 27
1657485943388 1.2311471664361306e-06 28
1657485943658 2.6576205982564716e-06 29
1657485943927 0.00012850947678089142 30
1657485944214 0.015170454047620296 31
1657485944485 0.3482244312763214 32
1657485944770 0.9110164046287537 33
1657485945033 0.9991905093193054 34
1657485945299 0.9999752044677734 35
1657485945562 0.9999971389770508 36
1657485945821 0.9999996423721313 37
1657485946091 1.0 38
1657485946359 1.0 39
1657485946631 1.0 40
1657485946901 1.0 41
1657485947168 1.0 42
1657485947438 1.0 43
1657485947702 1.0 44
1657485947966 1.0 45
1657485948234 1.0 46
1657485948507 1.0 47
1657485948780 1.0 48
1657485949045 1.0 49
1657485949318 1.0 50
1657485949585 1.0 51
1657485949852 1.0 52
1657485950117 1.0 53
1657485950388 1.0 54
1657485950658 1.0 55
1657485950931 1.0 56
1657485951202 1.0 57
1657485951467 1.0 58
1657485951734 1.0 59
1657485952005 1.0 60
1657485952278 1.0 61
1657485952542 1.0 62
1657485952802 1.0 63
1657485953072 1.0 64
1657485953337 1.0 65
1657485953603 1.0 66
1657485953868 1.0 67
1657485954138 1.0 68
