1657485935507 0.0 0
1657485935941 0.026742130517959595 1
1657485936373 0.10743748396635056 2
1657485936646 0.467702716588974 3
1657485936915 1.3220415115356445 4
1657485937187 3.019824504852295 5
1657485937457 6.225398063659668 6
1657485937731 10.125152587890625 7
1657485938001 12.712181091308594 8
1657485938268 13.48695182800293 9
1657485938538 13.617538452148438 10
1657485938806 14.770919799804688 11
1657485939081 17.635221481323242 12
1657485939352 21.42470932006836 13
1657485939624 24.13233184814453 14
1657485939890 25.000274658203125 15
1657485940154 24.001100540161133 16
1657485940426 21.948272705078125 17
1657485940692 19.87887191772461 18
1657485940960 18.337526321411133 19
1657485941227 17.272632598876953 20
1657485941498 16.17110824584961 21
1657485941766 14.569750785827637 22
1657485942041 12.094244003295898 23
1657485942312 8.941471099853516 24
1657485942583 4.762715816497803 25
1657485942853 -0.4420740008354187 26
1657485943122 -5.4351091384887695 27
1657485943389 -8.160932540893555 28
1657485943659 -7.701870441436768 29
1657485943928 -4.388633728027344 30
1657485944216 0.2120034545660019 31
1657485944486 4.246078968048096 32
1657485944771 7.331169128417969 33
1657485945034 10.32706356048584 34
1657485945300 12.955853462219238 35
1657485945563 14.952643394470215 36
1657485945823 16.777009963989258 37
1657485946092 19.09954071044922 38
1657485946360 22.079044342041016 39
1657485946632 24.905241012573242 40
1657485946902 27.566164016723633 41
1657485947170 29.994482040405273 42
1657485947439 32.02644348144531 43
1657485947704 33.77647399902344 44
1657485947967 35.349388122558594 45
1657485948235 36.65321731567383 46
1657485948508 38.23648452758789 47
1657485948781 39.380943298339844 48
1657485949046 39.471473693847656 49
1657485949319 38.19865417480469 50
1657485949587 35.92290496826172 51
1657485949853 33.43413162231445 52
1657485950118 31.373790740966797 53
1657485950389 30.00844955444336 54
1657485950660 29.1115779876709 55
1657485950932 28.376808166503906 56
1657485951203 27.506126403808594 57
1657485951469 26.519424438476562 58
1657485951735 25.33082389831543 59
1657485952006 24.224401473999023 60
1657485952279 23.379802703857422 61
1657485952543 22.88351058959961 62
1657485952803 22.622346878051758 63
1657485953074 22.53104591369629 64
1657485953339 22.52252197265625 65
1657485953604 22.50225257873535 66
1657485953869 22.43701171875 67
1657485954139 22.333505630493164 68
