1657485935517 0.011652863584458828 0
1657485935956 0.01210657600313425 1
1657485936382 0.011212261393666267 2
1657485936656 0.010901419445872307 3
1657485936924 0.010722145438194275 4
1657485937197 0.01112338900566101 5
1657485937466 0.010905303992331028 6
1657485937740 0.01067330501973629 7
1657485938011 0.01005296129733324 8
1657485938278 0.011175347492098808 9
1657485938548 0.011087645776569843 10
1657485938816 0.010979498736560345 11
1657485939090 0.010997327044606209 12
1657485939362 0.010040491819381714 13
1657485939633 0.01007097028195858 14
1657485939899 0.009417777881026268 15
1657485940164 0.009413192979991436 16
1657485940435 0.009156295098364353 17
1657485940702 0.009021229110658169 18
1657485940970 0.008785092271864414 19
1657485941236 0.008693509735167027 20
1657485941507 0.008233804255723953 21
1657485941775 0.008658557198941708 22
1657485942051 0.008862124755978584 23
1657485942321 0.009069498628377914 24
1657485942593 0.009069133549928665 25
1657485942863 0.009915954433381557 26
1657485943132 0.010264592245221138 27
1657485943399 0.01029007788747549 28
1657485943669 0.01075015775859356 29
1657485943938 0.010674781166017056 30
1657485944225 0.010449161753058434 31
1657485944495 0.009933504275977612 32
1657485944780 0.009311509318649769 33
1657485945044 0.009154791943728924 34
1657485945310 0.00847237091511488 35
1657485945573 0.008216924965381622 36
1657485945832 0.008799850009381771 37
1657485946102 0.008756128139793873 38
1657485946370 0.007017133291810751 39
1657485946641 0.006247812882065773 40
1657485946912 0.005959245376288891 41
1657485947179 0.00571484537795186 42
1657485947449 0.006105094216763973 43
1657485947713 0.007139721419662237 44
1657485947977 0.00744603993371129 45
1657485948245 0.010438885539770126 46
1657485948518 0.0107534509152174 47
1657485948791 0.010794714093208313 48
1657485949056 0.01097507681697607 49
1657485949329 0.010582453571259975 50
1657485949596 0.010090159252285957 51
1657485949863 0.00963747501373291 52
1657485950128 0.008983046747744083 53
1657485950399 0.00882579293102026 54
1657485950669 0.0083902757614851 55
1657485950942 0.008037194609642029 56
1657485951212 0.0069399019703269005 57
1657485951478 0.007235200144350529 58
1657485951744 0.006876726634800434 59
1657485952016 0.00639315415173769 60
1657485952289 0.005613917950540781 61
1657485952553 0.005774011369794607 62
1657485952813 0.006531211547553539 63
1657485953083 0.0061680288054049015 64
1657485953348 0.005825509782880545 65
1657485953613 0.006304375361651182 66
1657485953879 0.00727997999638319 67
1657485954149 0.007544585503637791 68
