1657485935518 0.0 0
1657485935958 3.036142349243164 1
1657485936383 7.631054878234863 2
1657485936657 11.354700088500977 3
1657485936925 13.22268295288086 4
1657485937198 13.23496150970459 5
1657485937467 12.726062774658203 6
1657485937741 13.888298034667969 7
1657485938012 16.224328994750977 8
1657485938279 19.010211944580078 9
1657485938549 22.7615909576416 10
1657485938817 26.393491744995117 11
1657485939091 29.3453311920166 12
1657485939363 31.59332275390625 13
1657485939634 33.239749908447266 14
1657485939900 34.03483581542969 15
1657485940165 33.83909606933594 16
1657485940436 32.74740982055664 17
1657485940703 31.02482795715332 18
1657485940971 28.706470489501953 19
1657485941238 26.009414672851562 20
1657485941509 23.042219161987305 21
1657485941776 20.13828468322754 22
1657485942052 16.946945190429688 23
1657485942323 13.810726165771484 24
1657485942594 10.744884490966797 25
1657485942864 9.35046100616455 26
1657485943133 10.802260398864746 27
1657485943400 12.505370140075684 28
1657485943670 12.476327896118164 29
1657485943939 11.34688663482666 30
1657485944227 11.374058723449707 31
1657485944496 13.09810733795166 32
1657485944781 15.073126792907715 33
1657485945045 16.832439422607422 34
1657485945311 19.33547592163086 35
1657485945574 22.85442352294922 36
1657485945833 27.08692169189453 37
1657485946103 31.67283058166504 38
1657485946371 35.884220123291016 39
1657485946643 39.14545822143555 40
1657485946913 42.11127853393555 41
1657485947180 44.93218994140625 42
1657485947450 47.53123474121094 43
1657485947714 50.14375305175781 44
1657485947978 52.88906478881836 45
1657485948246 55.315025329589844 46
1657485948519 57.09025573730469 47
1657485948792 57.53512191772461 48
1657485949057 56.957767486572266 49
1657485949330 55.31986999511719 50
1657485949597 53.0707893371582 51
1657485949864 50.59550094604492 52
1657485950129 48.204471588134766 53
1657485950400 46.08719253540039 54
1657485950670 44.081302642822266 55
1657485950943 42.22249984741211 56
1657485951213 40.53205108642578 57
1657485951479 39.21363067626953 58
1657485951746 37.93965530395508 59
1657485952017 36.86885070800781 60
1657485952290 36.0200309753418 61
1657485952554 35.34965515136719 62
1657485952814 34.754798889160156 63
1657485953084 34.241886138916016 64
1657485953349 33.915077209472656 65
1657485953615 33.803504943847656 66
1657485953880 33.7835693359375 67
1657485954150 33.86318588256836 68
