1657485935519 0.0 0
1657485935964 0.026742130517959595 1
1657485936384 0.1255289912223816 2
1657485936658 0.467702716588974 3
1657485936927 1.3220415115356445 4
1657485937199 3.019824504852295 5
1657485937468 6.225398063659668 6
1657485937743 10.125152587890625 7
1657485938013 12.712181091308594 8
1657485938280 13.48695182800293 9
1657485938550 13.617538452148438 10
1657485938818 14.770919799804688 11
1657485939092 17.635221481323242 12
1657485939364 21.42470932006836 13
1657485939635 24.13233184814453 14
1657485939901 25.000274658203125 15
1657485940166 24.001100540161133 16
1657485940437 21.948272705078125 17
1657485940704 19.87887191772461 18
1657485940972 18.337526321411133 19
1657485941239 17.272632598876953 20
1657485941510 16.17110824584961 21
1657485941778 14.569750785827637 22
1657485942053 12.094244003295898 23
1657485942324 8.941471099853516 24
1657485942595 4.762715816497803 25
1657485942865 0.8876943588256836 26
1657485943134 1.5580589771270752 27
1657485943401 2.2755038738250732 28
1657485943671 3.043753147125244 29
1657485943940 3.9762446880340576 30
1657485944228 5.139183521270752 31
1657485944497 6.624697208404541 32
1657485944782 7.404819011688232 33
1657485945046 10.32706356048584 34
1657485945312 12.955853462219238 35
1657485945575 14.952643394470215 36
1657485945834 16.777009963989258 37
1657485946104 19.09954071044922 38
1657485946372 22.079044342041016 39
1657485946644 24.905241012573242 40
1657485946914 27.566164016723633 41
1657485947181 29.994482040405273 42
1657485947451 32.02644348144531 43
1657485947715 33.77647399902344 44
1657485947979 35.349388122558594 45
1657485948247 36.65321731567383 46
1657485948520 38.23648452758789 47
1657485948793 39.380943298339844 48
1657485949058 39.471473693847656 49
1657485949331 38.19865417480469 50
1657485949598 35.92290496826172 51
1657485949865 33.43413162231445 52
1657485950130 31.373790740966797 53
1657485950401 30.00844955444336 54
1657485950671 29.1115779876709 55
1657485950944 28.376808166503906 56
1657485951215 27.506126403808594 57
1657485951480 26.519424438476562 58
1657485951747 25.33082389831543 59
1657485952018 24.224401473999023 60
1657485952291 23.379802703857422 61
1657485952555 22.88351058959961 62
1657485952815 22.622346878051758 63
1657485953085 22.53104591369629 64
1657485953350 22.52252197265625 65
1657485953616 22.50225257873535 66
1657485953881 22.43701171875 67
1657485954151 22.333505630493164 68
