1657485935513 4.945489883422852 0
1657485935948 4.628969192504883 1
1657485936378 5.338456153869629 2
1657485936652 5.5791425704956055 3
1657485936920 5.72028923034668 4
1657485937192 5.501220703125 5
1657485937462 5.588585376739502 6
1657485937736 5.699963092803955 7
1657485938006 6.265076637268066 8
1657485938274 5.491558074951172 9
1657485938544 5.3373918533325195 10
1657485938812 5.55694580078125 11
1657485939086 5.008918762207031 12
1657485939358 6.334540843963623 13
1657485939629 6.604435443878174 14
1657485939895 6.907073020935059 15
1657485940160 6.73732852935791 16
1657485940431 6.9368486404418945 17
1657485940698 7.32749080657959 18
1657485940966 7.760468006134033 19
1657485941232 7.842499732971191 20
1657485941503 8.176217079162598 21
1657485941771 7.881974697113037 22
1657485942047 7.963989734649658 23
1657485942317 7.647932052612305 24
1657485942589 7.726744651794434 25
1657485942859 6.778115272521973 26
1657485943127 6.464194297790527 27
1657485943394 6.290230751037598 28
1657485943665 5.796422004699707 29
1657485943934 5.333103656768799 30
1657485944221 5.730841636657715 31
1657485944491 5.924683094024658 32
1657485944776 6.458364963531494 33
1657485945040 6.44963264465332 34
1657485945306 7.073030948638916 35
1657485945569 7.135159015655518 36
1657485945828 6.651759147644043 37
1657485946097 6.69996452331543 38
1657485946366 7.9430317878723145 39
1657485946637 8.48668098449707 40
1657485946908 8.676446914672852 41
1657485947175 8.910076141357422 42
1657485947445 8.790947914123535 43
1657485947709 8.23830795288086 44
1657485947973 8.140825271606445 45
1657485948240 6.079981803894043 46
1657485948514 5.528508186340332 47
1657485948786 5.488808631896973 48
1657485949051 5.011496067047119 49
1657485949325 5.514077186584473 50
1657485949592 6.038118362426758 51
1657485949859 6.1143269538879395 52
1657485950124 6.663490295410156 53
1657485950395 6.964791774749756 54
1657485950665 7.272259712219238 55
1657485950938 7.607668876647949 56
1657485951208 8.318090438842773 57
1657485951474 8.098931312561035 58
1657485951740 8.230548858642578 59
1657485952012 8.574712753295898 60
1657485952284 8.98975944519043 61
1657485952549 8.959135055541992 62
1657485952809 8.531354904174805 63
1657485953079 8.752145767211914 64
1657485953344 9.103862762451172 65
1657485953609 8.81035327911377 66
1657485953874 8.15323543548584 67
1657485954144 8.0891752243042 68
