1657485935514 4.945489883422852 0
1657485935950 4.341599941253662 1
1657485936379 5.338456153869629 2
1657485936653 5.5791425704956055 3
1657485936921 5.72028923034668 4
1657485937194 5.501220703125 5
1657485937463 5.588585376739502 6
1657485937737 5.589856147766113 7
1657485938008 5.6717400550842285 8
1657485938275 4.332096099853516 9
1657485938545 3.7256999015808105 10
1657485938813 3.7695939540863037 11
1657485939087 2.4485585689544678 12
1657485939359 2.3498997688293457 13
1657485939630 1.555469274520874 14
1657485939896 1.1150994300842285 15
1657485940161 0.34804803133010864 16
1657485940432 0.5780065655708313 17
1657485940699 0.5142865180969238 18
1657485940967 0.6617014408111572 19
1657485941233 0.34472256898880005 20
1657485941504 0.7905586361885071 21
1657485941772 0.5973716974258423 22
1657485942048 1.3678491115570068 23
1657485942318 1.3344565629959106 24
1657485942590 2.1723742485046387 25
1657485942860 3.3015363216400146 26
1657485943128 3.628983736038208 27
1657485943395 4.065743446350098 28
1657485943666 4.212503910064697 29
1657485943935 4.837245941162109 30
1657485944222 5.2352190017700195 31
1657485944492 5.753726959228516 32
1657485944777 6.111337184906006 33
1657485945041 6.288783073425293 34
1657485945307 6.384023189544678 35
1657485945570 6.477055549621582 36
1657485945829 6.018179893493652 37
1657485946098 6.160788536071777 38
1657485946367 6.981902599334717 39
1657485946638 7.334769248962402 40
1657485946909 6.733331680297852 41
1657485947176 6.436183452606201 42
1657485947446 6.737204551696777 43
1657485947710 6.677341461181641 44
1657485947974 6.395545482635498 45
1657485948241 2.44931697845459 46
1657485948515 2.6347804069519043 47
1657485948787 3.509835720062256 48
1657485949052 3.5038299560546875 49
1657485949326 4.379732131958008 50
1657485949593 4.711170196533203 51
1657485949860 5.2386298179626465 52
1657485950125 5.641674995422363 53
1657485950396 5.508762359619141 54
1657485950666 5.2877655029296875 55
1657485950939 5.224297046661377 56
1657485951209 5.231564521789551 57
1657485951475 4.732453346252441 58
1657485951741 4.921469211578369 59
1657485952013 5.153463363647461 60
1657485952285 4.916956424713135 61
1657485952550 4.996003150939941 62
1657485952810 5.1724443435668945 63
1657485953080 5.085335731506348 64
1657485953345 5.438107490539551 65
1657485953610 4.923572540283203 66
1657485953875 5.000741958618164 67
1657485954145 4.751433372497559 68
