1657485935516 0.5826432108879089 0
1657485935955 0.6053287982940674 1
1657485936381 0.5606130957603455 2
1657485936655 0.545071005821228 3
1657485936923 0.5361073017120361 4
1657485937196 0.5561694502830505 5
1657485937465 0.5452651977539062 6
1657485937739 0.5336652398109436 7
1657485938010 0.5026480555534363 8
1657485938277 0.5587673783302307 9
1657485938547 0.55438232421875 10
1657485938815 0.5489749312400818 11
1657485939089 0.5498663783073425 12
1657485939361 0.5020245909690857 13
1657485939632 0.5035485029220581 14
1657485939898 0.4708889126777649 15
1657485940163 0.47065967321395874 16
1657485940434 0.4578147530555725 17
1657485940701 0.4510614573955536 18
1657485940969 0.43925461173057556 19
1657485941235 0.4346754848957062 20
1657485941506 0.41169020533561707 21
1657485941774 0.43292784690856934 22
1657485942050 0.4431062340736389 23
1657485942320 0.4534749388694763 24
1657485942592 0.45345669984817505 25
1657485942862 0.4957977533340454 26
1657485943131 0.5132296085357666 27
1657485943397 0.5145038962364197 28
1657485943668 0.5375078916549683 29
1657485943937 0.5337390899658203 30
1657485944224 0.5224580764770508 31
1657485944494 0.4966752231121063 32
1657485944779 0.4655754864215851 33
1657485945043 0.45773962140083313 34
1657485945309 0.4236185550689697 35
1657485945572 0.4108462631702423 36
1657485945831 0.4399925172328949 37
1657485946101 0.4378064274787903 38
1657485946369 0.3508566617965698 39
1657485946640 0.31239065527915955 40
1657485946911 0.2979622781276703 41
1657485947178 0.28574228286743164 42
1657485947448 0.305254727602005 43
1657485947712 0.35698607563972473 44
1657485947976 0.37230199575424194 45
1657485948244 0.5219442844390869 46
1657485948517 0.5376725792884827 47
1657485948790 0.539735734462738 48
1657485949055 0.5487538576126099 49
1657485949328 0.5291227102279663 50
1657485949595 0.5045079588890076 51
1657485949862 0.4818737804889679 52
1657485950127 0.4491523504257202 53
1657485950398 0.44128966331481934 54
1657485950668 0.4195137917995453 55
1657485950941 0.40185976028442383 56
1657485951211 0.34699511528015137 57
1657485951477 0.3617600202560425 58
1657485951743 0.34383633732795715 59
1657485952015 0.31965771317481995 60
1657485952288 0.28069591522216797 61
1657485952552 0.28870058059692383 62
1657485952812 0.3265605866909027 63
1657485953082 0.3084014356136322 64
1657485953347 0.2912755012512207 65
1657485953612 0.3152187764644623 66
1657485953878 0.36399900913238525 67
1657485954148 0.3772292733192444 68
