1657485935510 32.840763092041016 0
1657485935945 31.057641983032227 1
1657485936376 34.74696350097656 2
1657485936649 37.64444351196289 3
1657485936918 40.19032287597656 4
1657485937190 40.425331115722656 5
1657485937460 41.29277038574219 6
1657485937734 42.603878021240234 7
1657485938004 45.134464263916016 8
1657485938271 46.01500701904297 9
1657485938542 50.75580978393555 10
1657485938810 55.969207763671875 11
1657485939084 60.22614669799805 12
1657485939356 72.70201110839844 13
1657485939627 72.97406005859375 14
1657485939893 78.82720184326172 15
1657485940158 78.07526397705078 16
1657485940429 80.16741180419922 17
1657485940696 82.92818450927734 18
1657485940964 82.8144760131836 19
1657485941230 82.41641235351562 20
1657485941501 82.90418243408203 21
1657485941769 79.98773956298828 22
1657485942045 85.00684356689453 23
1657485942315 82.13815307617188 24
1657485942587 80.91121673583984 25
1657485942857 70.40576171875 26
1657485943125 68.62908172607422 27
1657485943392 65.2440185546875 28
1657485943663 59.26514434814453 29
1657485943931 55.254512786865234 30
1657485944219 50.44523239135742 31
1657485944489 51.92583084106445 32
1657485944774 52.68596649169922 33
1657485945037 52.166603088378906 34
1657485945304 53.75962829589844 35
1657485945567 55.20557403564453 36
1657485945826 54.670326232910156 37
1657485946095 57.106937408447266 38
1657485946363 62.89849853515625 39
1657485946635 66.98429107666016 40
1657485946905 68.18690490722656 41
1657485947173 70.3812255859375 42
1657485947443 73.74173736572266 43
1657485947707 75.55498504638672 44
1657485947970 78.02444458007812 45
1657485948238 85.02737426757812 46
1657485948511 83.5499267578125 47
1657485948784 82.435791015625 48
1657485949049 79.51319885253906 49
1657485949322 78.48696899414062 50
1657485949590 76.83303833007812 51
1657485949857 74.02406311035156 52
1657485950122 72.8395767211914 53
1657485950392 70.66976165771484 54
1657485950663 68.88861846923828 55
1657485950936 67.63550567626953 56
1657485951206 67.81999969482422 57
1657485951472 67.04210662841797 58
1657485951738 64.4026107788086 59
1657485952010 64.30522155761719 60
1657485952282 64.0513687133789 61
1657485952547 64.36549377441406 62
1657485952807 63.27472686767578 63
1657485953077 63.74187469482422 64
1657485953342 65.99544525146484 65
1657485953607 66.59539031982422 66
1657485953872 65.70514678955078 67
1657485954142 66.74432373046875 68
