1657485935509 0.06518902629613876 0
1657485935944 0.05924176797270775 1
1657485936375 0.11088120192289352 2
1657485936648 0.17452824115753174 3
1657485936917 0.31895074248313904 4
1657485937189 0.634790301322937 5
1657485937459 0.9688892364501953 6
1657485937733 0.9993172883987427 7
1657485938003 0.9999642372131348 8
1657485938270 0.9999655485153198 9
1657485938541 0.9999444484710693 10
1657485938808 0.9999822378158569 11
1657485939083 0.9999955892562866 12
1657485939355 0.9999998807907104 13
1657485939626 1.0 14
1657485939892 1.0 15
1657485940156 1.0 16
1657485940428 0.9999982118606567 17
1657485940695 0.9999799728393555 18
1657485940963 0.9999041557312012 19
1657485941229 0.9995508790016174 20
1657485941500 0.998773992061615 21
1657485941768 0.9937533736228943 22
1657485942044 0.9695304036140442 23
1657485942314 0.6007063984870911 24
1657485942586 0.1604185551404953 25
1657485942856 0.18705643713474274 26
1657485943124 0.25362470746040344 27
1657485943391 0.36051735281944275 28
1657485943662 0.4643607437610626 29
1657485943930 0.5781857371330261 30
1657485944218 0.7225556969642639 31
1657485944488 0.5817841291427612 32
1657485944773 0.9110164046287537 33
1657485945036 0.9991905093193054 34
1657485945303 0.9999752044677734 35
1657485945566 0.9999971389770508 36
1657485945825 0.9999996423721313 37
1657485946094 1.0 38
1657485946362 1.0 39
1657485946634 1.0 40
1657485946904 1.0 41
1657485947172 1.0 42
1657485947442 1.0 43
1657485947706 1.0 44
1657485947969 1.0 45
1657485948237 1.0 46
1657485948510 1.0 47
1657485948783 1.0 48
1657485949048 1.0 49
1657485949321 1.0 50
1657485949589 1.0 51
1657485949855 1.0 52
1657485950121 1.0 53
1657485950391 1.0 54
1657485950662 1.0 55
1657485950935 1.0 56
1657485951205 1.0 57
1657485951471 1.0 58
1657485951737 1.0 59
1657485952009 1.0 60
1657485952281 1.0 61
1657485952546 1.0 62
1657485952805 1.0 63
1657485953076 1.0 64
1657485953341 1.0 65
1657485953606 1.0 66
1657485953871 1.0 67
1657485954141 1.0 68
