1657485935512 4.945489883422852 0
1657485935947 4.651670932769775 1
1657485936377 5.44589376449585 2
1657485936651 6.046845436096191 3
1657485936919 7.042330741882324 4
1657485937191 8.521045684814453 5
1657485937461 11.813983917236328 6
1657485937735 15.715008735656738 7
1657485938005 18.383920669555664 8
1657485938273 17.819047927856445 9
1657485938543 17.343238830566406 10
1657485938811 18.54051399230957 11
1657485939085 20.08378028869629 12
1657485939357 23.774608612060547 13
1657485939628 25.687801361083984 14
1657485939894 26.115373611450195 15
1657485940159 24.34914779663086 16
1657485940430 22.52627944946289 17
1657485940697 20.393157958984375 18
1657485940965 18.99922752380371 19
1657485941231 17.617355346679688 20
1657485941502 16.961666107177734 21
1657485941770 15.167122840881348 22
1657485942046 13.462093353271484 23
1657485942316 10.275927543640137 24
1657485942588 8.124674797058105 25
1657485942858 7.665809631347656 26
1657485943126 8.022253036499023 27
1657485943393 8.492159843444824 28
1657485943664 8.581619262695312 29
1657485943932 8.860260009765625 30
1657485944220 9.310667037963867 31
1657485944490 10.513057708740234 32
1657485944775 13.442506790161133 33
1657485945038 16.615846633911133 34
1657485945305 19.339876174926758 35
1657485945568 21.429698944091797 36
1657485945827 22.795188903808594 37
1657485946096 25.260330200195312 38
1657485946365 29.06094741821289 39
1657485946636 32.24000930786133 40
1657485946906 34.299495697021484 41
1657485947174 36.4306640625 42
1657485947444 38.763648986816406 43
1657485947708 40.45381546020508 44
1657485947972 41.74493408203125 45
1657485948239 39.102535247802734 46
1657485948512 40.87126541137695 47
1657485948785 42.890777587890625 48
1657485949050 42.975303649902344 49
1657485949324 42.57838439941406 50
1657485949591 40.63407516479492 51
1657485949858 38.672760009765625 52
1657485950123 37.015464782714844 53
1657485950394 35.5172119140625 54
1657485950664 34.39934539794922 55
1657485950937 33.601104736328125 56
1657485951207 32.73768997192383 57
1657485951473 31.251876831054688 58
1657485951739 30.25229263305664 59
1657485952011 29.377864837646484 60
1657485952283 28.2967586517334 61
1657485952548 27.879512786865234 62
1657485952808 27.79479217529297 63
1657485953078 27.616382598876953 64
1657485953343 27.960628509521484 65
1657485953608 27.425825119018555 66
1657485953873 27.437753677368164 67
1657485954143 27.084938049316406 68
