1657485935515 4.945489883422852 0
1657485935953 4.36834192276001 1
1657485936380 5.44589376449585 2
1657485936654 6.046845436096191 3
1657485936922 7.042330741882324 4
1657485937195 8.521045684814453 5
1657485937464 11.813983917236328 6
1657485937738 15.715008735656738 7
1657485938009 18.383920669555664 8
1657485938276 17.819047927856445 9
1657485938546 17.343238830566406 10
1657485938814 18.54051399230957 11
1657485939088 20.08378028869629 12
1657485939360 23.774608612060547 13
1657485939631 25.687801361083984 14
1657485939897 26.115373611450195 15
1657485940162 24.34914779663086 16
1657485940433 22.52627944946289 17
1657485940700 20.393157958984375 18
1657485940968 18.99922752380371 19
1657485941234 17.617355346679688 20
1657485941505 16.961666107177734 21
1657485941773 15.167122840881348 22
1657485942049 13.462093353271484 23
1657485942319 10.275927543640137 24
1657485942591 6.935090065002441 25
1657485942861 2.859462261199951 26
1657485943130 -1.8061254024505615 27
1657485943396 -4.095189094543457 28
1657485943667 -3.4893665313720703 29
1657485943936 0.4486122131347656 30
1657485944223 5.4472222328186035 31
1657485944493 9.999805450439453 32
1657485944778 13.442506790161133 33
1657485945042 16.615846633911133 34
1657485945308 19.339876174926758 35
1657485945571 21.429698944091797 36
1657485945830 22.795188903808594 37
1657485946099 25.260330200195312 38
1657485946368 29.06094741821289 39
1657485946639 32.24000930786133 40
1657485946910 34.299495697021484 41
1657485947177 36.4306640625 42
1657485947447 38.763648986816406 43
1657485947711 40.45381546020508 44
1657485947975 41.74493408203125 45
1657485948243 39.102535247802734 46
1657485948516 40.87126541137695 47
1657485948788 42.890777587890625 48
1657485949054 42.975303649902344 49
1657485949327 42.57838439941406 50
1657485949594 40.63407516479492 51
1657485949861 38.672760009765625 52
1657485950126 37.015464782714844 53
1657485950397 35.5172119140625 54
1657485950667 34.39934539794922 55
1657485950940 33.601104736328125 56
1657485951210 32.73768997192383 57
1657485951476 31.251876831054688 58
1657485951742 30.25229263305664 59
1657485952014 29.377864837646484 60
1657485952286 28.2967586517334 61
1657485952551 27.879512786865234 62
1657485952811 27.79479217529297 63
1657485953081 27.616382598876953 64
1657485953346 27.960628509521484 65
1657485953611 27.425825119018555 66
1657485953877 27.437753677368164 67
1657485954146 27.084938049316406 68
