1657485935508 0.10959871113300323 0
1657485935943 0.0964990109205246 1
1657485936374 0.16029618680477142 2
1657485936647 0.22812731564044952 3
1657485936916 0.36168885231018066 4
1657485937188 0.648561418056488 5
1657485937458 0.9690168499946594 6
1657485937732 0.9993173480033875 7
1657485938002 0.9999642372131348 8
1657485938269 0.9999655485153198 9
1657485938540 0.9999444484710693 10
1657485938807 0.9999822378158569 11
1657485939082 0.9999955892562866 12
1657485939353 0.9999998807907104 13
1657485939625 1.0 14
1657485939891 1.0 15
1657485940155 1.0 16
1657485940427 0.9999982118606567 17
1657485940694 0.9999799728393555 18
1657485940962 0.9999041557312012 19
1657485941228 0.9995508790016174 20
1657485941499 0.998773992061615 21
1657485941767 0.9937540888786316 22
1657485942043 0.9695500731468201 23
1657485942313 0.6056727766990662 24
1657485942584 0.21850238740444183 25
1657485942855 0.236648827791214 26
1657485943123 0.28685590624809265 27
1657485943390 0.39521992206573486 28
1657485943661 0.4861600697040558 29
1657485943929 0.585800051689148 30
1657485944217 0.7242255210876465 31
1657485944487 0.6781361103057861 32
1657485944772 0.9147009253501892 33
1657485945035 0.999190628528595 34
1657485945302 0.9999752044677734 35
1657485945564 0.9999971389770508 36
1657485945824 0.9999996423721313 37
1657485946093 1.0 38
1657485946361 1.0 39
1657485946633 1.0 40
1657485946903 1.0 41
1657485947171 1.0 42
1657485947441 1.0 43
1657485947705 1.0 44
1657485947968 1.0 45
1657485948236 1.0 46
1657485948509 1.0 47
1657485948782 1.0 48
1657485949047 1.0 49
1657485949320 1.0 50
1657485949588 1.0 51
1657485949854 1.0 52
1657485950119 1.0 53
1657485950390 1.0 54
1657485950661 1.0 55
1657485950933 1.0 56
1657485951204 1.0 57
1657485951470 1.0 58
1657485951736 1.0 59
1657485952008 1.0 60
1657485952280 1.0 61
1657485952545 1.0 62
1657485952804 1.0 63
1657485953075 1.0 64
1657485953340 1.0 65
1657485953605 1.0 66
1657485953870 1.0 67
1657485954140 1.0 68
