1657511451227 0.06518902629613876 0
1657511451506 0.04363790526986122 1
1657511451772 0.10423801094293594 2
1657511452193 0.15116192400455475 3
1657511452670 0.24764640629291534 4
1657511452968 0.4771387577056885 5
1657511453232 0.900777280330658 6
1657511453491 0.9991844296455383 7
1657511453749 0.9999992847442627 8
1657511454006 1.0 9
1657511454265 1.0 10
1657511454519 1.0 11
1657511454774 1.0 12
1657511455029 1.0 13
1657511455288 1.0 14
1657511455547 1.0 15
1657511455810 1.0 16
1657511456071 1.0 17
1657511456327 1.0 18
1657511456591 1.0 19
1657511456863 1.0 20
1657511457160 1.0 21
1657511457455 1.0 22
1657511457716 1.0 23
1657511457985 1.0 24
1657511458351 1.0 25
1657511458738 1.0 26
1657511459047 1.0 27
1657511459310 1.0 28
1657511459592 1.0 29
1657511459892 1.0 30
1657511460163 1.0 31
1657511460451 1.0 32
1657511460735 1.0 33
1657511461007 1.0 34
1657511461266 1.0 35
1657511461571 1.0 36
1657511461845 1.0 37
1657511462133 1.0 38
1657511462394 1.0 39
1657511462653 1.0 40
1657511462936 1.0 41
1657511463203 1.0 42
1657511463456 1.0 43
1657511463705 1.0 44
1657511463960 1.0 45
1657511464225 1.0 46
1657511464485 1.0 47
1657511464743 1.0 48
1657511465000 1.0 49
1657511465254 1.0 50
1657511465530 1.0 51
1657511465789 1.0 52
1657511466049 1.0 53
1657511466319 1.0 54
1657511466580 1.0 55
1657511466837 1.0 56
1657511467109 1.0 57
1657511467366 1.0 58
1657511467668 1.0 59
1657511467931 1.0 60
1657511468273 1.0 61
1657511468547 1.0 62
1657511468843 1.0 63
1657511469120 1.0 64
1657511469378 1.0 65
1657511469635 1.0 66
1657511469906 1.0 67
1657511470162 1.0 68
