1657511451229 0.0 0
1657511451507 0.019155824556946754 1
1657511451773 0.06466624140739441 2
1657511452194 0.2822139263153076 3
1657511452671 0.8708102107048035 4
1657511452971 2.2034027576446533 5
1657511453233 4.956361293792725 6
1657511453493 10.479268074035645 7
1657511453750 17.447830200195312 8
1657511454007 24.219141006469727 9
1657511454266 28.919921875 10
1657511454520 33.04340362548828 11
1657511454776 38.126564025878906 12
1657511455031 45.623252868652344 13
1657511455289 57.29087829589844 14
1657511455548 71.79449462890625 15
1657511455811 88.98031616210938 16
1657511456072 106.75820922851562 17
1657511456328 125.61481475830078 18
1657511456593 146.88272094726562 19
1657511456864 173.1331024169922 20
1657511457161 206.1142120361328 21
1657511457456 248.03457641601562 22
1657511457718 295.6995544433594 23
1657511457986 349.64794921875 24
1657511458353 410.6642761230469 25
1657511458739 482.0335388183594 26
1657511459048 560.3091430664062 27
1657511459312 650.4923706054688 28
1657511459594 757.1966552734375 29
1657511459893 876.635498046875 30
1657511460166 1016.779296875 31
1657511460452 1183.0540771484375 32
1657511460736 1386.1656494140625 33
1657511461008 1637.2342529296875 34
1657511461268 1935.5269775390625 35
1657511461573 2307.933837890625 36
1657511461847 2756.123779296875 37
1657511462134 3258.340087890625 38
1657511462395 3852.099365234375 39
1657511462654 4659.74072265625 40
1657511462938 5674.3779296875 41
1657511463205 6911.84326171875 42
1657511463457 8423.1591796875 43
1657511463707 10193.3515625 44
1657511463961 12167.3955078125 45
1657511464226 14483.056640625 46
1657511464487 16597.310546875 47
1657511464744 19021.494140625 48
1657511465001 21859.611328125 49
1657511465255 25114.2421875 50
1657511465531 29070.42578125 51
1657511465790 33912.94921875 52
1657511466051 39807.20703125 53
1657511466320 47115.4609375 54
1657511466581 55789.51171875 55
1657511466838 66363.875 56
1657511467111 79189.1875 57
1657511467368 95723.0625 58
1657511467670 114912.796875 59
1657511467933 138402.21875 60
1657511468274 167481.8125 61
1657511468548 204312.8125 62
1657511468845 248142.09375 63
1657511469122 298194.75 64
1657511469379 360137.0 65
1657511469636 436671.6875 66
1657511469907 525961.25 67
1657511470163 626030.6875 68
