1657511451239 0.008347135968506336 0
1657511451517 0.007893423549830914 1
1657511451783 0.008787738159298897 2
1657511452207 0.009098580107092857 3
1657511452682 0.00927785411477089 4
1657511452981 0.008876610547304153 5
1657511453243 0.009094695560634136 6
1657511453503 0.009326694533228874 7
1657511453761 0.009947038255631924 8
1657511454018 0.008824652060866356 9
1657511454276 0.008912353776395321 10
1657511454531 0.00902050081640482 11
1657511454786 0.009002672508358955 12
1657511455041 0.00995950773358345 13
1657511455299 0.009929029271006584 14
1657511455558 0.010582221671938896 15
1657511455821 0.010586806572973728 16
1657511456083 0.010843704454600811 17
1657511456339 0.010978770442306995 18
1657511456603 0.01121490728110075 19
1657511456875 0.011306490749120712 20
1657511457172 0.011766195297241211 21
1657511457466 0.011341442354023457 22
1657511457728 0.01113787479698658 23
1657511457996 0.01093050092458725 24
1657511458364 0.010930866003036499 25
1657511458749 0.010084045119583607 26
1657511459058 0.009735407307744026 27
1657511459322 0.009709921665489674 28
1657511459605 0.009249841794371605 29
1657511459903 0.009325218386948109 30
1657511460175 0.00955083779990673 31
1657511460462 0.010066494345664978 32
1657511460747 0.010688490234315395 33
1657511461017 0.01084520760923624 34
1657511461277 0.011527628637850285 35
1657511461584 0.011783075518906116 36
1657511461857 0.011200148612260818 37
1657511462144 0.011243871413171291 38
1657511462405 0.0129828667268157 39
1657511462664 0.013752185739576817 40
1657511462948 0.014040753245353699 41
1657511463214 0.014285153709352016 42
1657511463467 0.013894905336201191 43
1657511463717 0.012860278598964214 44
1657511463973 0.012553960084915161 45
1657511464236 0.009561114013195038 46
1657511464496 0.009246548637747765 47
1657511464754 0.009205285459756851 48
1657511465010 0.009024922735989094 49
1657511465265 0.009417545981705189 50
1657511465541 0.009909840300679207 51
1657511465800 0.010362524539232254 52
1657511466061 0.01101695280522108 53
1657511466330 0.011174206621944904 54
1657511466591 0.01160972286015749 55
1657511466849 0.011962804943323135 56
1657511467120 0.013060097582638264 57
1657511467377 0.012764799408614635 58
1657511467679 0.013123273849487305 59
1657511467943 0.013606846332550049 60
1657511468285 0.014386081136763096 61
1657511468558 0.01422598771750927 62
1657511468857 0.01346878707408905 63
1657511469132 0.013831970281898975 64
1657511469389 0.014174489304423332 65
1657511469646 0.013695623725652695 66
1657511469917 0.012720019556581974 67
1657511470173 0.012455414049327374 68
