1657511451240 0.0 0
1657511451519 2.1748383045196533 1
1657511451785 5.535325527191162 2
1657511452209 9.80811882019043 3
1657511452684 13.694801330566406 4
1657511452982 16.3590030670166 5
1657511453244 17.704086303710938 6
1657511453504 19.683170318603516 7
1657511453762 24.25873374938965 8
1657511454019 31.368534088134766 9
1657511454277 38.8687744140625 10
1657511454532 47.92759704589844 11
1657511454787 58.90341567993164 12
1657511455042 71.26844787597656 13
1657511455300 86.65644073486328 14
1657511455559 104.0964584350586 15
1657511455822 125.40068817138672 16
1657511456084 149.69985961914062 17
1657511456340 178.34341430664062 18
1657511456604 212.02474975585938 19
1657511456876 252.23316955566406 20
1657511457173 299.6333923339844 21
1657511457467 357.64825439453125 22
1657511457729 423.577880859375 23
1657511457997 500.1564025878906 24
1657511458366 588.9252319335938 25
1657511458751 693.8718872070312 26
1657511459059 808.414794921875 27
1657511459323 938.7069702148438 28
1657511459606 1091.2613525390625 29
1657511459904 1261.3707275390625 30
1657511460176 1461.52880859375 31
1657511460463 1700.3092041015625 32
1657511460749 1993.2867431640625 33
1657511461018 2355.8359375 34
1657511461279 2785.693359375 35
1657511461585 3320.765380859375 36
1657511461858 3963.595703125 37
1657511462145 4683.91259765625 38
1657511462406 5536.61083984375 39
1657511462665 6698.17724609375 40
1657511462949 8158.14404296875 41
1657511463216 9937.416015625 42
1657511463468 12108.4951171875 43
1657511463718 14650.9228515625 44
1657511463974 17487.05078125 45
1657511464237 20815.23046875 46
1657511464498 23853.607421875 47
1657511464755 27337.20703125 48
1657511465011 31415.84375 49
1657511465266 36093.23828125 50
1657511465542 41779.15234375 51
1657511465801 48738.96875 52
1657511466062 57210.1640625 53
1657511466331 67713.15625 54
1657511466592 80178.5234375 55
1657511466850 95374.609375 56
1657511467121 113805.6796875 57
1657511467378 137566.828125 58
1657511467680 165145.0625 59
1657511467944 198902.515625 60
1657511468286 240693.546875 61
1657511468559 293623.84375 62
1657511468858 356611.4375 63
1657511469133 428542.71875 64
1657511469390 517561.65625 65
1657511469647 627551.1875 66
1657511469918 755871.5 67
1657511470174 899682.0625 68
