1657511451241 0.0 0
1657511451520 0.019155824556946754 1
1657511451786 0.07244350016117096 2
1657511452228 0.2822139263153076 3
1657511452685 0.8708102107048035 4
1657511452983 2.2034027576446533 5
1657511453245 4.956361293792725 6
1657511453505 10.479268074035645 7
1657511453763 17.447830200195312 8
1657511454020 24.219141006469727 9
1657511454278 28.919921875 10
1657511454533 33.04340362548828 11
1657511454788 38.126564025878906 12
1657511455043 45.623252868652344 13
1657511455301 57.29087829589844 14
1657511455560 71.79449462890625 15
1657511455823 88.98031616210938 16
1657511456085 106.75820922851562 17
1657511456341 125.61481475830078 18
1657511456605 146.88272094726562 19
1657511456877 173.1331024169922 20
1657511457174 206.1142120361328 21
1657511457468 248.03457641601562 22
1657511457730 295.6995544433594 23
1657511457998 349.64794921875 24
1657511458367 410.6642761230469 25
1657511458752 482.0335388183594 26
1657511459060 560.3091430664062 27
1657511459324 650.4923706054688 28
1657511459607 757.1966552734375 29
1657511459905 876.635498046875 30
1657511460177 1016.779296875 31
1657511460464 1183.0540771484375 32
1657511460750 1386.1656494140625 33
1657511461020 1637.2342529296875 34
1657511461280 1935.5269775390625 35
1657511461587 2307.933837890625 36
1657511461859 2756.123779296875 37
1657511462146 3258.340087890625 38
1657511462407 3852.099365234375 39
1657511462666 4659.74072265625 40
1657511462950 5674.3779296875 41
1657511463217 6911.84326171875 42
1657511463469 8423.1591796875 43
1657511463719 10193.3515625 44
1657511463975 12167.3955078125 45
1657511464238 14483.056640625 46
1657511464499 16597.310546875 47
1657511464756 19021.494140625 48
1657511465012 21859.611328125 49
1657511465267 25114.2421875 50
1657511465543 29070.42578125 51
1657511465802 33912.94921875 52
1657511466063 39807.20703125 53
1657511466332 47115.4609375 54
1657511466593 55789.51171875 55
1657511466851 66363.875 56
1657511467123 79189.1875 57
1657511467379 95723.0625 58
1657511467682 114912.796875 59
1657511467945 138402.21875 60
1657511468287 167481.8125 61
1657511468560 204312.8125 62
1657511468859 248142.09375 63
1657511469134 298194.75 64
1657511469391 360137.0 65
1657511469648 436671.6875 66
1657511469919 525961.25 67
1657511470175 626030.6875 68
