1657511451238 0.5826432108879089 0
1657511451516 0.6053287982940674 1
1657511451782 0.5606130957603455 2
1657511452206 0.545071005821228 3
1657511452681 0.5361073017120361 4
1657511452980 0.5561694502830505 5
1657511453242 0.5452651977539062 6
1657511453502 0.5336652398109436 7
1657511453759 0.5026480555534363 8
1657511454016 0.5587673783302307 9
1657511454275 0.55438232421875 10
1657511454529 0.5489749312400818 11
1657511454785 0.5498663783073425 12
1657511455039 0.5020245909690857 13
1657511455298 0.5035485029220581 14
1657511455557 0.4708889126777649 15
1657511455820 0.47065967321395874 16
1657511456082 0.4578147530555725 17
1657511456337 0.4510614573955536 18
1657511456602 0.43925461173057556 19
1657511456874 0.4346754848957062 20
1657511457171 0.41169020533561707 21
1657511457464 0.43292784690856934 22
1657511457727 0.4431062340736389 23
1657511457995 0.4534749388694763 24
1657511458363 0.45345669984817505 25
1657511458748 0.4957977533340454 26
1657511459057 0.5132296085357666 27
1657511459320 0.5145038962364197 28
1657511459604 0.5375078916549683 29
1657511459902 0.5337390899658203 30
1657511460174 0.5224580764770508 31
1657511460461 0.4966752231121063 32
1657511460746 0.4655754864215851 33
1657511461016 0.45773962140083313 34
1657511461276 0.4236185550689697 35
1657511461583 0.4108462631702423 36
1657511461856 0.4399925172328949 37
1657511462143 0.4378064274787903 38
1657511462404 0.3508566617965698 39
1657511462663 0.31239065527915955 40
1657511462946 0.2979622781276703 41
1657511463213 0.28574228286743164 42
1657511463466 0.305254727602005 43
1657511463716 0.35698607563972473 44
1657511463972 0.37230199575424194 45
1657511464235 0.5219442844390869 46
1657511464495 0.5376725792884827 47
1657511464753 0.539735734462738 48
1657511465009 0.5487538576126099 49
1657511465263 0.5291227102279663 50
1657511465540 0.5045079588890076 51
1657511465799 0.4818737804889679 52
1657511466060 0.4491523504257202 53
1657511466329 0.44128966331481934 54
1657511466590 0.4195137917995453 55
1657511466848 0.40185976028442383 56
1657511467119 0.34699511528015137 57
1657511467376 0.3617600202560425 58
1657511467678 0.34383633732795715 59
1657511467941 0.31965771317481995 60
1657511468284 0.28069591522216797 61
1657511468556 0.28870058059692383 62
1657511468856 0.3265605866909027 63
1657511469131 0.3084014356136322 64
1657511469388 0.2912755012512207 65
1657511469645 0.3152187764644623 66
1657511469916 0.36399900913238525 67
1657511470172 0.3772292733192444 68
