1657511451235 4.945489883422852 0
1657511451513 4.628969192504883 1
1657511451779 5.338456153869629 2
1657511452201 5.5791425704956055 3
1657511452678 5.72028923034668 4
1657511452976 5.501220703125 5
1657511453239 5.588585376739502 6
1657511453498 5.699963092803955 7
1657511453756 6.265076637268066 8
1657511454013 5.491558074951172 9
1657511454272 5.3373918533325195 10
1657511454526 5.55694580078125 11
1657511454782 5.008918762207031 12
1657511455036 6.334540843963623 13
1657511455295 6.604435443878174 14
1657511455553 6.907073020935059 15
1657511455817 6.73732852935791 16
1657511456078 6.9368486404418945 17
1657511456334 7.32749080657959 18
1657511456598 7.760468006134033 19
1657511456870 7.842499732971191 20
1657511457167 8.176217079162598 21
1657511457461 7.881974697113037 22
1657511457723 7.963989734649658 23
1657511457992 7.647932052612305 24
1657511458359 7.726744651794434 25
1657511458745 6.778115272521973 26
1657511459054 6.464194297790527 27
1657511459317 6.290230751037598 28
1657511459600 5.796422004699707 29
1657511459898 5.333103656768799 30
1657511460171 5.730841636657715 31
1657511460458 5.924683094024658 32
1657511460742 6.458364963531494 33
1657511461013 6.44963264465332 34
1657511461273 7.073030948638916 35
1657511461579 7.135159015655518 36
1657511461852 6.651759147644043 37
1657511462140 6.69996452331543 38
1657511462401 7.9430317878723145 39
1657511462660 8.48668098449707 40
1657511462943 8.676446914672852 41
1657511463210 8.910076141357422 42
1657511463462 8.790947914123535 43
1657511463712 8.23830795288086 44
1657511463968 8.140825271606445 45
1657511464232 6.079981803894043 46
1657511464492 5.528508186340332 47
1657511464750 5.488808631896973 48
1657511465006 5.011496067047119 49
1657511465260 5.514077186584473 50
1657511465537 6.038118362426758 51
1657511465796 6.1143269538879395 52
1657511466056 6.663490295410156 53
1657511466326 6.964791774749756 54
1657511466587 7.272259712219238 55
1657511466844 7.607668876647949 56
1657511467116 8.318090438842773 57
1657511467373 8.098931312561035 58
1657511467675 8.230548858642578 59
1657511467938 8.574712753295898 60
1657511468280 8.98975944519043 61
1657511468553 8.959135055541992 62
1657511468852 8.531354904174805 63
1657511469127 8.752145767211914 64
1657511469385 9.103862762451172 65
1657511469641 8.81035327911377 66
1657511469913 8.15323543548584 67
1657511470169 8.0891752243042 68
