1657511451237 0.06518902629613876 0
1657511451515 0.04363790526986122 1
1657511451781 0.10423801094293594 2
1657511452205 0.15116192400455475 3
1657511452680 0.24764640629291534 4
1657511452979 0.4771387577056885 5
1657511453241 0.900777280330658 6
1657511453500 0.9991844296455383 7
1657511453758 0.9999992847442627 8
1657511454015 1.0 9
1657511454274 1.0 10
1657511454528 1.0 11
1657511454784 1.0 12
1657511455038 1.0 13
1657511455297 1.0 14
1657511455556 1.0 15
1657511455819 1.0 16
1657511456081 1.0 17
1657511456336 1.0 18
1657511456601 1.0 19
1657511456873 1.0 20
1657511457169 1.0 21
1657511457463 1.0 22
1657511457725 1.0 23
1657511457994 1.0 24
1657511458362 1.0 25
1657511458747 1.0 26
1657511459056 1.0 27
1657511459319 1.0 28
1657511459602 1.0 29
1657511459901 1.0 30
1657511460173 1.0 31
1657511460460 1.0 32
1657511460745 1.0 33
1657511461015 1.0 34
1657511461275 1.0 35
1657511461581 1.0 36
1657511461855 1.0 37
1657511462142 1.0 38
1657511462403 1.0 39
1657511462662 1.0 40
1657511462945 1.0 41
1657511463212 1.0 42
1657511463465 1.0 43
1657511463714 1.0 44
1657511463970 1.0 45
1657511464234 1.0 46
1657511464494 1.0 47
1657511464752 1.0 48
1657511465008 1.0 49
1657511465262 1.0 50
1657511465539 1.0 51
1657511465798 1.0 52
1657511466059 1.0 53
1657511466328 1.0 54
1657511466589 1.0 55
1657511466846 1.0 56
1657511467118 1.0 57
1657511467375 1.0 58
1657511467677 1.0 59
1657511467940 1.0 60
1657511468283 1.0 61
1657511468555 1.0 62
1657511468855 1.0 63
1657511469130 1.0 64
1657511469387 1.0 65
1657511469644 1.0 66
1657511469915 1.0 67
1657511470171 1.0 68
