1657511451230 0.10959871113300323 0
1657511451508 0.09490490704774857 1
1657511451774 0.1519765704870224 2
1657511452197 0.2034306526184082 3
1657511452673 0.295005202293396 4
1657511452972 0.5032905340194702 5
1657511453234 0.9022197723388672 6
1657511453494 0.9991846084594727 7
1657511453751 0.9999992847442627 8
1657511454008 1.0 9
1657511454267 1.0 10
1657511454521 1.0 11
1657511454777 1.0 12
1657511455032 1.0 13
1657511455290 1.0 14
1657511455549 1.0 15
1657511455812 1.0 16
1657511456073 1.0 17
1657511456329 1.0 18
1657511456594 1.0 19
1657511456866 1.0 20
1657511457162 1.0 21
1657511457457 1.0 22
1657511457719 1.0 23
1657511457987 1.0 24
1657511458354 1.0 25
1657511458740 1.0 26
1657511459049 1.0 27
1657511459313 1.0 28
1657511459595 1.0 29
1657511459894 1.0 30
1657511460167 1.0 31
1657511460453 1.0 32
1657511460737 1.0 33
1657511461009 1.0 34
1657511461269 1.0 35
1657511461574 1.0 36
1657511461848 1.0 37
1657511462136 1.0 38
1657511462396 1.0 39
1657511462655 1.0 40
1657511462939 1.0 41
1657511463206 1.0 42
1657511463458 1.0 43
1657511463708 1.0 44
1657511463963 1.0 45
1657511464228 1.0 46
1657511464488 1.0 47
1657511464745 1.0 48
1657511465002 1.0 49
1657511465256 1.0 50
1657511465532 1.0 51
1657511465791 1.0 52
1657511466052 1.0 53
1657511466322 1.0 54
1657511466582 1.0 55
1657511466839 1.0 56
1657511467112 1.0 57
1657511467369 1.0 58
1657511467671 1.0 59
1657511467934 1.0 60
1657511468275 1.0 61
1657511468549 1.0 62
1657511468846 1.0 63
1657511469123 1.0 64
1657511469380 1.0 65
1657511469637 1.0 66
1657511469909 1.0 67
1657511470165 1.0 68
