1657511451233 32.840763092041016 0
1657511451511 30.768739700317383 1
1657511451777 33.827728271484375 2
1657511452199 36.74412155151367 3
1657511452675 40.24278259277344 4
1657511452974 42.018714904785156 5
1657511453237 44.23952102661133 6
1657511453496 46.76475143432617 7
1657511453753 51.11137390136719 8
1657511454011 54.600425720214844 9
1657511454269 61.35419845581055 10
1657511454524 69.80291748046875 11
1657511454780 79.21234893798828 12
1657511455034 96.94952392578125 13
1657511455293 108.71575164794922 14
1657511455551 126.86891174316406 15
1657511455814 144.6910400390625 16
1657511456076 167.82052612304688 17
1657511456331 195.37478637695312 18
1657511456596 226.8809051513672 19
1657511456868 264.7268981933594 20
1657511457165 310.7711181640625 21
1657511457459 366.4136657714844 22
1657511457721 432.642578125 23
1657511457989 507.62750244140625 24
1657511458357 595.943603515625 25
1657511458743 699.784912109375 26
1657511459052 813.9214477539062 27
1657511459315 943.8834228515625 28
1657511459597 1095.8909912109375 29
1657511459896 1266.052734375 30
1657511460169 1466.13134765625 31
1657511460456 1705.17138671875 32
1657511460740 1998.2801513671875 33
1657511461011 2360.825439453125 34
1657511461271 2790.686767578125 35
1657511461577 3325.7626953125 36
1657511461850 3968.1796875 37
1657511462138 4688.560546875 38
1657511462398 5541.84716796875 39
1657511462658 6703.6455078125 40
1657511462941 8163.13818359375 41
1657511463208 9942.16796875 42
1657511463460 12113.447265625 43
1657511463710 14655.81640625 44
1657511463966 17491.724609375 45
1657511464230 20817.0859375 46
1657511464490 23855.576171875 47
1657511464747 27339.79296875 48
1657511465004 31418.40625 49
1657511465258 36096.42578125 50
1657511465534 41782.57421875 51
1657511465794 48742.765625 52
1657511466054 57214.24609375 53
1657511466324 67717.1328125 54
1657511466585 80182.34375 55
1657511466842 95378.3828125 56
1657511467114 113809.4609375 57
1657511467371 137570.25 58
1657511467673 165148.59375 59
1657511467936 198906.234375 60
1657511468278 240697.09375 61
1657511468551 293627.4375 62
1657511468849 356615.125 63
1657511469125 428546.53125 64
1657511469383 517565.28125 65
1657511469639 627554.875 66
1657511469911 755874.6875 67
1657511470167 899686.0625 68
