1657511451234 4.945489883422852 0
1657511451512 4.645230770111084 1
1657511451778 5.403122425079346 2
1657511452200 5.861356735229492 3
1657511452676 6.591099262237549 4
1657511452975 7.704623222351074 5
1657511453238 10.544946670532227 6
1657511453497 16.069124221801758 7
1657511453754 23.119569778442383 8
1657511454012 28.551237106323242 9
1657511454271 32.64562225341797 10
1657511454525 36.81299591064453 11
1657511454781 40.57512283325195 12
1657511455035 47.97315216064453 13
1657511455294 58.84634780883789 14
1657511455552 72.90959167480469 15
1657511455816 89.32836151123047 16
1657511456077 107.33621215820312 17
1657511456333 126.12910461425781 18
1657511456597 147.54441833496094 19
1657511456869 173.4778289794922 20
1657511457166 206.90476989746094 21
1657511457460 248.63194274902344 22
1657511457722 297.0674133300781 23
1657511457990 350.9823913574219 24
1657511458358 412.8366394042969 25
1657511458744 485.3350830078125 26
1657511459053 563.9381103515625 27
1657511459316 654.55810546875 28
1657511459599 761.4091796875 29
1657511459897 881.4727172851562 30
1657511460170 1022.0145263671875 31
1657511460457 1188.807861328125 32
1657511460741 1392.2769775390625 33
1657511461012 1643.5230712890625 34
1657511461272 1941.9110107421875 35
1657511461578 2314.410888671875 36
1657511461851 2762.141845703125 37
1657511462139 3264.5009765625 38
1657511462400 3859.081298828125 39
1657511462659 4667.07568359375 40
1657511462942 5681.111328125 41
1657511463209 6918.279296875 42
1657511463461 8429.896484375 43
1657511463711 10200.029296875 44
1657511463967 12173.791015625 45
1657511464231 14485.505859375 46
1657511464491 16599.9453125 47
1657511464749 19025.00390625 48
1657511465005 21863.115234375 49
1657511465259 25118.62109375 50
1657511465536 29075.13671875 51
1657511465795 33918.1875 52
1657511466055 39812.84765625 53
1657511466325 47120.96875 54
1657511466586 55794.80078125 55
1657511466843 66369.1015625 56
1657511467115 79194.421875 57
1657511467372 95727.796875 58
1657511467674 114917.71875 59
1657511467937 138407.375 60
1657511468279 167486.734375 61
1657511468552 204317.8125 62
1657511468851 248147.265625 63
1657511469126 298199.84375 64
1657511469384 360142.4375 65
1657511469640 436676.625 66
1657511469912 525966.25 67
1657511470168 626035.4375 68
