1657511451231 0.06518902629613876 0
1657511451509 0.05799756199121475 1
1657511451776 0.10423801094293594 2
1657511452198 0.15116192400455475 3
1657511452674 0.24764640629291534 4
1657511452973 0.4771387577056885 5
1657511453235 0.900777280330658 6
1657511453495 0.9991844296455383 7
1657511453752 0.9999992847442627 8
1657511454010 1.0 9
1657511454268 1.0 10
1657511454522 1.0 11
1657511454779 1.0 12
1657511455033 1.0 13
1657511455292 1.0 14
1657511455550 1.0 15
1657511455813 1.0 16
1657511456075 1.0 17
1657511456330 1.0 18
1657511456595 1.0 19
1657511456867 1.0 20
1657511457163 1.0 21
1657511457458 1.0 22
1657511457720 1.0 23
1657511457988 1.0 24
1657511458355 1.0 25
1657511458742 1.0 26
1657511459051 1.0 27
1657511459314 1.0 28
1657511459596 1.0 29
1657511459895 1.0 30
1657511460168 1.0 31
1657511460454 1.0 32
1657511460739 1.0 33
1657511461010 1.0 34
1657511461270 1.0 35
1657511461575 1.0 36
1657511461849 1.0 37
1657511462137 1.0 38
1657511462397 1.0 39
1657511462657 1.0 40
1657511462940 1.0 41
1657511463207 1.0 42
1657511463459 1.0 43
1657511463709 1.0 44
1657511463964 1.0 45
1657511464229 1.0 46
1657511464489 1.0 47
1657511464746 1.0 48
1657511465003 1.0 49
1657511465257 1.0 50
1657511465533 1.0 51
1657511465793 1.0 52
1657511466053 1.0 53
1657511466323 1.0 54
1657511466584 1.0 55
1657511466841 1.0 56
1657511467113 1.0 57
1657511467370 1.0 58
1657511467672 1.0 59
1657511467935 1.0 60
1657511468277 1.0 61
1657511468550 1.0 62
1657511468848 1.0 63
1657511469124 1.0 64
1657511469382 1.0 65
1657511469638 1.0 66
1657511469910 1.0 67
1657511470166 1.0 68
