1657486506476 0.0 0
1657486506891 0.026742130517959595 1
1657486507309 0.11941644549369812 2
1657486507597 0.598484218120575 3
1657486507874 2.2498323917388916 4
1657486508151 8.442549705505371 5
1657486508429 28.02466583251953 6
1657486508704 65.19441986083984 7
1657486508978 127.36609649658203 8
1657486509257 224.81336975097656 9
1657486509533 405.14080810546875 10
1657486509809 713.5564575195312 11
1657486510088 1248.7840576171875 12
1657486510368 2192.98974609375 13
1657486510643 3713.551513671875 14
1657486510922 6353.14892578125 15
1657486511202 10601.0478515625 16
1657486511476 17799.271484375 17
1657486511758 29612.416015625 18
1657486512039 49118.16796875 19
1657486512318 80798.6953125 20
1657486512588 132754.921875 21
1657486512865 213988.0625 22
1657486513137 353495.28125 23
1657486513417 587892.5 24
1657486513693 984011.5 25
1657486513972 1642153.25 26
1657486514246 2840196.25 27
1657486514526 4941775.0 28
1657486514799 8556736.0 29
1657486515076 15064930.0 30
1657486515347 26316994.0 31
1657486515618 45524864.0 32
1657486515893 77244544.0 33
1657486516171 128316784.0 34
1657486516444 213215088.0 35
1657486516715 344987904.0 36
1657486516987 555825728.0 37
1657486517252 924370048.0 38
1657486517528 1527996928.0 39
1657486517803 2325790720.0 40
1657486518074 3456256256.0 41
1657486518344 5122878976.0 42
1657486518617 7550907392.0 43
1657486518885 11443562496.0 44
1657486519153 18302369792.0 45
1657486519424 29346596864.0 46
1657486519695 53636476928.0 47
1657486519971 95651995648.0 48
1657486520244 168512143360.0 49
1657486520517 297695248384.0 50
1657486520790 516286709760.0 51
1657486521065 879952265216.0 52
1657486521341 1479220133888.0 53
1657486521611 2431087017984.0 54
1657486521885 3998021058560.0 55
1657486522165 6472520957952.0 56
1657486522437 10364231090176.0 57
1657486522713 15819801100288.0 58
1657486522983 24807619952640.0 59
1657486523257 38262236250112.0 60
1657486523533 57788248096768.0 61
1657486523813 84185502973952.0 62
1657486524087 125050967556096.0 63
1657486524360 194259726630912.0 64
1657486524633 293584771219456.0 65
1657486524897 435823048654848.0 66
1657486525172 667232698892288.0 67
1657486525443 1071919214362624.0 68
