1657486506474 0.06518902629613876 0
1657486506890 0.044625163078308105 1
1657486507307 0.11411262303590775 2
1657486507596 0.20194889605045319 3
1657486507872 0.5079593658447266 4
1657486508150 0.9857762455940247 5
1657486508427 1.0 6
1657486508703 1.0 7
1657486508976 1.0 8
1657486509255 1.0 9
1657486509532 1.0 10
1657486509808 1.0 11
1657486510087 1.0 12
1657486510366 1.0 13
1657486510642 1.0 14
1657486510921 1.0 15
1657486511201 1.0 16
1657486511475 1.0 17
1657486511757 1.0 18
1657486512038 1.0 19
1657486512317 1.0 20
1657486512586 1.0 21
1657486512864 1.0 22
1657486513136 1.0 23
1657486513415 1.0 24
1657486513692 1.0 25
1657486513970 1.0 26
1657486514245 1.0 27
1657486514525 1.0 28
1657486514798 1.0 29
1657486515074 1.0 30
1657486515345 1.0 31
1657486515617 1.0 32
1657486515892 1.0 33
1657486516170 1.0 34
1657486516443 1.0 35
1657486516713 1.0 36
1657486516985 1.0 37
1657486517251 1.0 38
1657486517527 1.0 39
1657486517801 1.0 40
1657486518073 1.0 41
1657486518343 1.0 42
1657486518616 1.0 43
1657486518884 1.0 44
1657486519151 1.0 45
1657486519423 1.0 46
1657486519694 1.0 47
1657486519969 1.0 48
1657486520242 1.0 49
1657486520516 1.0 50
1657486520789 1.0 51
1657486521063 1.0 52
1657486521340 1.0 53
1657486521610 1.0 54
1657486521884 1.0 55
1657486522163 1.0 56
1657486522436 1.0 57
1657486522711 1.0 58
1657486522982 1.0 59
1657486523256 1.0 60
1657486523532 1.0 61
1657486523811 1.0 62
1657486524086 1.0 63
1657486524359 1.0 64
1657486524632 1.0 65
1657486524896 1.0 66
1657486525170 1.0 67
1657486525442 1.0 68
