1657486506486 0.011652863584458828 0
1657486506903 0.01210657600313425 1
1657486507323 0.011212261393666267 2
1657486507607 0.010901419445872307 3
1657486507883 0.010722145438194275 4
1657486508161 0.01112338900566101 5
1657486508439 0.010905303992331028 6
1657486508714 0.01067330501973629 7
1657486508987 0.01005296129733324 8
1657486509266 0.011175347492098808 9
1657486509542 0.011087645776569843 10
1657486509819 0.010979498736560345 11
1657486510098 0.010997327044606209 12
1657486510377 0.010040491819381714 13
1657486510653 0.01007097028195858 14
1657486510932 0.009417777881026268 15
1657486511212 0.009413192979991436 16
1657486511486 0.009156295098364353 17
1657486511767 0.009021229110658169 18
1657486512049 0.008785092271864414 19
1657486512328 0.008693509735167027 20
1657486512597 0.008233804255723953 21
1657486512875 0.008658557198941708 22
1657486513147 0.008862124755978584 23
1657486513426 0.009069498628377914 24
1657486513703 0.009069133549928665 25
1657486513981 0.009915954433381557 26
1657486514256 0.010264592245221138 27
1657486514536 0.01029007788747549 28
1657486514808 0.01075015775859356 29
1657486515086 0.010674781166017056 30
1657486515356 0.010449161753058434 31
1657486515628 0.009933504275977612 32
1657486515903 0.009311509318649769 33
1657486516181 0.009154791943728924 34
1657486516454 0.00847237091511488 35
1657486516724 0.008216924965381622 36
1657486516996 0.008799850009381771 37
1657486517262 0.008756128139793873 38
1657486517538 0.007017133291810751 39
1657486517812 0.006247812882065773 40
1657486518083 0.005959245376288891 41
1657486518354 0.00571484537795186 42
1657486518627 0.006105094216763973 43
1657486518895 0.007139721419662237 44
1657486519162 0.00744603993371129 45
1657486519434 0.010438885539770126 46
1657486519705 0.0107534509152174 47
1657486519980 0.010794714093208313 48
1657486520253 0.01097507681697607 49
1657486520527 0.010582453571259975 50
1657486520800 0.010090159252285957 51
1657486521074 0.00963747501373291 52
1657486521351 0.008983046747744083 53
1657486521621 0.00882579293102026 54
1657486521895 0.0083902757614851 55
1657486522174 0.008037194609642029 56
1657486522447 0.0069399019703269005 57
1657486522722 0.007235200144350529 58
1657486522993 0.006876726634800434 59
1657486523267 0.00639315415173769 60
1657486523543 0.005613917950540781 61
1657486523822 0.005774011369794607 62
1657486524097 0.006531211547553539 63
1657486524370 0.0061680288054049015 64
1657486524643 0.005825509782880545 65
1657486524907 0.006304375361651182 66
1657486525181 0.00727997999638319 67
1657486525453 0.007544585503637791 68
