1657486506488 0.0 0
1657486506907 0.026742130517959595 1
1657486507325 0.13569797575473785 2
1657486507609 0.598484218120575 3
1657486507886 2.2498323917388916 4
1657486508163 8.442549705505371 5
1657486508441 28.02466583251953 6
1657486508716 65.19441986083984 7
1657486508990 127.36609649658203 8
1657486509268 224.81336975097656 9
1657486509545 405.14080810546875 10
1657486509821 713.5564575195312 11
1657486510100 1248.7840576171875 12
1657486510380 2192.98974609375 13
1657486510656 3713.551513671875 14
1657486510934 6353.14892578125 15
1657486511214 10601.0478515625 16
1657486511488 17799.271484375 17
1657486511770 29612.416015625 18
1657486512051 49118.16796875 19
1657486512330 80798.6953125 20
1657486512599 132754.921875 21
1657486512877 213988.0625 22
1657486513149 353495.28125 23
1657486513428 587892.5 24
1657486513705 984011.5 25
1657486513983 1642153.25 26
1657486514258 2840196.25 27
1657486514538 4941775.0 28
1657486514811 8556736.0 29
1657486515088 15064930.0 30
1657486515358 26316994.0 31
1657486515630 45524864.0 32
1657486515905 77244544.0 33
1657486516183 128316784.0 34
1657486516456 213215088.0 35
1657486516726 344987904.0 36
1657486516999 555825728.0 37
1657486517264 924370048.0 38
1657486517540 1527996928.0 39
1657486517815 2325790720.0 40
1657486518086 3456256256.0 41
1657486518356 5122878976.0 42
1657486518629 7550907392.0 43
1657486518897 11443562496.0 44
1657486519165 18302369792.0 45
1657486519436 29346596864.0 46
1657486519707 53636476928.0 47
1657486519983 95651995648.0 48
1657486520255 168512143360.0 49
1657486520529 297695248384.0 50
1657486520802 516286709760.0 51
1657486521077 879952265216.0 52
1657486521353 1479220133888.0 53
1657486521623 2431087017984.0 54
1657486521897 3998021058560.0 55
1657486522176 6472520957952.0 56
1657486522449 10364231090176.0 57
1657486522724 15819801100288.0 58
1657486522995 24807619952640.0 59
1657486523269 38262236250112.0 60
1657486523545 57788248096768.0 61
1657486523824 84185502973952.0 62
1657486524099 125050967556096.0 63
1657486524372 194259726630912.0 64
1657486524645 293584771219456.0 65
1657486524909 435823048654848.0 66
1657486525183 667232698892288.0 67
1657486525455 1071919214362624.0 68
