1657486506487 0.0 0
1657486506905 3.036142349243164 1
1657486507324 8.990824699401855 2
1657486507608 17.032962799072266 3
1657486507885 27.40009117126465 4
1657486508162 41.18411636352539 5
1657486508440 64.86302185058594 6
1657486508715 109.15530395507812 7
1657486508988 188.74313354492188 8
1657486509267 321.2052001953125 9
1657486509544 575.3475341796875 10
1657486509820 1018.0894165039062 11
1657486510099 1790.9066162109375 12
1657486510378 3153.5126953125 13
1657486510654 5343.65869140625 14
1657486510933 9139.947265625 15
1657486511213 15244.6298828125 16
1657486511487 25586.626953125 17
1657486511768 42559.36328125 18
1657486512050 70587.15625 19
1657486512329 116112.703125 20
1657486512598 190778.5625 21
1657486512876 307520.84375 22
1657486513148 508011.5 23
1657486513427 844871.375 24
1657486513704 1414144.75 25
1657486513982 2359975.25 26
1657486514257 4081707.0 27
1657486514537 7101925.5 28
1657486514810 12297053.0 29
1657486515087 21650100.0 30
1657486515357 37820648.0 31
1657486515629 65424636.0 32
1657486515904 111009640.0 33
1657486516182 184406432.0 34
1657486516455 306415296.0 35
1657486516725 495788608.0 36
1657486516997 798787328.0 37
1657486517263 1328428672.0 38
1657486517539 2195915264.0 39
1657486517814 3342440960.0 40
1657486518084 4967055360.0 41
1657486518355 7362190848.0 42
1657486518628 10851557376.0 43
1657486518896 16445763584.0 44
1657486519163 26302715904.0 45
1657486519435 42174550016.0 46
1657486519706 77081976832.0 47
1657486519981 137463463936.0 48
1657486520254 242172084224.0 49
1657486520528 427823366144.0 50
1657486520801 741965561856.0 51
1657486521075 1264596287488.0 52
1657486521352 2125815480320.0 53
1657486521622 3493761646592.0 54
1657486521896 5745630773248.0 55
1657486522175 9301778235392.0 56
1657486522448 14894625718272.0 57
1657486522723 22734922842112.0 58
1657486522994 35651487531008.0 59
1657486523268 54987384160256.0 60
1657486523544 83048636874752.0 61
1657486523823 120984547885056.0 62
1657486524098 179713091829760.0 63
1657486524371 279174585516032.0 64
1657486524644 421916447866880.0 65
1657486524908 626329644957696.0 66
1657486525182 958893324763136.0 67
1657486525454 1540473772572672.0 68
