1657486506481 4.945489883422852 0
1657486506897 4.628969192504883 1
1657486507318 5.338456153869629 2
1657486507603 5.5791425704956055 3
1657486507879 5.72028923034668 4
1657486508156 5.501220703125 5
1657486508435 5.588585376739502 6
1657486508709 5.699963092803955 7
1657486508983 6.265076637268066 8
1657486509262 5.491558074951172 9
1657486509538 5.3373918533325195 10
1657486509815 5.55694580078125 11
1657486510093 5.008918762207031 12
1657486510373 6.334540843963623 13
1657486510649 6.604435443878174 14
1657486510928 6.907073020935059 15
1657486511207 6.73732852935791 16
1657486511482 6.9368486404418945 17
1657486511763 7.32749080657959 18
1657486512044 7.760468006134033 19
1657486512324 7.842499732971191 20
1657486512593 8.176217079162598 21
1657486512870 7.881974697113037 22
1657486513142 7.963989734649658 23
1657486513422 7.647932052612305 24
1657486513698 7.726744651794434 25
1657486513977 6.778115272521973 26
1657486514252 6.464194297790527 27
1657486514532 6.290230751037598 28
1657486514804 5.796422004699707 29
1657486515081 5.333103656768799 30
1657486515352 5.730841636657715 31
1657486515623 5.924683094024658 32
1657486515899 6.458364963531494 33
1657486516176 6.44963264465332 34
1657486516450 7.073030948638916 35
1657486516720 7.135159015655518 36
1657486516992 6.651759147644043 37
1657486517258 6.69996452331543 38
1657486517534 7.9430317878723145 39
1657486517808 8.48668098449707 40
1657486518079 8.676446914672852 41
1657486518349 8.910076141357422 42
1657486518623 8.790947914123535 43
1657486518890 8.23830795288086 44
1657486519158 8.140825271606445 45
1657486519430 6.079981803894043 46
1657486519701 5.528508186340332 47
1657486519976 5.488808631896973 48
1657486520249 5.011496067047119 49
1657486520522 5.514077186584473 50
1657486520795 6.038118362426758 51
1657486521070 6.1143269538879395 52
1657486521347 6.663490295410156 53
1657486521617 6.964791774749756 54
1657486521891 7.272259712219238 55
1657486522170 7.607668876647949 56
1657486522442 8.318090438842773 57
1657486522718 8.098931312561035 58
1657486522989 8.230548858642578 59
1657486523263 8.574712753295898 60
1657486523539 8.98975944519043 61
1657486523818 8.959135055541992 62
1657486524093 8.531354904174805 63
1657486524366 8.752145767211914 64
1657486524638 9.103862762451172 65
1657486524903 8.81035327911377 66
1657486525177 8.15323543548584 67
1657486525449 8.0891752243042 68
