1657486506482 0.06518902629613876 0
1657486506899 0.04121652618050575 1
1657486507319 0.0910198837518692 2
1657486507604 0.10736466944217682 3
1657486507880 0.11555568873882294 4
1657486508158 0.10123251378536224 5
1657486508436 0.10188926011323929 6
1657486508710 0.09435892105102539 7
1657486508984 0.08492255210876465 8
1657486509263 0.026213865727186203 9
1657486509539 0.01218829583376646 10
1657486509816 0.011199425905942917 11
1657486510095 0.00273145642131567 12
1657486510374 0.001148662413470447 13
1657486510650 0.0005791218136437237 14
1657486510929 0.00022485047520603985 15
1657486511208 0.00010465132800163701 16
1657486511483 0.00010713283700169995 17
1657486511764 7.676719542359933e-05 18
1657486512045 7.838008605176583e-05 19
1657486512325 5.354617314878851e-05 20
1657486512594 6.66703563183546e-05 21
1657486512871 7.055231253616512e-05 22
1657486513143 0.00017110648332163692 23
1657486513423 0.00020133249927312136 24
1657486513699 0.0005006029969081283 25
1657486513978 0.003096218453720212 26
1657486514253 0.004830247722566128 27
1657486514533 0.008337246254086494 28
1657486514805 0.013148091733455658 29
1657486515082 0.02588621899485588 30
1657486515353 0.04294699802994728 31
1657486515625 0.059898748993873596 32
1657486515900 0.07137022912502289 33
1657486516178 0.08780523389577866 34
1657486516451 0.07881788909435272 35
1657486516721 0.082606740295887 36
1657486516993 0.07259760051965714 37
1657486517259 0.08432138711214066 38
1657486517535 0.09909941256046295 39
1657486517809 0.09333924949169159 40
1657486518080 0.05253281071782112 41
1657486518350 0.03575977683067322 42
1657486518624 0.04786703735589981 43
1657486518891 0.06249590218067169 44
1657486519159 0.05272795632481575 45
1657486519431 0.0016429717652499676 46
1657486519702 0.002577355597168207 47
1657486519977 0.006903162691742182 48
1657486520250 0.008089443668723106 49
1657486520523 0.017014240846037865 50
1657486520796 0.02082449570298195 51
1657486521071 0.032169733196496964 52
1657486521348 0.0391760915517807 53
1657486521618 0.035330630838871 54
1657486521892 0.026444613933563232 55
1657486522171 0.02302558533847332 56
1657486522443 0.016393231227993965 57
1657486522719 0.010026030242443085 58
1657486522990 0.012737867422401905 59
1657486523264 0.013578535988926888 60
1657486523540 0.008648421615362167 61
1657486523819 0.009070266038179398 62
1657486524094 0.013843010179698467 63
1657486524367 0.010727157816290855 64
1657486524639 0.01042651105672121 65
1657486524904 0.007815451361238956 66
1657486525178 0.01196838915348053 67
1657486525450 0.010134536772966385 68
