1657486506477 0.10959871113300323 0
1657486506892 0.0964990109205246 1
1657486507310 0.16422806680202484 2
1657486507598 0.25914639234542847 3
1657486507875 0.5455190539360046 4
1657486508152 0.9858563542366028 5
1657486508430 1.0 6
1657486508705 1.0 7
1657486508979 1.0 8
1657486509258 1.0 9
1657486509534 1.0 10
1657486509810 1.0 11
1657486510089 1.0 12
1657486510369 1.0 13
1657486510645 1.0 14
1657486510923 1.0 15
1657486511203 1.0 16
1657486511477 1.0 17
1657486511759 1.0 18
1657486512040 1.0 19
1657486512319 1.0 20
1657486512589 1.0 21
1657486512866 1.0 22
1657486513138 1.0 23
1657486513418 1.0 24
1657486513694 1.0 25
1657486513973 1.0 26
1657486514247 1.0 27
1657486514527 1.0 28
1657486514800 1.0 29
1657486515077 1.0 30
1657486515348 1.0 31
1657486515619 1.0 32
1657486515894 1.0 33
1657486516172 1.0 34
1657486516446 1.0 35
1657486516716 1.0 36
1657486516988 1.0 37
1657486517254 1.0 38
1657486517529 1.0 39
1657486517804 1.0 40
1657486518075 1.0 41
1657486518345 1.0 42
1657486518618 1.0 43
1657486518886 1.0 44
1657486519154 1.0 45
1657486519426 1.0 46
1657486519696 1.0 47
1657486519972 1.0 48
1657486520245 1.0 49
1657486520518 1.0 50
1657486520791 1.0 51
1657486521066 1.0 52
1657486521342 1.0 53
1657486521612 1.0 54
1657486521887 1.0 55
1657486522166 1.0 56
1657486522438 1.0 57
1657486522714 1.0 58
1657486522985 1.0 59
1657486523258 1.0 60
1657486523534 1.0 61
1657486523814 1.0 62
1657486524089 1.0 63
1657486524362 1.0 64
1657486524634 1.0 65
1657486524899 1.0 66
1657486525173 1.0 67
1657486525444 1.0 68
