1657486506479 32.840763092041016 0
1657486506895 31.057641983032227 1
1657486507313 35.38041687011719 2
1657486507600 40.938133239746094 3
1657486507877 49.63526916503906 4
1657486508154 61.11125183105469 5
1657486508432 83.12162780761719 6
1657486508707 124.72802734375 7
1657486508981 201.72021484375 8
1657486509260 330.4272766113281 9
1657486509536 582.2594604492188 10
1657486509813 1023.7393798828125 11
1657486510091 1794.587646484375 12
1657486510371 3156.751708984375 13
1657486510647 5345.75634765625 14
1657486510926 9141.4462890625 15
1657486511205 15245.318359375 16
1657486511479 25587.3515625 17
1657486511761 42559.95703125 18
1657486512042 70587.7890625 19
1657486512322 116113.0546875 20
1657486512591 190779.21875 21
1657486512868 307521.3125 22
1657486513140 508012.5625 23
1657486513420 844872.3125 24
1657486513696 1414146.375 25
1657486513975 2359977.75 26
1657486514250 4081709.25 27
1657486514529 7101927.0 28
1657486514802 12297056.0 29
1657486515079 21650104.0 30
1657486515350 37820660.0 31
1657486515621 65424636.0 32
1657486515897 111009648.0 33
1657486516174 184406432.0 34
1657486516448 306415296.0 35
1657486516718 495788608.0 36
1657486516990 798787328.0 37
1657486517256 1328428672.0 38
1657486517531 2195915520.0 39
1657486517806 3342440960.0 40
1657486518077 4967055360.0 41
1657486518347 7362190848.0 42
1657486518621 10851557376.0 43
1657486518888 16445763584.0 44
1657486519156 26302715904.0 45
1657486519428 42174550016.0 46
1657486519698 77081976832.0 47
1657486519974 137463463936.0 48
1657486520247 242172084224.0 49
1657486520520 427823366144.0 50
1657486520793 741965561856.0 51
1657486521068 1264596287488.0 52
1657486521345 2125815480320.0 53
1657486521614 3493761646592.0 54
1657486521889 5745630773248.0 55
1657486522168 9301778235392.0 56
1657486522440 14894625718272.0 57
1657486522716 22734922842112.0 58
1657486522987 35651487531008.0 59
1657486523260 54987384160256.0 60
1657486523536 83048636874752.0 61
1657486523816 120984547885056.0 62
1657486524091 179713091829760.0 63
1657486524364 279174585516032.0 64
1657486524636 421916447866880.0 65
1657486524901 626329644957696.0 66
1657486525175 958893324763136.0 67
1657486525447 1540473772572672.0 68
