1657486506483 0.06518902629613876 0
1657486506900 0.044625163078308105 1
1657486507320 0.11411262303590775 2
1657486507605 0.20194889605045319 3
1657486507881 0.5079593658447266 4
1657486508159 0.9857762455940247 5
1657486508437 1.0 6
1657486508711 1.0 7
1657486508985 1.0 8
1657486509264 1.0 9
1657486509540 1.0 10
1657486509817 1.0 11
1657486510096 1.0 12
1657486510375 1.0 13
1657486510651 1.0 14
1657486510930 1.0 15
1657486511209 1.0 16
1657486511484 1.0 17
1657486511765 1.0 18
1657486512047 1.0 19
1657486512326 1.0 20
1657486512595 1.0 21
1657486512872 1.0 22
1657486513145 1.0 23
1657486513424 1.0 24
1657486513701 1.0 25
1657486513979 1.0 26
1657486514254 1.0 27
1657486514534 1.0 28
1657486514806 1.0 29
1657486515084 1.0 30
1657486515354 1.0 31
1657486515626 1.0 32
1657486515901 1.0 33
1657486516179 1.0 34
1657486516452 1.0 35
1657486516722 1.0 36
1657486516994 1.0 37
1657486517260 1.0 38
1657486517536 1.0 39
1657486517810 1.0 40
1657486518081 1.0 41
1657486518351 1.0 42
1657486518625 1.0 43
1657486518892 1.0 44
1657486519160 1.0 45
1657486519432 1.0 46
1657486519703 1.0 47
1657486519978 1.0 48
1657486520251 1.0 49
1657486520524 1.0 50
1657486520797 1.0 51
1657486521072 1.0 52
1657486521349 1.0 53
1657486521619 1.0 54
1657486521893 1.0 55
1657486522172 1.0 56
1657486522445 1.0 57
1657486522720 1.0 58
1657486522991 1.0 59
1657486523265 1.0 60
1657486523541 1.0 61
1657486523820 1.0 62
1657486524095 1.0 63
1657486524368 1.0 64
1657486524641 1.0 65
1657486524905 1.0 66
1657486525179 1.0 67
1657486525451 1.0 68
