1657486506480 4.945489883422852 0
1657486506896 4.651670932769775 1
1657486507314 5.45787239074707 2
1657486507602 6.177626609802246 3
1657486507878 7.970121383666992 4
1657486508155 13.943770408630371 5
1657486508434 33.613250732421875 6
1657486508708 70.7842788696289 7
1657486508982 133.037841796875 8
1657486509261 229.1454620361328 9
1657486509537 408.86651611328125 10
1657486509814 717.3260498046875 11
1657486510092 1251.232666015625 12
1657486510372 2195.339599609375 13
1657486510648 3715.10693359375 14
1657486510927 6354.26416015625 15
1657486511206 10601.3955078125 16
1657486511481 17799.849609375 17
1657486511762 29612.9296875 18
1657486512043 49118.828125 19
1657486512323 80799.0390625 20
1657486512592 132755.71875 21
1657486512869 213988.65625 22
1657486513141 353496.65625 23
1657486513421 587893.8125 24
1657486513697 984013.6875 25
1657486513976 1642156.5 26
1657486514251 2840200.0 27
1657486514531 4941779.0 28
1657486514803 8556740.0 29
1657486515080 15064935.0 30
1657486515351 26317000.0 31
1657486515622 45524868.0 32
1657486515898 77244552.0 33
1657486516175 128316792.0 34
1657486516449 213215088.0 35
1657486516719 344987904.0 36
1657486516991 555825728.0 37
1657486517257 924370048.0 38
1657486517533 1527996928.0 39
1657486517807 2325790720.0 40
1657486518078 3456256256.0 41
1657486518348 5122878976.0 42
1657486518622 7550907392.0 43
1657486518889 11443562496.0 44
1657486519157 18302369792.0 45
1657486519429 29346596864.0 46
1657486519700 53636476928.0 47
1657486519975 95651995648.0 48
1657486520248 168512143360.0 49
1657486520521 297695248384.0 50
1657486520794 516286709760.0 51
1657486521069 879952265216.0 52
1657486521346 1479220133888.0 53
1657486521616 2431087017984.0 54
1657486521890 3998021058560.0 55
1657486522169 6472520957952.0 56
1657486522441 10364231090176.0 57
1657486522717 15819801100288.0 58
1657486522988 24807619952640.0 59
1657486523261 38262236250112.0 60
1657486523538 57788248096768.0 61
1657486523817 84185502973952.0 62
1657486524092 125050967556096.0 63
1657486524365 194259726630912.0 64
1657486524637 293584771219456.0 65
1657486524902 435823048654848.0 66
1657486525176 667232698892288.0 67
1657486525448 1071919214362624.0 68
