1657486506478 0.06518902629613876 0
1657486506894 0.05924176797270775 1
1657486507311 0.11411262303590775 2
1657486507599 0.20194889605045319 3
1657486507876 0.5079593658447266 4
1657486508153 0.9857762455940247 5
1657486508431 1.0 6
1657486508706 1.0 7
1657486508980 1.0 8
1657486509259 1.0 9
1657486509535 1.0 10
1657486509812 1.0 11
1657486510090 1.0 12
1657486510370 1.0 13
1657486510646 1.0 14
1657486510925 1.0 15
1657486511204 1.0 16
1657486511478 1.0 17
1657486511760 1.0 18
1657486512041 1.0 19
1657486512320 1.0 20
1657486512590 1.0 21
1657486512867 1.0 22
1657486513139 1.0 23
1657486513419 1.0 24
1657486513695 1.0 25
1657486513974 1.0 26
1657486514249 1.0 27
1657486514528 1.0 28
1657486514801 1.0 29
1657486515078 1.0 30
1657486515349 1.0 31
1657486515620 1.0 32
1657486515895 1.0 33
1657486516173 1.0 34
1657486516447 1.0 35
1657486516717 1.0 36
1657486516989 1.0 37
1657486517255 1.0 38
1657486517530 1.0 39
1657486517805 1.0 40
1657486518076 1.0 41
1657486518346 1.0 42
1657486518619 1.0 43
1657486518887 1.0 44
1657486519155 1.0 45
1657486519427 1.0 46
1657486519697 1.0 47
1657486519973 1.0 48
1657486520246 1.0 49
1657486520519 1.0 50
1657486520792 1.0 51
1657486521067 1.0 52
1657486521343 1.0 53
1657486521613 1.0 54
1657486521888 1.0 55
1657486522167 1.0 56
1657486522439 1.0 57
1657486522715 1.0 58
1657486522986 1.0 59
1657486523259 1.0 60
1657486523535 1.0 61
1657486523815 1.0 62
1657486524090 1.0 63
1657486524363 1.0 64
1657486524635 1.0 65
1657486524900 1.0 66
1657486525174 1.0 67
1657486525446 1.0 68
