1657486173931 0.0 0
1657486174381 0.026742130517959595 1
1657486174771 0.10743748396635056 2
1657486175071 0.467702716588974 3
1657486175346 1.3220415115356445 4
1657486175634 3.019824504852295 5
1657486175938 6.225398063659668 6
1657486176240 10.125152587890625 7
1657486176533 12.712181091308594 8
1657486176818 13.48695182800293 9
1657486177107 13.617538452148438 10
1657486177383 14.770919799804688 11
1657486177656 17.635221481323242 12
1657486177924 21.42470932006836 13
1657486178245 24.13233184814453 14
1657486178528 25.000274658203125 15
1657486178797 24.001100540161133 16
1657486179068 21.948272705078125 17
1657486179344 19.87887191772461 18
1657486179612 18.337526321411133 19
1657486179875 17.272632598876953 20
1657486180137 16.17110824584961 21
1657486180401 14.569750785827637 22
1657486180677 12.094244003295898 23
1657486180944 8.941471099853516 24
1657486181206 4.762715816497803 25
1657486181460 -0.4420740008354187 26
1657486181731 -5.4351091384887695 27
1657486181997 -8.160932540893555 28
1657486182266 -7.701870441436768 29
1657486182531 -4.388633728027344 30
1657486182799 0.2120034545660019 31
1657486183064 4.246078968048096 32
1657486183335 7.331169128417969 33
1657486183602 10.32706356048584 34
1657486183877 12.955853462219238 35
1657486184150 14.952643394470215 36
1657486184431 16.777009963989258 37
1657486184692 19.09954071044922 38
1657486184976 22.079044342041016 39
1657486185250 24.905241012573242 40
1657486185517 27.566164016723633 41
1657486185788 29.994482040405273 42
1657486186054 32.02644348144531 43
1657486186319 33.77647399902344 44
1657486186591 35.349388122558594 45
1657486186911 36.65321731567383 46
1657486187273 38.23648452758789 47
1657486187675 39.380943298339844 48
1657486188026 39.471473693847656 49
1657486188324 38.19865417480469 50
1657486188618 35.92290496826172 51
1657486188894 33.43413162231445 52
1657486189158 31.373790740966797 53
1657486189423 30.00844955444336 54
1657486189690 29.1115779876709 55
1657486189951 28.376808166503906 56
1657486190214 27.506126403808594 57
1657486190483 26.519424438476562 58
1657486190749 25.33082389831543 59
1657486191011 24.224401473999023 60
1657486191264 23.379802703857422 61
1657486191536 22.88351058959961 62
1657486191806 22.622346878051758 63
1657486192074 22.53104591369629 64
1657486192332 22.52252197265625 65
1657486192599 22.50225257873535 66
1657486192860 22.43701171875 67
1657486193131 22.333505630493164 68
