1657486173930 0.06518902629613876 0
1657486174380 0.044625163078308105 1
1657486174770 0.11088120192289352 2
1657486175070 0.17452824115753174 3
1657486175345 0.31895074248313904 4
1657486175633 0.634790301322937 5
1657486175937 0.9688892364501953 6
1657486176238 0.9993172883987427 7
1657486176532 0.9999642372131348 8
1657486176817 0.9999655485153198 9
1657486177105 0.9999444484710693 10
1657486177382 0.9999822378158569 11
1657486177655 0.9999955892562866 12
1657486177922 0.9999998807907104 13
1657486178244 1.0 14
1657486178527 1.0 15
1657486178796 1.0 16
1657486179067 0.9999982118606567 17
1657486179343 0.9999799728393555 18
1657486179611 0.9999041557312012 19
1657486179874 0.9995508790016174 20
1657486180136 0.998773992061615 21
1657486180399 0.9937533736228943 22
1657486180676 0.9695304036140442 23
1657486180942 0.6007063984870911 24
1657486181204 0.04882300645112991 25
1657486181459 0.001529686851426959 26
1657486181730 1.3670391126652248e-05 27
1657486181996 1.2311471664361306e-06 28
1657486182264 2.6576205982564716e-06 29
1657486182530 0.00012850947678089142 30
1657486182798 0.015170454047620296 31
1657486183063 0.3482244312763214 32
1657486183333 0.9110164046287537 33
1657486183601 0.9991905093193054 34
1657486183875 0.9999752044677734 35
1657486184149 0.9999971389770508 36
1657486184430 0.9999996423721313 37
1657486184691 1.0 38
1657486184975 1.0 39
1657486185249 1.0 40
1657486185515 1.0 41
1657486185786 1.0 42
1657486186053 1.0 43
1657486186318 1.0 44
1657486186589 1.0 45
1657486186909 1.0 46
1657486187271 1.0 47
1657486187672 1.0 48
1657486188024 1.0 49
1657486188323 1.0 50
1657486188617 1.0 51
1657486188892 1.0 52
1657486189157 1.0 53
1657486189422 1.0 54
1657486189689 1.0 55
1657486189950 1.0 56
1657486190213 1.0 57
1657486190481 1.0 58
1657486190748 1.0 59
1657486191010 1.0 60
1657486191263 1.0 61
1657486191534 1.0 62
1657486191804 1.0 63
1657486192072 1.0 64
1657486192331 1.0 65
1657486192597 1.0 66
1657486192859 1.0 67
1657486193130 1.0 68
