1657486173943 0.0 0
1657486174396 0.026742130517959595 1
1657486174786 0.1255289912223816 2
1657486175083 0.467702716588974 3
1657486175357 1.3220415115356445 4
1657486175646 3.019824504852295 5
1657486175951 6.225398063659668 6
1657486176253 10.125152587890625 7
1657486176545 12.712181091308594 8
1657486176830 13.48695182800293 9
1657486177119 13.617538452148438 10
1657486177395 14.770919799804688 11
1657486177668 17.635221481323242 12
1657486177936 21.42470932006836 13
1657486178257 24.13233184814453 14
1657486178540 25.000274658203125 15
1657486178809 24.001100540161133 16
1657486179081 21.948272705078125 17
1657486179356 19.87887191772461 18
1657486179624 18.337526321411133 19
1657486179886 17.272632598876953 20
1657486180148 16.17110824584961 21
1657486180413 14.569750785827637 22
1657486180689 12.094244003295898 23
1657486180955 8.941471099853516 24
1657486181217 4.762715816497803 25
1657486181472 0.8876943588256836 26
1657486181743 1.5580589771270752 27
1657486182009 2.2755038738250732 28
1657486182277 3.043753147125244 29
1657486182543 3.9762446880340576 30
1657486182810 5.139183521270752 31
1657486183076 6.624697208404541 32
1657486183346 7.404819011688232 33
1657486183614 10.32706356048584 34
1657486183888 12.955853462219238 35
1657486184162 14.952643394470215 36
1657486184442 16.777009963989258 37
1657486184704 19.09954071044922 38
1657486184988 22.079044342041016 39
1657486185262 24.905241012573242 40
1657486185528 27.566164016723633 41
1657486185799 29.994482040405273 42
1657486186066 32.02644348144531 43
1657486186331 33.77647399902344 44
1657486186602 35.349388122558594 45
1657486186926 36.65321731567383 46
1657486187295 38.23648452758789 47
1657486187698 39.380943298339844 48
1657486188038 39.471473693847656 49
1657486188336 38.19865417480469 50
1657486188631 35.92290496826172 51
1657486188905 33.43413162231445 52
1657486189170 31.373790740966797 53
1657486189434 30.00844955444336 54
1657486189702 29.1115779876709 55
1657486189963 28.376808166503906 56
1657486190226 27.506126403808594 57
1657486190494 26.519424438476562 58
1657486190761 25.33082389831543 59
1657486191023 24.224401473999023 60
1657486191276 23.379802703857422 61
1657486191549 22.88351058959961 62
1657486191817 22.622346878051758 63
1657486192085 22.53104591369629 64
1657486192344 22.52252197265625 65
1657486192610 22.50225257873535 66
1657486192871 22.43701171875 67
1657486193143 22.333505630493164 68
