1657486173942 0.0 0
1657486174394 3.036142349243164 1
1657486174785 7.631054878234863 2
1657486175082 11.354700088500977 3
1657486175356 13.22268295288086 4
1657486175645 13.23496150970459 5
1657486175950 12.726062774658203 6
1657486176252 13.888298034667969 7
1657486176544 16.224328994750977 8
1657486176829 19.010211944580078 9
1657486177118 22.7615909576416 10
1657486177394 26.393491744995117 11
1657486177667 29.3453311920166 12
1657486177935 31.59332275390625 13
1657486178256 33.239749908447266 14
1657486178539 34.03483581542969 15
1657486178807 33.83909606933594 16
1657486179079 32.74740982055664 17
1657486179355 31.02482795715332 18
1657486179623 28.706470489501953 19
1657486179885 26.009414672851562 20
1657486180147 23.042219161987305 21
1657486180411 20.13828468322754 22
1657486180688 16.946945190429688 23
1657486180954 13.810726165771484 24
1657486181216 10.744884490966797 25
1657486181471 9.35046100616455 26
1657486181741 10.802260398864746 27
1657486182007 12.505370140075684 28
1657486182276 12.476327896118164 29
1657486182542 11.34688663482666 30
1657486182809 11.374058723449707 31
1657486183075 13.09810733795166 32
1657486183345 15.073126792907715 33
1657486183613 16.832439422607422 34
1657486183887 19.33547592163086 35
1657486184161 22.85442352294922 36
1657486184441 27.08692169189453 37
1657486184703 31.67283058166504 38
1657486184987 35.884220123291016 39
1657486185261 39.14545822143555 40
1657486185527 42.11127853393555 41
1657486185798 44.93218994140625 42
1657486186065 47.53123474121094 43
1657486186330 50.14375305175781 44
1657486186601 52.88906478881836 45
1657486186925 55.315025329589844 46
1657486187293 57.09025573730469 47
1657486187697 57.53512191772461 48
1657486188037 56.957767486572266 49
1657486188335 55.31986999511719 50
1657486188630 53.0707893371582 51
1657486188904 50.59550094604492 52
1657486189169 48.204471588134766 53
1657486189433 46.08719253540039 54
1657486189700 44.081302642822266 55
1657486189962 42.22249984741211 56
1657486190225 40.53205108642578 57
1657486190493 39.21363067626953 58
1657486190760 37.93965530395508 59
1657486191022 36.86885070800781 60
1657486191275 36.0200309753418 61
1657486191547 35.34965515136719 62
1657486191816 34.754798889160156 63
1657486192084 34.241886138916016 64
1657486192343 33.915077209472656 65
1657486192609 33.803504943847656 66
1657486192870 33.7835693359375 67
1657486193142 33.86318588256836 68
