1657486173940 0.5826432108879089 0
1657486174392 0.6053287982940674 1
1657486174782 0.5606130957603455 2
1657486175080 0.545071005821228 3
1657486175354 0.5361073017120361 4
1657486175643 0.5561694502830505 5
1657486175947 0.5452651977539062 6
1657486176249 0.5336652398109436 7
1657486176542 0.5026480555534363 8
1657486176827 0.5587673783302307 9
1657486177116 0.55438232421875 10
1657486177392 0.5489749312400818 11
1657486177665 0.5498663783073425 12
1657486177933 0.5020245909690857 13
1657486178254 0.5035485029220581 14
1657486178537 0.4708889126777649 15
1657486178805 0.47065967321395874 16
1657486179077 0.4578147530555725 17
1657486179353 0.4510614573955536 18
1657486179620 0.43925461173057556 19
1657486179883 0.4346754848957062 20
1657486180145 0.41169020533561707 21
1657486180409 0.43292784690856934 22
1657486180686 0.4431062340736389 23
1657486180952 0.4534749388694763 24
1657486181214 0.45345669984817505 25
1657486181469 0.4957977533340454 26
1657486181739 0.5132296085357666 27
1657486182005 0.5145038962364197 28
1657486182274 0.5375078916549683 29
1657486182540 0.5337390899658203 30
1657486182807 0.5224580764770508 31
1657486183073 0.4966752231121063 32
1657486183343 0.4655754864215851 33
1657486183611 0.45773962140083313 34
1657486183885 0.4236185550689697 35
1657486184159 0.4108462631702423 36
1657486184439 0.4399925172328949 37
1657486184701 0.4378064274787903 38
1657486184985 0.3508566617965698 39
1657486185259 0.31239065527915955 40
1657486185525 0.2979622781276703 41
1657486185796 0.28574228286743164 42
1657486186063 0.305254727602005 43
1657486186327 0.35698607563972473 44
1657486186599 0.37230199575424194 45
1657486186922 0.5219442844390869 46
1657486187290 0.5376725792884827 47
1657486187693 0.539735734462738 48
1657486188035 0.5487538576126099 49
1657486188333 0.5291227102279663 50
1657486188628 0.5045079588890076 51
1657486188902 0.4818737804889679 52
1657486189167 0.4491523504257202 53
1657486189431 0.44128966331481934 54
1657486189698 0.4195137917995453 55
1657486189960 0.40185976028442383 56
1657486190223 0.34699511528015137 57
1657486190491 0.3617600202560425 58
1657486190758 0.34383633732795715 59
1657486191020 0.31965771317481995 60
1657486191273 0.28069591522216797 61
1657486191545 0.28870058059692383 62
1657486191814 0.3265605866909027 63
1657486192082 0.3084014356136322 64
1657486192341 0.2912755012512207 65
1657486192607 0.3152187764644623 66
1657486192868 0.36399900913238525 67
1657486193140 0.3772292733192444 68
