1657486173936 4.945489883422852 0
1657486174387 4.628969192504883 1
1657486174778 5.338456153869629 2
1657486175077 5.5791425704956055 3
1657486175351 5.72028923034668 4
1657486175640 5.501220703125 5
1657486175944 5.588585376739502 6
1657486176246 5.699963092803955 7
1657486176538 6.265076637268066 8
1657486176824 5.491558074951172 9
1657486177112 5.3373918533325195 10
1657486177389 5.55694580078125 11
1657486177661 5.008918762207031 12
1657486177929 6.334540843963623 13
1657486178251 6.604435443878174 14
1657486178534 6.907073020935059 15
1657486178802 6.73732852935791 16
1657486179074 6.9368486404418945 17
1657486179350 7.32749080657959 18
1657486179617 7.760468006134033 19
1657486179880 7.842499732971191 20
1657486180142 8.176217079162598 21
1657486180406 7.881974697113037 22
1657486180683 7.963989734649658 23
1657486180949 7.647932052612305 24
1657486181211 7.726744651794434 25
1657486181466 6.778115272521973 26
1657486181736 6.464194297790527 27
1657486182002 6.290230751037598 28
1657486182271 5.796422004699707 29
1657486182536 5.333103656768799 30
1657486182804 5.730841636657715 31
1657486183070 5.924683094024658 32
1657486183340 6.458364963531494 33
1657486183607 6.44963264465332 34
1657486183882 7.073030948638916 35
1657486184155 7.135159015655518 36
1657486184436 6.651759147644043 37
1657486184698 6.69996452331543 38
1657486184982 7.9430317878723145 39
1657486185256 8.48668098449707 40
1657486185522 8.676446914672852 41
1657486185793 8.910076141357422 42
1657486186060 8.790947914123535 43
1657486186324 8.23830795288086 44
1657486186596 8.140825271606445 45
1657486186918 6.079981803894043 46
1657486187286 5.528508186340332 47
1657486187685 5.488808631896973 48
1657486188032 5.011496067047119 49
1657486188330 5.514077186584473 50
1657486188624 6.038118362426758 51
1657486188899 6.1143269538879395 52
1657486189163 6.663490295410156 53
1657486189428 6.964791774749756 54
1657486189695 7.272259712219238 55
1657486189957 7.607668876647949 56
1657486190220 8.318090438842773 57
1657486190488 8.098931312561035 58
1657486190755 8.230548858642578 59
1657486191017 8.574712753295898 60
1657486191270 8.98975944519043 61
1657486191542 8.959135055541992 62
1657486191811 8.531354904174805 63
1657486192079 8.752145767211914 64
1657486192338 9.103862762451172 65
1657486192604 8.81035327911377 66
1657486192865 8.15323543548584 67
1657486193137 8.0891752243042 68
