1657486173934 32.840763092041016 0
1657486174385 31.057641983032227 1
1657486174775 34.74696350097656 2
1657486175075 37.64444351196289 3
1657486175349 40.19032287597656 4
1657486175638 40.425331115722656 5
1657486175942 41.29277038574219 6
1657486176244 42.603878021240234 7
1657486176536 45.134464263916016 8
1657486176822 46.01500701904297 9
1657486177110 50.75580978393555 10
1657486177387 55.969207763671875 11
1657486177659 60.22614669799805 12
1657486177927 72.70201110839844 13
1657486178248 72.97406005859375 14
1657486178532 78.82720184326172 15
1657486178800 78.07526397705078 16
1657486179072 80.16741180419922 17
1657486179347 82.92818450927734 18
1657486179615 82.8144760131836 19
1657486179878 82.41641235351562 20
1657486180140 82.90418243408203 21
1657486180404 79.98773956298828 22
1657486180680 85.00684356689453 23
1657486180947 82.13815307617188 24
1657486181209 80.91121673583984 25
1657486181464 70.40576171875 26
1657486181734 68.62908172607422 27
1657486182000 65.2440185546875 28
1657486182269 59.26514434814453 29
1657486182534 55.254512786865234 30
1657486182802 50.44523239135742 31
1657486183067 51.92583084106445 32
1657486183338 52.68596649169922 33
1657486183605 52.166603088378906 34
1657486183880 53.75962829589844 35
1657486184153 55.20557403564453 36
1657486184434 54.670326232910156 37
1657486184696 57.106937408447266 38
1657486184980 62.89849853515625 39
1657486185253 66.98429107666016 40
1657486185520 68.18690490722656 41
1657486185791 70.3812255859375 42
1657486186058 73.74173736572266 43
1657486186322 75.55498504638672 44
1657486186594 78.02444458007812 45
1657486186916 85.02737426757812 46
1657486187278 83.5499267578125 47
1657486187681 82.435791015625 48
1657486188029 79.51319885253906 49
1657486188327 78.48696899414062 50
1657486188621 76.83303833007812 51
1657486188897 74.02406311035156 52
1657486189161 72.8395767211914 53
1657486189426 70.66976165771484 54
1657486189693 68.88861846923828 55
1657486189955 67.63550567626953 56
1657486190218 67.81999969482422 57
1657486190486 67.04210662841797 58
1657486190753 64.4026107788086 59
1657486191014 64.30522155761719 60
1657486191268 64.0513687133789 61
1657486191539 64.36549377441406 62
1657486191809 63.27472686767578 63
1657486192077 63.74187469482422 64
1657486192335 65.99544525146484 65
1657486192602 66.59539031982422 66
1657486192863 65.70514678955078 67
1657486193135 66.74432373046875 68
