1657486173933 0.06518902629613876 0
1657486174384 0.05924176797270775 1
1657486174774 0.11088120192289352 2
1657486175074 0.17452824115753174 3
1657486175348 0.31895074248313904 4
1657486175636 0.634790301322937 5
1657486175941 0.9688892364501953 6
1657486176243 0.9993172883987427 7
1657486176535 0.9999642372131348 8
1657486176821 0.9999655485153198 9
1657486177109 0.9999444484710693 10
1657486177385 0.9999822378158569 11
1657486177658 0.9999955892562866 12
1657486177926 0.9999998807907104 13
1657486178247 1.0 14
1657486178531 1.0 15
1657486178799 1.0 16
1657486179070 0.9999982118606567 17
1657486179346 0.9999799728393555 18
1657486179614 0.9999041557312012 19
1657486179877 0.9995508790016174 20
1657486180139 0.998773992061615 21
1657486180403 0.9937533736228943 22
1657486180679 0.9695304036140442 23
1657486180946 0.6007063984870911 24
1657486181208 0.1604185551404953 25
1657486181463 0.18705643713474274 26
1657486181733 0.25362470746040344 27
1657486181999 0.36051735281944275 28
1657486182268 0.4643607437610626 29
1657486182533 0.5781857371330261 30
1657486182801 0.7225556969642639 31
1657486183066 0.5817841291427612 32
1657486183337 0.9110164046287537 33
1657486183604 0.9991905093193054 34
1657486183879 0.9999752044677734 35
1657486184152 0.9999971389770508 36
1657486184433 0.9999996423721313 37
1657486184695 1.0 38
1657486184979 1.0 39
1657486185252 1.0 40
1657486185519 1.0 41
1657486185790 1.0 42
1657486186057 1.0 43
1657486186321 1.0 44
1657486186593 1.0 45
1657486186914 1.0 46
1657486187277 1.0 47
1657486187678 1.0 48
1657486188028 1.0 49
1657486188326 1.0 50
1657486188620 1.0 51
1657486188896 1.0 52
1657486189160 1.0 53
1657486189425 1.0 54
1657486189692 1.0 55
1657486189953 1.0 56
1657486190217 1.0 57
1657486190485 1.0 58
1657486190751 1.0 59
1657486191013 1.0 60
1657486191266 1.0 61
1657486191538 1.0 62
1657486191808 1.0 63
1657486192076 1.0 64
1657486192334 1.0 65
1657486192601 1.0 66
1657486192862 1.0 67
1657486193133 1.0 68
