1657486173935 4.945489883422852 0
1657486174386 4.651670932769775 1
1657486174777 5.44589376449585 2
1657486175076 6.046845436096191 3
1657486175350 7.042330741882324 4
1657486175639 8.521045684814453 5
1657486175943 11.813983917236328 6
1657486176245 15.715008735656738 7
1657486176537 18.383920669555664 8
1657486176823 17.819047927856445 9
1657486177111 17.343238830566406 10
1657486177388 18.54051399230957 11
1657486177660 20.08378028869629 12
1657486177928 23.774608612060547 13
1657486178250 25.687801361083984 14
1657486178533 26.115373611450195 15
1657486178801 24.34914779663086 16
1657486179073 22.52627944946289 17
1657486179348 20.393157958984375 18
1657486179616 18.99922752380371 19
1657486179879 17.617355346679688 20
1657486180141 16.961666107177734 21
1657486180405 15.167122840881348 22
1657486180682 13.462093353271484 23
1657486180948 10.275927543640137 24
1657486181210 8.124674797058105 25
1657486181465 7.665809631347656 26
1657486181735 8.022253036499023 27
1657486182001 8.492159843444824 28
1657486182270 8.581619262695312 29
1657486182535 8.860260009765625 30
1657486182803 9.310667037963867 31
1657486183068 10.513057708740234 32
1657486183339 13.442506790161133 33
1657486183606 16.615846633911133 34
1657486183881 19.339876174926758 35
1657486184154 21.429698944091797 36
1657486184435 22.795188903808594 37
1657486184697 25.260330200195312 38
1657486184981 29.06094741821289 39
1657486185255 32.24000930786133 40
1657486185521 34.299495697021484 41
1657486185792 36.4306640625 42
1657486186059 38.763648986816406 43
1657486186323 40.45381546020508 44
1657486186595 41.74493408203125 45
1657486186917 39.102535247802734 46
1657486187280 40.87126541137695 47
1657486187683 42.890777587890625 48
1657486188030 42.975303649902344 49
1657486188328 42.57838439941406 50
1657486188623 40.63407516479492 51
1657486188898 38.672760009765625 52
1657486189162 37.015464782714844 53
1657486189427 35.5172119140625 54
1657486189694 34.39934539794922 55
1657486189956 33.601104736328125 56
1657486190219 32.73768997192383 57
1657486190487 31.251876831054688 58
1657486190754 30.25229263305664 59
1657486191016 29.377864837646484 60
1657486191269 28.2967586517334 61
1657486191541 27.879512786865234 62
1657486191810 27.79479217529297 63
1657486192078 27.616382598876953 64
1657486192337 27.960628509521484 65
1657486192603 27.425825119018555 66
1657486192864 27.437753677368164 67
1657486193136 27.084938049316406 68
