1657486173939 0.06518902629613876 0
1657486174390 0.044625163078308105 1
1657486174781 0.11088120192289352 2
1657486175079 0.17452824115753174 3
1657486175353 0.31895074248313904 4
1657486175642 0.634790301322937 5
1657486175946 0.9688892364501953 6
1657486176248 0.9993172883987427 7
1657486176541 0.9999642372131348 8
1657486176826 0.9999655485153198 9
1657486177115 0.9999444484710693 10
1657486177391 0.9999822378158569 11
1657486177664 0.9999955892562866 12
1657486177932 0.9999998807907104 13
1657486178253 1.0 14
1657486178536 1.0 15
1657486178804 1.0 16
1657486179076 0.9999982118606567 17
1657486179352 0.9999799728393555 18
1657486179619 0.9999041557312012 19
1657486179882 0.9995508790016174 20
1657486180144 0.998773992061615 21
1657486180408 0.9937533736228943 22
1657486180685 0.9695304036140442 23
1657486180951 0.6007063984870911 24
1657486181213 0.04882300645112991 25
1657486181468 0.001529686851426959 26
1657486181738 1.3670391126652248e-05 27
1657486182004 1.2311471664361306e-06 28
1657486182273 2.6576205982564716e-06 29
1657486182538 0.00012850947678089142 30
1657486182806 0.015170454047620296 31
1657486183072 0.3482244312763214 32
1657486183342 0.9110164046287537 33
1657486183610 0.9991905093193054 34
1657486183884 0.9999752044677734 35
1657486184158 0.9999971389770508 36
1657486184438 0.9999996423721313 37
1657486184700 1.0 38
1657486184984 1.0 39
1657486185258 1.0 40
1657486185524 1.0 41
1657486185795 1.0 42
1657486186062 1.0 43
1657486186326 1.0 44
1657486186598 1.0 45
1657486186921 1.0 46
1657486187289 1.0 47
1657486187691 1.0 48
1657486188034 1.0 49
1657486188332 1.0 50
1657486188627 1.0 51
1657486188901 1.0 52
1657486189166 1.0 53
1657486189430 1.0 54
1657486189697 1.0 55
1657486189959 1.0 56
1657486190222 1.0 57
1657486190490 1.0 58
1657486190757 1.0 59
1657486191019 1.0 60
1657486191272 1.0 61
1657486191544 1.0 62
1657486191813 1.0 63
1657486192081 1.0 64
1657486192340 1.0 65
1657486192606 1.0 66
1657486192867 1.0 67
1657486193139 1.0 68
