1657486173932 0.10959871113300323 0
1657486174382 0.0964990109205246 1
1657486174773 0.16029618680477142 2
1657486175072 0.22812731564044952 3
1657486175347 0.36168885231018066 4
1657486175635 0.648561418056488 5
1657486175940 0.9690168499946594 6
1657486176241 0.9993173480033875 7
1657486176534 0.9999642372131348 8
1657486176819 0.9999655485153198 9
1657486177108 0.9999444484710693 10
1657486177384 0.9999822378158569 11
1657486177657 0.9999955892562866 12
1657486177925 0.9999998807907104 13
1657486178246 1.0 14
1657486178530 1.0 15
1657486178798 1.0 16
1657486179069 0.9999982118606567 17
1657486179345 0.9999799728393555 18
1657486179613 0.9999041557312012 19
1657486179876 0.9995508790016174 20
1657486180138 0.998773992061615 21
1657486180402 0.9937540888786316 22
1657486180678 0.9695500731468201 23
1657486180945 0.6056727766990662 24
1657486181207 0.21850238740444183 25
1657486181461 0.236648827791214 26
1657486181732 0.28685590624809265 27
1657486181998 0.39521992206573486 28
1657486182267 0.4861600697040558 29
1657486182532 0.585800051689148 30
1657486182800 0.7242255210876465 31
1657486183065 0.6781361103057861 32
1657486183336 0.9147009253501892 33
1657486183603 0.999190628528595 34
1657486183878 0.9999752044677734 35
1657486184151 0.9999971389770508 36
1657486184432 0.9999996423721313 37
1657486184693 1.0 38
1657486184978 1.0 39
1657486185251 1.0 40
1657486185518 1.0 41
1657486185789 1.0 42
1657486186056 1.0 43
1657486186320 1.0 44
1657486186592 1.0 45
1657486186912 1.0 46
1657486187275 1.0 47
1657486187676 1.0 48
1657486188027 1.0 49
1657486188325 1.0 50
1657486188619 1.0 51
1657486188895 1.0 52
1657486189159 1.0 53
1657486189424 1.0 54
1657486189691 1.0 55
1657486189952 1.0 56
1657486190216 1.0 57
1657486190484 1.0 58
1657486190750 1.0 59
1657486191012 1.0 60
1657486191265 1.0 61
1657486191537 1.0 62
1657486191807 1.0 63
1657486192075 1.0 64
1657486192333 1.0 65
1657486192600 1.0 66
1657486192861 1.0 67
1657486193132 1.0 68
