1663197320214 0.0011789145646616817 0
1663197320514 0.0012323048431426287 1
1663197320848 0.0013890709960833192 2
1663197321207 0.0016178706428036094 3
1663197321465 0.0018715476617217064 4
1663197321737 0.002494160085916519 5
1663197321996 0.004345891065895557 6
1663197322253 0.014627058058977127 7
1663197322513 0.4942595660686493 8
1663197322771 1.0 9
1663197323028 1.0 10
1663197323284 1.0 11
1663197323543 1.0 12
1663197323801 1.0 13
1663197324062 1.0 14
1663197324322 1.0 15
1663197324578 1.0 16
1663197324836 1.0 17
1663197325093 1.0 18
1663197325349 1.0 19
1663197325606 1.0 20
1663197325866 1.0 21
1663197326120 1.0 22
1663197326381 1.0 23
1663197326638 1.0 24
1663197326896 1.0 25
1663197327157 1.0 26
1663197327415 1.0 27
1663197327669 1.0 28
1663197327927 1.0 29
1663197328183 1.0 30
1663197328440 1.0 31
1663197328693 1.0 32
1663197328950 1.0 33
1663197329206 1.0 34
1663197329465 1.0 35
1663197329723 1.0 36
1663197329977 1.0 37
1663197330232 1.0 38
1663197330490 1.0 39
1663197330748 1.0 40
1663197331004 1.0 41
1663197331257 1.0 42
1663197331518 1.0 43
1663197331774 1.0 44
1663197332029 1.0 45
1663197332283 1.0 46
1663197332543 1.0 47
1663197332798 1.0 48
1663197333053 1.0 49
1663197333308 1.0 50
1663197333565 1.0 51
1663197333820 1.0 52
1663197334077 1.0 53
1663197334336 1.0 54
1663197334590 1.0 55
1663197334844 1.0 56
1663197335093 1.0 57
1663197335352 1.0 58
1663197335610 1.0 59
1663197335869 1.0 60
1663197336126 1.0 61
1663197336385 1.0 62
1663197336642 1.0 63
1663197336896 1.0 64
1663197337153 1.0 65
1663197337410 1.0 66
1663197337667 1.0 67
1663197337922 1.0 68
