1663197320216 0.0 0
1663197320515 -0.22436314821243286 1
1663197320849 -0.6756422519683838 2
1663197321209 -1.4208323955535889 3
1663197321466 -2.4148309230804443 4
1663197321738 -3.285377264022827 5
1663197321998 -3.816913366317749 6
1663197322254 -3.5671005249023438 7
1663197322515 -0.1412862241268158 8
1663197322773 104.23453521728516 9
1663197323029 380.0351257324219 10
1663197323285 728.0228881835938 11
1663197323544 1395.940185546875 12
1663197323803 2881.5595703125 13
1663197324063 6588.0185546875 14
1663197324323 14419.2744140625 15
1663197324579 32640.666015625 16
1663197324838 73259.984375 17
1663197325094 170996.03125 18
1663197325350 400565.4375 19
1663197325607 968100.0625 20
1663197325868 2411648.0 21
1663197326122 6026333.0 22
1663197326383 14430934.0 23
1663197326639 35373452.0 24
1663197326897 89522512.0 25
1663197327158 229932432.0 26
1663197327416 558400256.0 27
1663197327670 1263716608.0 28
1663197327929 2913416192.0 29
1663197328184 6501440000.0 30
1663197328442 15371664384.0 31
1663197328695 41045225472.0 32
1663197328951 108923068416.0 33
1663197329208 356766351360.0 34
1663197329467 1053402529792.0 35
1663197329724 3973858983936.0 36
1663197329978 14047856558080.0 37
1663197330234 44334393065472.0 38
1663197330492 152367387377664.0 39
1663197330750 483778036236288.0 40
1663197331006 1788807305232384.0 41
1663197331258 6146514275532800.0 42
1663197331519 2.13573691244544e+16 43
1663197331775 7.66735328298926e+16 44
1663197332031 2.5579218897207296e+17 45
1663197332285 7.736754113337098e+17 46
1663197332544 1.6978532112279798e+18 47
1663197332799 3.6973607360711885e+18 48
1663197333054 8.862214902723379e+18 49
1663197333309 2.138163087931343e+19 50
1663197333566 6.011614129628067e+19 51
1663197333822 1.9163221034740482e+20 52
1663197334078 5.657307854537249e+20 53
1663197334337 1.724786755703004e+21 54
1663197334591 5.631964692059152e+21 55
1663197334846 1.7754290861203387e+22 56
1663197335094 6.033910170672034e+22 57
1663197335354 1.7984255016456068e+23 58
1663197335611 5.617205067518369e+23 59
1663197335870 1.6370759024869325e+24 60
1663197336128 6.029549461253641e+24 61
1663197336386 2.171540566647848e+25 62
1663197336644 7.6900297855762425e+25 63
1663197336898 2.5606882834733654e+26 64
1663197337154 8.37753052936392e+26 65
1663197337412 2.4652757094855716e+27 66
1663197337668 7.066024431990728e+27 67
1663197337924 1.8998664753436838e+28 68
