1663197320228 0.032915253192186356 0
1663197320528 0.03587750717997551 1
1663197320863 0.04426901414990425 2
1663197321221 0.05256842449307442 3
1663197321478 0.04830494150519371 4
1663197321750 0.043623484671115875 5
1663197322010 0.04142432287335396 6
1663197322266 0.037068504840135574 7
1663197322527 0.02888207510113716 8
1663197322785 0.02492465451359749 9
1663197323041 0.016495531424880028 10
1663197323297 0.017193561419844627 11
1663197323556 0.019427651539444923 12
1663197323814 0.022947967052459717 13
1663197324075 0.02153712511062622 14
1663197324335 0.022657036781311035 15
1663197324591 0.02260093204677105 16
1663197324850 0.024311406537890434 17
1663197325106 0.02488846145570278 18
1663197325362 0.026473915204405785 19
1663197325620 0.028278058394789696 20
1663197325880 0.028905613347887993 21
1663197326134 0.027092283591628075 22
1663197326395 0.027828628197312355 23
1663197326651 0.029467403888702393 24
1663197326909 0.030588436871767044 25
1663197327170 0.02813827432692051 26
1663197327428 0.024471212178468704 27
1663197327682 0.024479258805513382 28
1663197327940 0.022968262434005737 29
1663197328196 0.025067675858736038 30
1663197328454 0.031207341700792313 31
1663197328707 0.032528042793273926 32
1663197328963 0.04546838998794556 33
1663197329219 0.041945260018110275 34
1663197329479 0.05899855121970177 35
1663197329736 0.05759922415018082 36
1663197329990 0.04899170622229576 37
1663197330245 0.05373156815767288 38
1663197330504 0.04868388921022415 39
1663197330762 0.05933227762579918 40
1663197331017 0.05553267151117325 41
1663197331270 0.055873364210128784 42
1663197331531 0.0585007444024086 43
1663197331787 0.05321403965353966 44
1663197332042 0.04534980654716492 45
1663197332297 0.02591974101960659 46
1663197332556 0.022778166458010674 47
1663197332811 0.025787895545363426 48
1663197333066 0.026583535596728325 49
1663197333321 0.03442459926009178 50
1663197333578 0.044065315276384354 51
1663197333833 0.04169663414359093 52
1663197334090 0.04352211579680443 53
1663197334349 0.048510026186704636 54
1663197334603 0.04712725803256035 55
1663197334858 0.05232396349310875 56
1663197335106 0.0440697968006134 57
1663197335366 0.045790959149599075 58
1663197335623 0.04147017002105713 59
1663197335882 0.057018399238586426 60
1663197336140 0.05872434377670288 61
1663197336398 0.05792517587542534 62
1663197336656 0.05301067978143692 63
1663197336909 0.050840843468904495 64
1663197337166 0.043082863092422485 65
1663197337424 0.04005412384867668 66
1663197337680 0.03560367226600647 67
1663197337935 0.02821364440023899 68
