1663197320230 0.0 0
1663197320530 7.449895858764648 1
1663197320865 22.611318588256836 2
1663197321222 48.46696853637695 3
1663197321479 85.45050048828125 4
1663197321752 122.84294128417969 5
1663197322011 157.75302124023438 6
1663197322267 190.4429168701172 7
1663197322528 218.20123291015625 8
1663197322786 263.3192138671875 9
1663197323042 517.8334350585938 10
1663197323298 961.9429931640625 11
1663197323557 1914.429443359375 12
1663197323816 4101.3193359375 13
1663197324076 9515.197265625 14
1663197324336 20810.125 15
1663197324592 46969.49609375 16
1663197324851 105275.125 17
1663197325107 245673.203125 18
1663197325363 575592.3125 19
1663197325621 1391266.75 20
1663197325881 3465879.75 21
1663197326135 8660630.0 22
1663197326396 20738992.0 23
1663197326652 50835884.0 24
1663197326910 128654552.0 25
1663197327171 330440576.0 26
1663197327429 802487232.0 27
1663197327683 1816112768.0 28
1663197327942 4186921728.0 29
1663197328197 9343349760.0 30
1663197328455 22090911744.0 31
1663197328708 58986844160.0 32
1663197328964 156535373824.0 33
1663197329221 512715554816.0 34
1663197329480 1513865216000.0 35
1663197329737 5710904033280.0 36
1663197329991 20188439248896.0 37
1663197330247 63713805598720.0 38
1663197330505 218970116325376.0 39
1663197330763 695246153318400.0 40
1663197331019 2570727173652480.0 41
1663197331271 8833260058574848.0 42
1663197331532 3.069310116508467e+16 43
1663197331788 1.1018896652684493e+17 44
1663197332043 3.6760360516478566e+17 45
1663197332298 1.1118638162803425e+18 46
1663197332557 2.44001723778492e+18 47
1663197332812 5.313546071878664e+18 48
1663197333067 1.2736058799924707e+19 49
1663197333322 inf 50
1663197333579 inf 51
1663197333834 inf 52
1663197334091 inf 53
1663197334350 inf 54
1663197334604 inf 55
1663197334859 inf 56
1663197335107 inf 57
1663197335367 inf 58
1663197335624 inf 59
1663197335883 inf 60
1663197336141 inf 61
1663197336399 inf 62
1663197336657 inf 63
1663197336911 inf 64
1663197337167 inf 65
1663197337425 inf 66
1663197337681 inf 67
1663197337937 inf 68
