1663197320231 0.0 0
1663197320531 -0.22436314821243286 1
1663197320866 -0.6756422519683838 2
1663197321223 -1.4208323955535889 3
1663197321480 -2.4148309230804443 4
1663197321753 -3.285377264022827 5
1663197322012 -3.816913366317749 6
1663197322268 -3.5671005249023438 7
1663197322529 -0.1412862241268158 8
1663197322787 104.23453521728516 9
1663197323043 380.0351257324219 10
1663197323299 728.0228881835938 11
1663197323558 1395.940185546875 12
1663197323817 2881.5595703125 13
1663197324077 6588.0185546875 14
1663197324337 14419.2744140625 15
1663197324593 32640.666015625 16
1663197324852 73259.984375 17
1663197325108 170996.03125 18
1663197325364 400565.4375 19
1663197325622 968100.0625 20
1663197325882 2411648.0 21
1663197326136 6026333.0 22
1663197326397 14430934.0 23
1663197326653 35373452.0 24
1663197326911 89522512.0 25
1663197327172 229932432.0 26
1663197327430 558400256.0 27
1663197327684 1263716608.0 28
1663197327943 2913416192.0 29
1663197328198 6501440000.0 30
1663197328456 15371664384.0 31
1663197328709 41045225472.0 32
1663197328965 108923068416.0 33
1663197329222 356766351360.0 34
1663197329481 1053402529792.0 35
1663197329738 3973858983936.0 36
1663197329992 14047856558080.0 37
1663197330248 44334393065472.0 38
1663197330506 152367387377664.0 39
1663197330764 483778036236288.0 40
1663197331020 1788807305232384.0 41
1663197331272 6146514275532800.0 42
1663197331533 2.13573691244544e+16 43
1663197331789 7.66735328298926e+16 44
1663197332045 2.5579218897207296e+17 45
1663197332299 7.736754113337098e+17 46
1663197332558 1.6978532112279798e+18 47
1663197332813 3.6973607360711885e+18 48
1663197333068 8.862214902723379e+18 49
1663197333323 2.138163087931343e+19 50
1663197333581 6.011614129628067e+19 51
1663197333836 1.9163221034740482e+20 52
1663197334092 5.657307854537249e+20 53
1663197334351 1.724786755703004e+21 54
1663197334605 5.631964692059152e+21 55
1663197334860 1.7754290861203387e+22 56
1663197335108 6.033910170672034e+22 57
1663197335368 1.7984255016456068e+23 58
1663197335625 5.617205067518369e+23 59
1663197335884 1.6370759024869325e+24 60
1663197336142 6.029549461253641e+24 61
1663197336400 2.171540566647848e+25 62
1663197336658 7.6900297855762425e+25 63
1663197336912 2.5606882834733654e+26 64
1663197337168 8.37753052936392e+26 65
1663197337426 2.4652757094855716e+27 66
1663197337682 7.066024431990728e+27 67
1663197337938 1.8998664753436838e+28 68
