1663197320226 6.434728622436523 0
1663197320526 6.790286540985107 1
1663197320860 7.404696464538574 2
1663197321219 8.039472579956055 3
1663197321476 7.742291450500488 4
1663197321748 7.429474830627441 5
1663197322008 7.27301549911499 6
1663197322264 6.895158290863037 7
1663197322525 6.1717095375061035 8
1663197322783 6.01629114151001 9
1663197323039 5.079817295074463 10
1663197323295 5.146289825439453 11
1663197323554 4.938032150268555 12
1663197323812 5.807282447814941 13
1663197324073 5.6272292137146 14
1663197324333 5.262014389038086 15
1663197324589 5.193941116333008 16
1663197324848 5.5683770179748535 17
1663197325104 5.634649753570557 18
1663197325360 5.915952682495117 19
1663197325617 6.241550922393799 20
1663197325877 6.324335098266602 21
1663197326132 6.056965351104736 22
1663197326392 6.765791893005371 23
1663197326649 7.004883766174316 24
1663197326907 7.25150728225708 25
1663197327168 6.965274810791016 26
1663197327426 6.220069885253906 27
1663197327680 6.264615535736084 28
1663197327938 5.837314605712891 29
1663197328194 6.007441997528076 30
1663197328451 6.84194278717041 31
1663197328704 6.916955947875977 32
1663197328961 8.021087646484375 33
1663197329217 7.643769264221191 34
1663197329476 9.040290832519531 35
1663197329734 8.817922592163086 36
1663197329988 8.080033302307129 37
1663197330243 8.407832145690918 38
1663197330502 7.930415153503418 39
1663197330759 8.890474319458008 40
1663197331015 8.595698356628418 41
1663197331268 8.69157600402832 42
1663197331529 8.950460433959961 43
1663197331785 8.595917701721191 44
1663197332040 7.86652946472168 45
1663197332294 6.619484901428223 46
1663197332554 6.016019344329834 47
1663197332809 6.167637825012207 48
1663197333064 6.139133930206299 49
1663197333319 7.229580879211426 50
1663197333576 8.20546817779541 51
1663197333831 7.88129186630249 52
1663197334088 7.911653518676758 53
1663197334347 8.320476531982422 54
1663197334601 8.097322463989258 55
1663197334855 8.611324310302734 56
1663197335104 7.836952209472656 57
1663197335363 8.037506103515625 58
1663197335620 7.627714157104492 59
1663197335880 8.572877883911133 60
1663197336137 8.68332290649414 61
1663197336396 8.587797164916992 62
1663197336653 8.35891342163086 63
1663197336907 8.300405502319336 64
1663197337164 7.896224021911621 65
1663197337421 7.676908016204834 66
1663197337678 7.3909711837768555 67
1663197337933 6.818305969238281 68
