1663197320227 0.670847475528717 0
1663197320527 0.6412249207496643 1
1663197320862 0.5573098659515381 2
1663197321220 0.4743157923221588 3
1663197321477 0.5169506072998047 4
1663197321749 0.5637651681900024 5
1663197322009 0.585756778717041 6
1663197322265 0.6293149590492249 7
1663197322526 0.711179256439209 8
1663197322784 0.7507534623146057 9
1663197323040 0.8350446820259094 10
1663197323296 0.8280643820762634 11
1663197323555 0.8057234883308411 12
1663197323813 0.7705203294754028 13
1663197324074 0.7846287488937378 14
1663197324334 0.7734296321868896 15
1663197324590 0.7739906907081604 16
1663197324849 0.7568859457969666 17
1663197325105 0.7511153817176819 18
1663197325361 0.7352608442306519 19
1663197325618 0.7172194123268127 20
1663197325879 0.710943877696991 21
1663197326133 0.729077160358429 22
1663197326393 0.7217137217521667 23
1663197326650 0.7053259611129761 24
1663197326908 0.6941156387329102 25
1663197327169 0.7186172604560852 26
1663197327427 0.7552878856658936 27
1663197327681 0.7552074193954468 28
1663197327939 0.7703173756599426 29
1663197328195 0.7493232488632202 30
1663197328452 0.6879265904426575 31
1663197328705 0.6747195720672607 32
1663197328962 0.5453161001205444 33
1663197329218 0.5805473923683167 34
1663197329478 0.4100145399570465 35
1663197329735 0.4240078032016754 36
1663197329989 0.5100829601287842 37
1663197330244 0.4626843333244324 38
1663197330503 0.5131611227989197 39
1663197330761 0.4066772162914276 40
1663197331016 0.4446732699871063 41
1663197331269 0.44126635789871216 42
1663197331530 0.4149925410747528 43
1663197331786 0.4678595960140228 44
1663197332041 0.5465019345283508 45
1663197332295 0.7408025860786438 46
1663197332555 0.7722183465957642 47
1663197332810 0.7421210408210754 48
1663197333065 0.7341646552085876 49
1663197333320 0.655754029750824 50
1663197333577 0.5593468546867371 51
1663197333832 0.5830336809158325 52
1663197334089 0.5647788643836975 53
1663197334348 0.514899730682373 54
1663197334602 0.5287274122238159 55
1663197334856 0.4767603576183319 56
1663197335105 0.559302031993866 57
1663197335364 0.5420904159545898 58
1663197335622 0.5852982997894287 59
1663197335881 0.42981600761413574 60
1663197336138 0.4127565622329712 61
1663197336397 0.420748233795166 62
1663197336655 0.469893217086792 63
1663197336908 0.49159154295921326 64
1663197337165 0.5691713690757751 65
1663197337423 0.5994587540626526 66
1663197337679 0.6439632773399353 67
1663197337934 0.7178635597229004 68
