1663197320217 0.1656240075826645 0
1663197320517 0.19870279729366302 1
1663197320850 0.29032936692237854 2
1663197321210 0.37046685814857483 3
1663197321468 0.3407520055770874 4
1663197321739 0.31648707389831543 5
1663197321999 0.30099397897720337 6
1663197322255 0.24154208600521088 7
1663197322516 0.12835410237312317 8
1663197322774 0.07666696608066559 9
1663197323030 0.018393827602267265 10
1663197323286 0.012913553975522518 11
1663197323545 0.004851864650845528 12
1663197323804 0.0018207645043730736 13
1663197324064 0.0010646864539012313 14
1663197324324 0.0004593222984112799 15
1663197324580 0.00034393343958072364 16
1663197324839 0.00035636703250929713 17
1663197325095 0.0003584290388971567 18
1663197325351 0.00027031218633055687 19
1663197325609 0.00023732220870442688 20
1663197325869 0.00024200328334700316 21
1663197326123 0.0002591892844066024 22
1663197326384 0.0006755006616003811 23
1663197326640 0.0005622929311357439 24
1663197326898 0.0008127451874315739 25
1663197327159 0.0028453075792640448 26
1663197327417 0.0064811743795871735 27
1663197327671 0.011120365932583809 28
1663197327930 0.01561713870614767 29
1663197328185 0.030763383954763412 30
1663197328443 0.04583995044231415 31
1663197328696 0.052057214081287384 32
1663197328952 0.06804291158914566 33
1663197329209 0.0678539052605629 34
1663197329468 0.06854705512523651 35
1663197329725 0.0817699059844017 36
1663197329979 0.07374924421310425 37
1663197330235 0.06582856178283691 38
1663197330493 0.07864516228437424 39
1663197330751 0.1107756495475769 40
1663197331007 0.09730706363916397 41
1663197331259 0.07128816843032837 42
1663197331520 0.07046123594045639 43
1663197331776 0.06977482885122299 44
1663197332032 0.06318549811840057 45
1663197332286 0.0042839618399739265 46
1663197332545 0.00624837726354599 47
1663197332800 0.006720646284520626 48
1663197333056 0.010971609503030777 49
1663197333310 0.01782345212996006 50
1663197333568 0.021469425410032272 51
1663197333823 0.021317947655916214 52
1663197334079 0.028431197628378868 53
1663197334338 0.025501858443021774 54
1663197334592 0.022598538547754288 55
1663197334847 0.018904242664575577 56
1663197335096 0.02060714364051819 57
1663197335355 0.0134412357583642 58
1663197335612 0.019287338480353355 59
1663197335871 0.010896428488194942 60
1663197336129 0.012360158376395702 61
1663197336387 0.01300202775746584 62
1663197336645 0.01674141176044941 63
1663197336899 0.011612706817686558 64
1663197337155 0.01479802094399929 65
1663197337413 0.014334678649902344 66
1663197337669 0.014269186183810234 67
1663197337925 0.011824977584183216 68
