1663197320219 6.434728622436523 0
1663197320519 6.790286540985107 1
1663197320853 7.404696464538574 2
1663197321212 8.039472579956055 3
1663197321470 7.742291450500488 4
1663197321742 7.429474830627441 5
1663197322001 7.27301549911499 6
1663197322258 6.895158290863037 7
1663197322518 6.118885040283203 8
1663197322776 5.531460762023926 9
1663197323033 3.901618003845215 10
1663197323288 3.632443904876709 11
1663197323547 2.9119913578033447 12
1663197323806 2.3020451068878174 13
1663197324066 1.7099978923797607 14
1663197324327 0.9554997682571411 15
1663197324582 0.6052890419960022 16
1663197324841 0.8304745554924011 17
1663197325097 0.8794450163841248 18
1663197325354 0.8110864162445068 19
1663197325611 0.8644577860832214 20
1663197325871 0.9265408515930176 21
1663197326125 0.8138527870178223 22
1663197326386 1.775633692741394 23
1663197326642 1.7897121906280518 24
1663197326900 2.3628361225128174 25
1663197327162 3.370849132537842 26
1663197327419 3.775628089904785 27
1663197327674 4.294789791107178 28
1663197327932 4.409470558166504 29
1663197328188 5.063873767852783 30
1663197328445 5.619670867919922 31
1663197328698 5.734116077423096 32
1663197328954 6.456140995025635 33
1663197329211 6.2223405838012695 34
1663197329470 7.0957841873168945 35
1663197329727 7.087821006774902 36
1663197329981 6.486156463623047 37
1663197330237 6.635851860046387 38
1663197330495 6.501288890838623 39
1663197330753 7.629955768585205 40
1663197331009 7.298501014709473 41
1663197331262 7.002102851867676 42
1663197331523 7.123218059539795 43
1663197331778 6.975959300994873 44
1663197332034 6.34501314163208 45
1663197332288 3.4244561195373535 46
1663197332547 3.5410516262054443 47
1663197332802 3.853397846221924 48
1663197333058 4.216479301452637 49
1663197333312 5.2646074295043945 50
1663197333570 5.816967487335205 51
1663197333825 5.643589973449707 52
1663197334082 5.772930145263672 53
1663197334340 5.780272006988525 54
1663197334595 5.394033432006836 55
1663197334849 5.543639659881592 56
1663197335098 5.085710048675537 57
1663197335357 4.770803928375244 58
1663197335614 4.8401899337768555 59
1663197335873 4.666666507720947 60
1663197336131 4.8718767166137695 61
1663197336389 4.824708461761475 62
1663197336647 4.98838996887207 63
1663197336901 4.622044563293457 64
1663197337158 4.708907127380371 65
1663197337415 4.508012771606445 66
1663197337672 4.384537220001221 67
1663197337927 4.07774019241333 68
