1663197320222 0.03162381052970886 0
1663197320521 0.03162417933344841 1
1663197320855 0.03162594139575958 2
1663197321214 0.031630273908376694 3
1663197321472 0.03163743391633034 4
1663197321744 0.03166414052248001 5
1663197322003 0.03181757032871246 6
1663197322260 0.03451518341898918 7
1663197322520 0.49453291296958923 8
1663197322778 1.0 9
1663197323035 1.0 10
1663197323290 1.0 11
1663197323549 1.0 12
1663197323808 1.0 13
1663197324069 1.0 14
1663197324329 1.0 15
1663197324584 1.0 16
1663197324843 1.0 17
1663197325100 1.0 18
1663197325356 1.0 19
1663197325613 1.0 20
1663197325873 1.0 21
1663197326127 1.0 22
1663197326388 1.0 23
1663197326645 1.0 24
1663197326902 1.0 25
1663197327164 1.0 26
1663197327421 1.0 27
1663197327676 1.0 28
1663197327934 1.0 29
1663197328190 1.0 30
1663197328447 1.0 31
1663197328700 1.0 32
1663197328956 1.0 33
1663197329213 1.0 34
1663197329472 1.0 35
1663197329729 1.0 36
1663197329983 1.0 37
1663197330239 1.0 38
1663197330497 1.0 39
1663197330755 1.0 40
1663197331011 1.0 41
1663197331264 1.0 42
1663197331525 1.0 43
1663197331781 1.0 44
1663197332036 1.0 45
1663197332290 1.0 46
1663197332549 1.0 47
1663197332804 1.0 48
1663197333060 1.0 49
1663197333315 1.0 50
1663197333572 1.0 51
1663197333827 1.0 52
1663197334084 1.0 53
1663197334342 1.0 54
1663197334597 1.0 55
1663197334851 1.0 56
1663197335100 1.0 57
1663197335359 1.0 58
1663197335616 1.0 59
1663197335875 1.0 60
1663197336133 1.0 61
1663197336391 1.0 62
1663197336649 1.0 63
1663197336903 1.0 64
1663197337160 1.0 65
1663197337417 1.0 66
1663197337674 1.0 67
1663197337929 1.0 68
