1663197320218 0.0011789145646616817 0
1663197320518 0.0012323048431426287 1
1663197320852 0.0013890709960833192 2
1663197321211 0.0016178706428036094 3
1663197321469 0.0018715476617217064 4
1663197321741 0.002494160085916519 5
1663197322000 0.004345891065895557 6
1663197322256 0.014627058058977127 7
1663197322517 0.4942595660686493 8
1663197322775 1.0 9
1663197323032 1.0 10
1663197323287 1.0 11
1663197323546 1.0 12
1663197323805 1.0 13
1663197324065 1.0 14
1663197324326 1.0 15
1663197324581 1.0 16
1663197324840 1.0 17
1663197325096 1.0 18
1663197325353 1.0 19
1663197325610 1.0 20
1663197325870 1.0 21
1663197326124 1.0 22
1663197326385 1.0 23
1663197326641 1.0 24
1663197326899 1.0 25
1663197327161 1.0 26
1663197327418 1.0 27
1663197327673 1.0 28
1663197327931 1.0 29
1663197328186 1.0 30
1663197328444 1.0 31
1663197328697 1.0 32
1663197328953 1.0 33
1663197329210 1.0 34
1663197329469 1.0 35
1663197329726 1.0 36
1663197329980 1.0 37
1663197330236 1.0 38
1663197330494 1.0 39
1663197330752 1.0 40
1663197331008 1.0 41
1663197331260 1.0 42
1663197331521 1.0 43
1663197331777 1.0 44
1663197332033 1.0 45
1663197332287 1.0 46
1663197332546 1.0 47
1663197332801 1.0 48
1663197333057 1.0 49
1663197333311 1.0 50
1663197333569 1.0 51
1663197333824 1.0 52
1663197334081 1.0 53
1663197334339 1.0 54
1663197334594 1.0 55
1663197334848 1.0 56
1663197335097 1.0 57
1663197335356 1.0 58
1663197335613 1.0 59
1663197335872 1.0 60
1663197336130 1.0 61
1663197336388 1.0 62
1663197336646 1.0 63
1663197336900 1.0 64
1663197337156 1.0 65
1663197337414 1.0 66
1663197337671 1.0 67
1663197337926 1.0 68
