1663197320224 0.0011789145646616817 0
1663197320524 0.0012323048431426287 1
1663197320858 0.0013890709960833192 2
1663197321216 0.0016178706428036094 3
1663197321474 0.0018715476617217064 4
1663197321746 0.002494160085916519 5
1663197322005 0.004345891065895557 6
1663197322262 0.014627058058977127 7
1663197322522 0.4942595660686493 8
1663197322780 1.0 9
1663197323037 1.0 10
1663197323293 1.0 11
1663197323552 1.0 12
1663197323810 1.0 13
1663197324071 1.0 14
1663197324331 1.0 15
1663197324586 1.0 16
1663197324845 1.0 17
1663197325102 1.0 18
1663197325358 1.0 19
1663197325615 1.0 20
1663197325875 1.0 21
1663197326129 1.0 22
1663197326390 1.0 23
1663197326647 1.0 24
1663197326905 1.0 25
1663197327166 1.0 26
1663197327423 1.0 27
1663197327678 1.0 28
1663197327936 1.0 29
1663197328192 1.0 30
1663197328449 1.0 31
1663197328702 1.0 32
1663197328959 1.0 33
1663197329215 1.0 34
1663197329474 1.0 35
1663197329732 1.0 36
1663197329985 1.0 37
1663197330241 1.0 38
1663197330499 1.0 39
1663197330757 1.0 40
1663197331013 1.0 41
1663197331266 1.0 42
1663197331527 1.0 43
1663197331783 1.0 44
1663197332038 1.0 45
1663197332292 1.0 46
1663197332551 1.0 47
1663197332806 1.0 48
1663197333062 1.0 49
1663197333317 1.0 50
1663197333574 1.0 51
1663197333829 1.0 52
1663197334086 1.0 53
1663197334345 1.0 54
1663197334599 1.0 55
1663197334853 1.0 56
1663197335102 1.0 57
1663197335361 1.0 58
1663197335618 1.0 59
1663197335878 1.0 60
1663197336135 1.0 61
1663197336393 1.0 62
1663197336651 1.0 63
1663197336905 1.0 64
1663197337162 1.0 65
1663197337419 1.0 66
1663197337676 1.0 67
1663197337931 1.0 68
