1663197320223 0.2400047332048416 0
1663197320522 7.423251628875732 1
1663197320856 22.582956314086914 2
1663197321215 48.43829345703125 3
1663197321473 85.42121887207031 4
1663197321745 122.81376647949219 5
1663197322004 157.7245330810547 6
1663197322261 190.41558837890625 7
1663197322521 218.1751708984375 8
1663197322779 263.32476806640625 9
1663197323036 517.8264770507812 10
1663197323292 961.932861328125 11
1663197323551 1914.41162109375 12
1663197323809 4101.2978515625 13
1663197324070 9515.17578125 14
1663197324330 20810.103515625 15
1663197324585 46969.47265625 16
1663197324844 105275.1015625 17
1663197325101 245673.171875 18
1663197325357 575592.25 19
1663197325614 1391266.75 20
1663197325874 3465879.75 21
1663197326128 8660630.0 22
1663197326389 20738992.0 23
1663197326646 50835884.0 24
1663197326904 128654552.0 25
1663197327165 330440576.0 26
1663197327422 802487232.0 27
1663197327677 1816112768.0 28
1663197327935 4186921728.0 29
1663197328191 9343349760.0 30
1663197328448 22090911744.0 31
1663197328701 58986844160.0 32
1663197328958 156535373824.0 33
1663197329214 512715554816.0 34
1663197329473 1513865216000.0 35
1663197329730 5710904033280.0 36
1663197329984 20188439248896.0 37
1663197330240 63713805598720.0 38
1663197330498 218970116325376.0 39
1663197330756 695246153318400.0 40
1663197331012 2570727173652480.0 41
1663197331265 8833260058574848.0 42
1663197331526 3.069310116508467e+16 43
1663197331782 1.1018896652684493e+17 44
1663197332037 3.6760360516478566e+17 45
1663197332291 1.1118638162803425e+18 46
1663197332550 2.44001723778492e+18 47
1663197332805 5.313546071878664e+18 48
1663197333061 1.2736058799924707e+19 49
1663197333316 inf 50
1663197333573 inf 51
1663197333828 inf 52
1663197334085 inf 53
1663197334344 inf 54
1663197334598 inf 55
1663197334852 inf 56
1663197335101 inf 57
1663197335360 inf 58
1663197335617 inf 59
1663197335876 inf 60
1663197336134 inf 61
1663197336392 inf 62
1663197336650 inf 63
1663197336904 inf 64
1663197337161 inf 65
1663197337418 inf 66
1663197337675 inf 67
1663197337930 inf 68
