1663197320225 0.1656240075826645 0
1663197320525 -0.025660350918769836 1
1663197320859 -0.38531288504600525 2
1663197321217 -1.0503655672073364 3
1663197321475 -2.0740790367126465 4
1663197321747 -2.9688901901245117 5
1663197322006 -3.5159194469451904 6
1663197322263 -3.3255584239959717 7
1663197322523 -0.012932121753692627 8
1663197322782 104.31120300292969 9
1663197323038 380.05352783203125 10
1663197323294 728.0358276367188 11
1663197323553 1395.945068359375 12
1663197323811 2881.561279296875 13
1663197324072 6588.01953125 14
1663197324332 14419.2744140625 15
1663197324588 32640.666015625 16
1663197324846 73259.984375 17
1663197325103 170996.03125 18
1663197325359 400565.4375 19
1663197325616 968100.0625 20
1663197325876 2411648.0 21
1663197326131 6026333.0 22
1663197326391 14430934.0 23
1663197326648 35373452.0 24
1663197326906 89522512.0 25
1663197327167 229932432.0 26
1663197327425 558400256.0 27
1663197327679 1263716608.0 28
1663197327937 2913416192.0 29
1663197328193 6501440000.0 30
1663197328450 15371664384.0 31
1663197328703 41045225472.0 32
1663197328960 108923068416.0 33
1663197329216 356766351360.0 34
1663197329475 1053402529792.0 35
1663197329733 3973858983936.0 36
1663197329987 14047856558080.0 37
1663197330242 44334393065472.0 38
1663197330500 152367387377664.0 39
1663197330758 483778036236288.0 40
1663197331014 1788807305232384.0 41
1663197331267 6146514275532800.0 42
1663197331528 2.13573691244544e+16 43
1663197331784 7.66735328298926e+16 44
1663197332039 2.5579218897207296e+17 45
1663197332293 7.736754113337098e+17 46
1663197332552 1.6978532112279798e+18 47
1663197332808 3.6973607360711885e+18 48
1663197333063 8.862214902723379e+18 49
1663197333318 2.138163087931343e+19 50
1663197333575 6.011614129628067e+19 51
1663197333830 1.9163221034740482e+20 52
1663197334087 5.657307854537249e+20 53
1663197334346 1.724786755703004e+21 54
1663197334600 5.631964692059152e+21 55
1663197334854 1.7754290861203387e+22 56
1663197335103 6.033910170672034e+22 57
1663197335362 1.7984255016456068e+23 58
1663197335619 5.617205067518369e+23 59
1663197335879 1.6370759024869325e+24 60
1663197336136 6.029549461253641e+24 61
1663197336394 2.171540566647848e+25 62
1663197336652 7.6900297855762425e+25 63
1663197336906 2.5606882834733654e+26 64
1663197337163 8.37753052936392e+26 65
1663197337420 2.4652757094855716e+27 66
1663197337677 7.066024431990728e+27 67
1663197337932 1.8998664753436838e+28 68
