1657483507107 0.06518902629613876 0
1657483507575 0.044625163078308105 1
1657483508026 0.11088120192289352 2
1657483508285 0.17452824115753174 3
1657483508541 0.31895074248313904 4
1657483508797 0.634790301322937 5
1657483509049 0.9688892364501953 6
1657483509303 0.9993172883987427 7
1657483509555 0.9999642372131348 8
1657483509811 0.9999655485153198 9
1657483510067 0.9999444484710693 10
1657483510322 0.9999822378158569 11
1657483510575 0.9999955892562866 12
1657483510830 0.9999998807907104 13
1657483511087 1.0 14
1657483511340 1.0 15
1657483511596 1.0 16
1657483511849 0.9999982118606567 17
1657483512104 0.9999799728393555 18
1657483512359 0.9999041557312012 19
1657483512615 0.9995508790016174 20
1657483512873 0.998773992061615 21
1657483513131 0.9937533736228943 22
1657483513386 0.9695304036140442 23
1657483513637 0.6007063984870911 24
1657483513892 0.04882300645112991 25
1657483514147 0.001529686851426959 26
1657483514402 1.3670391126652248e-05 27
1657483514658 1.2311471664361306e-06 28
1657483514911 2.6576205982564716e-06 29
1657483515167 0.00012850947678089142 30
1657483515421 0.015170454047620296 31
1657483515679 0.3482244312763214 32
1657483515932 0.9110164046287537 33
1657483516183 0.9991905093193054 34
1657483516433 0.9999752044677734 35
1657483516685 0.9999971389770508 36
1657483516937 0.9999996423721313 37
1657483517195 1.0 38
1657483517453 1.0 39
1657483517706 1.0 40
1657483517961 1.0 41
1657483518217 1.0 42
1657483518476 1.0 43
1657483518728 1.0 44
1657483518981 1.0 45
1657483519236 1.0 46
1657483519490 1.0 47
1657483519746 1.0 48
1657483519999 1.0 49
1657483520255 1.0 50
1657483520511 1.0 51
1657483520767 1.0 52
1657483521016 1.0 53
1657483521268 1.0 54
1657483521519 1.0 55
1657483521772 1.0 56
1657483522027 1.0 57
1657483522280 1.0 58
1657483522532 1.0 59
1657483522787 1.0 60
1657483523042 1.0 61
1657483523300 1.0 62
1657483523554 1.0 63
1657483523808 1.0 64
1657483524063 1.0 65
1657483524317 1.0 66
1657483524571 1.0 67
1657483524825 1.0 68
