1657483507108 0.0 0
1657483507576 0.026742130517959595 1
1657483508028 0.10743748396635056 2
1657483508286 0.467702716588974 3
1657483508543 1.3220415115356445 4
1657483508798 3.019824504852295 5
1657483509050 6.225398063659668 6
1657483509305 10.125152587890625 7
1657483509557 12.712181091308594 8
1657483509813 13.48695182800293 9
1657483510069 13.617538452148438 10
1657483510324 14.770919799804688 11
1657483510577 17.635221481323242 12
1657483510832 21.42470932006836 13
1657483511088 24.13233184814453 14
1657483511341 25.000274658203125 15
1657483511597 24.001100540161133 16
1657483511851 21.948272705078125 17
1657483512106 19.87887191772461 18
1657483512360 18.337526321411133 19
1657483512616 17.272632598876953 20
1657483512875 16.17110824584961 21
1657483513132 14.569750785827637 22
1657483513387 12.094244003295898 23
1657483513638 8.941471099853516 24
1657483513894 4.762715816497803 25
1657483514148 -0.4420740008354187 26
1657483514403 -5.4351091384887695 27
1657483514659 -8.160932540893555 28
1657483514913 -7.701870441436768 29
1657483515168 -4.388633728027344 30
1657483515422 0.2120034545660019 31
1657483515680 4.246078968048096 32
1657483515934 7.331169128417969 33
1657483516184 10.32706356048584 34
1657483516434 12.955853462219238 35
1657483516686 14.952643394470215 36
1657483516938 16.777009963989258 37
1657483517196 19.09954071044922 38
1657483517454 22.079044342041016 39
1657483517708 24.905241012573242 40
1657483517962 27.566164016723633 41
1657483518218 29.994482040405273 42
1657483518477 32.02644348144531 43
1657483518729 33.77647399902344 44
1657483518983 35.349388122558594 45
1657483519237 36.65321731567383 46
1657483519492 38.23648452758789 47
1657483519747 39.380943298339844 48
1657483520001 39.471473693847656 49
1657483520256 38.19865417480469 50
1657483520512 35.92290496826172 51
1657483520769 33.43413162231445 52
1657483521018 31.373790740966797 53
1657483521270 30.00844955444336 54
1657483521520 29.1115779876709 55
1657483521774 28.376808166503906 56
1657483522028 27.506126403808594 57
1657483522282 26.519424438476562 58
1657483522533 25.33082389831543 59
1657483522788 24.224401473999023 60
1657483523044 23.379802703857422 61
1657483523301 22.88351058959961 62
1657483523555 22.622346878051758 63
1657483523810 22.53104591369629 64
1657483524064 22.52252197265625 65
1657483524318 22.50225257873535 66
1657483524572 22.43701171875 67
1657483524826 22.333505630493164 68
