1657483507116 0.011652863584458828 0
1657483507586 0.01210657600313425 1
1657483508037 0.011212261393666267 2
1657483508294 0.010901419445872307 3
1657483508550 0.010722145438194275 4
1657483508806 0.01112338900566101 5
1657483509058 0.010905303992331028 6
1657483509313 0.01067330501973629 7
1657483509565 0.01005296129733324 8
1657483509820 0.011175347492098808 9
1657483510077 0.011087645776569843 10
1657483510332 0.010979498736560345 11
1657483510584 0.010997327044606209 12
1657483510839 0.010040491819381714 13
1657483511096 0.01007097028195858 14
1657483511349 0.009417777881026268 15
1657483511605 0.009413192979991436 16
1657483511859 0.009156295098364353 17
1657483512114 0.009021229110658169 18
1657483512368 0.008785092271864414 19
1657483512624 0.008693509735167027 20
1657483512882 0.008233804255723953 21
1657483513140 0.008658557198941708 22
1657483513395 0.008862124755978584 23
1657483513646 0.009069498628377914 24
1657483513901 0.009069133549928665 25
1657483514156 0.009915954433381557 26
1657483514411 0.010264592245221138 27
1657483514667 0.01029007788747549 28
1657483514920 0.01075015775859356 29
1657483515176 0.010674781166017056 30
1657483515430 0.010449161753058434 31
1657483515688 0.009933504275977612 32
1657483515941 0.009311509318649769 33
1657483516192 0.009154791943728924 34
1657483516442 0.00847237091511488 35
1657483516694 0.008216924965381622 36
1657483516946 0.008799850009381771 37
1657483517204 0.008756128139793873 38
1657483517461 0.007017133291810751 39
1657483517715 0.006247812882065773 40
1657483517970 0.005959245376288891 41
1657483518226 0.00571484537795186 42
1657483518485 0.006105094216763973 43
1657483518737 0.007139721419662237 44
1657483518990 0.00744603993371129 45
1657483519245 0.010438885539770126 46
1657483519500 0.0107534509152174 47
1657483519755 0.010794714093208313 48
1657483520008 0.01097507681697607 49
1657483520264 0.010582453571259975 50
1657483520520 0.010090159252285957 51
1657483520776 0.00963747501373291 52
1657483521025 0.008983046747744083 53
1657483521277 0.00882579293102026 54
1657483521528 0.0083902757614851 55
1657483521781 0.008037194609642029 56
1657483522035 0.0069399019703269005 57
1657483522289 0.007235200144350529 58
1657483522541 0.006876726634800434 59
1657483522796 0.00639315415173769 60
1657483523051 0.005613917950540781 61
1657483523309 0.005774011369794607 62
1657483523563 0.006531211547553539 63
1657483523817 0.0061680288054049015 64
1657483524072 0.005825509782880545 65
1657483524326 0.006304375361651182 66
1657483524580 0.00727997999638319 67
1657483524834 0.007544585503637791 68
