1657483507117 0.0 0
1657483507587 3.036142349243164 1
1657483508038 7.631054878234863 2
1657483508295 11.354700088500977 3
1657483508551 13.22268295288086 4
1657483508807 13.23496150970459 5
1657483509060 12.726062774658203 6
1657483509314 13.888298034667969 7
1657483509566 16.224328994750977 8
1657483509821 19.010211944580078 9
1657483510078 22.7615909576416 10
1657483510333 26.393491744995117 11
1657483510585 29.3453311920166 12
1657483510840 31.59332275390625 13
1657483511097 33.239749908447266 14
1657483511350 34.03483581542969 15
1657483511606 33.83909606933594 16
1657483511860 32.74740982055664 17
1657483512115 31.02482795715332 18
1657483512369 28.706470489501953 19
1657483512625 26.009414672851562 20
1657483512883 23.042219161987305 21
1657483513141 20.13828468322754 22
1657483513396 16.946945190429688 23
1657483513648 13.810726165771484 24
1657483513902 10.744884490966797 25
1657483514157 9.35046100616455 26
1657483514412 10.802260398864746 27
1657483514668 12.505370140075684 28
1657483514921 12.476327896118164 29
1657483515177 11.34688663482666 30
1657483515431 11.374058723449707 31
1657483515689 13.09810733795166 32
1657483515942 15.073126792907715 33
1657483516193 16.832439422607422 34
1657483516443 19.33547592163086 35
1657483516695 22.85442352294922 36
1657483516947 27.08692169189453 37
1657483517205 31.67283058166504 38
1657483517463 35.884220123291016 39
1657483517717 39.14545822143555 40
1657483517971 42.11127853393555 41
1657483518227 44.93218994140625 42
1657483518486 47.53123474121094 43
1657483518738 50.14375305175781 44
1657483518991 52.88906478881836 45
1657483519246 55.315025329589844 46
1657483519501 57.09025573730469 47
1657483519756 57.53512191772461 48
1657483520009 56.957767486572266 49
1657483520265 55.31986999511719 50
1657483520521 53.0707893371582 51
1657483520777 50.59550094604492 52
1657483521026 48.204471588134766 53
1657483521278 46.08719253540039 54
1657483521529 44.081302642822266 55
1657483521782 42.22249984741211 56
1657483522036 40.53205108642578 57
1657483522290 39.21363067626953 58
1657483522542 37.93965530395508 59
1657483522797 36.86885070800781 60
1657483523053 36.0200309753418 61
1657483523310 35.34965515136719 62
1657483523564 34.754798889160156 63
1657483523818 34.241886138916016 64
1657483524073 33.915077209472656 65
1657483524327 33.803504943847656 66
1657483524581 33.7835693359375 67
1657483524835 33.86318588256836 68
