1657483507118 0.0 0
1657483507588 0.026742130517959595 1
1657483508039 0.1255289912223816 2
1657483508296 0.467702716588974 3
1657483508552 1.3220415115356445 4
1657483508808 3.019824504852295 5
1657483509061 6.225398063659668 6
1657483509315 10.125152587890625 7
1657483509567 12.712181091308594 8
1657483509823 13.48695182800293 9
1657483510079 13.617538452148438 10
1657483510334 14.770919799804688 11
1657483510587 17.635221481323242 12
1657483510841 21.42470932006836 13
1657483511098 24.13233184814453 14
1657483511351 25.000274658203125 15
1657483511607 24.001100540161133 16
1657483511861 21.948272705078125 17
1657483512116 19.87887191772461 18
1657483512370 18.337526321411133 19
1657483512626 17.272632598876953 20
1657483512884 16.17110824584961 21
1657483513142 14.569750785827637 22
1657483513398 12.094244003295898 23
1657483513649 8.941471099853516 24
1657483513903 4.762715816497803 25
1657483514158 0.8876943588256836 26
1657483514413 1.5580589771270752 27
1657483514669 2.2755038738250732 28
1657483514922 3.043753147125244 29
1657483515178 3.9762446880340576 30
1657483515432 5.139183521270752 31
1657483515690 6.624697208404541 32
1657483515943 7.404819011688232 33
1657483516194 10.32706356048584 34
1657483516444 12.955853462219238 35
1657483516696 14.952643394470215 36
1657483516948 16.777009963989258 37
1657483517206 19.09954071044922 38
1657483517464 22.079044342041016 39
1657483517718 24.905241012573242 40
1657483517972 27.566164016723633 41
1657483518228 29.994482040405273 42
1657483518487 32.02644348144531 43
1657483518739 33.77647399902344 44
1657483518992 35.349388122558594 45
1657483519247 36.65321731567383 46
1657483519502 38.23648452758789 47
1657483519757 39.380943298339844 48
1657483520010 39.471473693847656 49
1657483520266 38.19865417480469 50
1657483520522 35.92290496826172 51
1657483520778 33.43413162231445 52
1657483521028 31.373790740966797 53
1657483521279 30.00844955444336 54
1657483521530 29.1115779876709 55
1657483521783 28.376808166503906 56
1657483522038 27.506126403808594 57
1657483522291 26.519424438476562 58
1657483522543 25.33082389831543 59
1657483522798 24.224401473999023 60
1657483523054 23.379802703857422 61
1657483523311 22.88351058959961 62
1657483523565 22.622346878051758 63
1657483523819 22.53104591369629 64
1657483524074 22.52252197265625 65
1657483524328 22.50225257873535 66
1657483524582 22.43701171875 67
1657483524836 22.333505630493164 68
