1657483507115 0.5826432108879089 0
1657483507584 0.6053287982940674 1
1657483508035 0.5606130957603455 2
1657483508293 0.545071005821228 3
1657483508549 0.5361073017120361 4
1657483508805 0.5561694502830505 5
1657483509057 0.5452651977539062 6
1657483509312 0.5336652398109436 7
1657483509563 0.5026480555534363 8
1657483509819 0.5587673783302307 9
1657483510076 0.55438232421875 10
1657483510331 0.5489749312400818 11
1657483510583 0.5498663783073425 12
1657483510838 0.5020245909690857 13
1657483511095 0.5035485029220581 14
1657483511348 0.4708889126777649 15
1657483511604 0.47065967321395874 16
1657483511857 0.4578147530555725 17
1657483512113 0.4510614573955536 18
1657483512367 0.43925461173057556 19
1657483512623 0.4346754848957062 20
1657483512881 0.41169020533561707 21
1657483513139 0.43292784690856934 22
1657483513394 0.4431062340736389 23
1657483513645 0.4534749388694763 24
1657483513900 0.45345669984817505 25
1657483514154 0.4957977533340454 26
1657483514409 0.5132296085357666 27
1657483514666 0.5145038962364197 28
1657483514919 0.5375078916549683 29
1657483515175 0.5337390899658203 30
1657483515429 0.5224580764770508 31
1657483515687 0.4966752231121063 32
1657483515940 0.4655754864215851 33
1657483516191 0.45773962140083313 34
1657483516441 0.4236185550689697 35
1657483516693 0.4108462631702423 36
1657483516945 0.4399925172328949 37
1657483517203 0.4378064274787903 38
1657483517460 0.3508566617965698 39
1657483517714 0.31239065527915955 40
1657483517968 0.2979622781276703 41
1657483518225 0.28574228286743164 42
1657483518484 0.305254727602005 43
1657483518736 0.35698607563972473 44
1657483518989 0.37230199575424194 45
1657483519244 0.5219442844390869 46
1657483519498 0.5376725792884827 47
1657483519753 0.539735734462738 48
1657483520007 0.5487538576126099 49
1657483520263 0.5291227102279663 50
1657483520519 0.5045079588890076 51
1657483520775 0.4818737804889679 52
1657483521024 0.4491523504257202 53
1657483521276 0.44128966331481934 54
1657483521527 0.4195137917995453 55
1657483521780 0.40185976028442383 56
1657483522034 0.34699511528015137 57
1657483522288 0.3617600202560425 58
1657483522540 0.34383633732795715 59
1657483522795 0.31965771317481995 60
1657483523050 0.28069591522216797 61
1657483523308 0.28870058059692383 62
1657483523562 0.3265605866909027 63
1657483523816 0.3084014356136322 64
1657483524071 0.2912755012512207 65
1657483524324 0.3152187764644623 66
1657483524579 0.36399900913238525 67
1657483524833 0.3772292733192444 68
