1657483507113 4.945489883422852 0
1657483507114 4.945489883422852 0
1657483507582 4.651670932769775 1
1657483507583 4.628969192504883 1
1657483508033 5.44589376449585 2
1657483508034 5.338456153869629 2
1657483508291 6.046845436096191 3
1657483508292 5.5791425704956055 3
1657483508547 7.042330741882324 4
1657483508548 5.72028923034668 4
1657483508803 8.521045684814453 5
1657483508804 5.501220703125 5
1657483509055 11.813983917236328 6
1657483509056 5.588585376739502 6
1657483509310 15.715008735656738 7
1657483509311 5.699963092803955 7
1657483509561 18.383920669555664 8
1657483509562 6.265076637268066 8
1657483509817 17.819047927856445 9
1657483509818 5.491558074951172 9
1657483510073 17.343238830566406 10
1657483510075 5.3373918533325195 10
1657483510329 18.54051399230957 11
1657483510330 5.55694580078125 11
1657483510581 20.08378028869629 12
1657483510582 5.008918762207031 12
1657483510836 23.774608612060547 13
1657483510837 6.334540843963623 13
1657483511093 25.687801361083984 14
1657483511094 6.604435443878174 14
1657483511345 26.115373611450195 15
1657483511347 6.907073020935059 15
1657483511602 24.34914779663086 16
1657483511603 6.73732852935791 16
1657483511855 22.52627944946289 17
1657483511856 6.9368486404418945 17
1657483512111 20.393157958984375 18
1657483512112 7.32749080657959 18
1657483512365 18.99922752380371 19
1657483512366 7.760468006134033 19
1657483512620 17.617355346679688 20
1657483512621 7.842499732971191 20
1657483512879 16.961666107177734 21
1657483512880 8.176217079162598 21
1657483513137 15.167122840881348 22
1657483513138 7.881974697113037 22
1657483513392 13.462093353271484 23
1657483513393 7.963989734649658 23
1657483513643 10.275927543640137 24
1657483513644 7.647932052612305 24
1657483513898 8.124674797058105 25
1657483513899 7.726744651794434 25
1657483514152 7.665809631347656 26
1657483514153 6.778115272521973 26
1657483514407 8.022253036499023 27
1657483514408 6.464194297790527 27
1657483514664 8.492159843444824 28
1657483514665 6.290230751037598 28
1657483514917 8.581619262695312 29
1657483514918 5.796422004699707 29
1657483515172 8.860260009765625 30
1657483515173 5.333103656768799 30
1657483515426 9.310667037963867 31
1657483515428 5.730841636657715 31
1657483515685 10.513057708740234 32
1657483515686 5.924683094024658 32
1657483515938 13.442506790161133 33
1657483515939 6.458364963531494 33
1657483516189 16.615846633911133 34
1657483516190 6.44963264465332 34
1657483516439 19.339876174926758 35
1657483516440 7.073030948638916 35
1657483516691 21.429698944091797 36
1657483516692 7.135159015655518 36
1657483516942 22.795188903808594 37
1657483516944 6.651759147644043 37
1657483517201 25.260330200195312 38
1657483517202 6.69996452331543 38
1657483517458 29.06094741821289 39
1657483517459 7.9430317878723145 39
1657483517712 32.24000930786133 40
1657483517713 8.48668098449707 40
1657483517966 34.299495697021484 41
1657483517967 8.676446914672852 41
1657483518223 36.4306640625 42
1657483518224 8.910076141357422 42
1657483518482 38.763648986816406 43
1657483518483 8.790947914123535 43
1657483518733 40.45381546020508 44
1657483518735 8.23830795288086 44
1657483518987 41.74493408203125 45
1657483518988 8.140825271606445 45
1657483519242 39.102535247802734 46
1657483519243 6.079981803894043 46
1657483519496 40.87126541137695 47
1657483519497 5.528508186340332 47
1657483519751 42.890777587890625 48
1657483519752 5.488808631896973 48
1657483520005 42.975303649902344 49
1657483520006 5.011496067047119 49
1657483520261 42.57838439941406 50
1657483520262 5.514077186584473 50
1657483520517 40.63407516479492 51
1657483520518 6.038118362426758 51
1657483520773 38.672760009765625 52
1657483520774 6.1143269538879395 52
1657483521022 37.015464782714844 53
1657483521023 6.663490295410156 53
1657483521274 35.5172119140625 54
1657483521275 6.964791774749756 54
1657483521525 34.39934539794922 55
1657483521526 7.272259712219238 55
1657483521778 33.601104736328125 56
1657483521779 7.607668876647949 56
1657483522032 32.73768997192383 57
1657483522033 8.318090438842773 57
1657483522286 31.251876831054688 58
1657483522287 8.098931312561035 58
1657483522538 30.25229263305664 59
1657483522539 8.230548858642578 59
1657483522793 29.377864837646484 60
1657483522794 8.574712753295898 60
1657483523048 28.2967586517334 61
1657483523049 8.98975944519043 61
1657483523305 27.879512786865234 62
1657483523306 8.959135055541992 62
1657483523560 27.79479217529297 63
1657483523561 8.531354904174805 63
1657483523814 27.616382598876953 64
1657483523815 8.752145767211914 64
1657483524069 27.960628509521484 65
1657483524070 9.103862762451172 65
1657483524322 27.425825119018555 66
1657483524323 8.81035327911377 66
1657483524577 27.437753677368164 67
1657483524578 8.15323543548584 67
1657483524831 27.084938049316406 68
1657483524832 8.0891752243042 68
