1657483507109 0.10959871113300323 0
1657483507578 0.0964990109205246 1
1657483508029 0.16029618680477142 2
1657483508287 0.22812731564044952 3
1657483508544 0.36168885231018066 4
1657483508800 0.648561418056488 5
1657483509052 0.9690168499946594 6
1657483509306 0.9993173480033875 7
1657483509558 0.9999642372131348 8
1657483509814 0.9999655485153198 9
1657483510070 0.9999444484710693 10
1657483510325 0.9999822378158569 11
1657483510578 0.9999955892562866 12
1657483510833 0.9999998807907104 13
1657483511089 1.0 14
1657483511342 1.0 15
1657483511598 1.0 16
1657483511852 0.9999982118606567 17
1657483512107 0.9999799728393555 18
1657483512361 0.9999041557312012 19
1657483512617 0.9995508790016174 20
1657483512876 0.998773992061615 21
1657483513134 0.9937540888786316 22
1657483513389 0.9695500731468201 23
1657483513640 0.6056727766990662 24
1657483513895 0.21850238740444183 25
1657483514149 0.236648827791214 26
1657483514404 0.28685590624809265 27
1657483514660 0.39521992206573486 28
1657483514914 0.4861600697040558 29
1657483515169 0.585800051689148 30
1657483515423 0.7242255210876465 31
1657483515681 0.6781361103057861 32
1657483515935 0.9147009253501892 33
1657483516185 0.999190628528595 34
1657483516436 0.9999752044677734 35
1657483516687 0.9999971389770508 36
1657483516939 0.9999996423721313 37
1657483517197 1.0 38
1657483517455 1.0 39
1657483517709 1.0 40
1657483517963 1.0 41
1657483518219 1.0 42
1657483518478 1.0 43
1657483518730 1.0 44
1657483518984 1.0 45
1657483519239 1.0 46
1657483519493 1.0 47
1657483519748 1.0 48
1657483520002 1.0 49
1657483520257 1.0 50
1657483520514 1.0 51
1657483520770 1.0 52
1657483521019 1.0 53
1657483521271 1.0 54
1657483521521 1.0 55
1657483521775 1.0 56
1657483522029 1.0 57
1657483522283 1.0 58
1657483522535 1.0 59
1657483522789 1.0 60
1657483523045 1.0 61
1657483523302 1.0 62
1657483523556 1.0 63
1657483523811 1.0 64
1657483524065 1.0 65
1657483524319 1.0 66
1657483524574 1.0 67
1657483524828 1.0 68
