1657483507112 32.840763092041016 0
1657483507580 31.057641983032227 1
1657483508031 34.74696350097656 2
1657483508289 37.64444351196289 3
1657483508546 40.19032287597656 4
1657483508802 40.425331115722656 5
1657483509054 41.29277038574219 6
1657483509309 42.603878021240234 7
1657483509560 45.134464263916016 8
1657483509816 46.01500701904297 9
1657483510072 50.75580978393555 10
1657483510327 55.969207763671875 11
1657483510580 60.22614669799805 12
1657483510835 72.70201110839844 13
1657483511092 72.97406005859375 14
1657483511344 78.82720184326172 15
1657483511601 78.07526397705078 16
1657483511854 80.16741180419922 17
1657483512109 82.92818450927734 18
1657483512363 82.8144760131836 19
1657483512619 82.41641235351562 20
1657483512878 82.90418243408203 21
1657483513136 79.98773956298828 22
1657483513391 85.00684356689453 23
1657483513642 82.13815307617188 24
1657483513897 80.91121673583984 25
1657483514151 70.40576171875 26
1657483514406 68.62908172607422 27
1657483514663 65.2440185546875 28
1657483514916 59.26514434814453 29
1657483515171 55.254512786865234 30
1657483515425 50.44523239135742 31
1657483515683 51.92583084106445 32
1657483515937 52.68596649169922 33
1657483516187 52.166603088378906 34
1657483516438 53.75962829589844 35
1657483516690 55.20557403564453 36
1657483516941 54.670326232910156 37
1657483517200 57.106937408447266 38
1657483517457 62.89849853515625 39
1657483517711 66.98429107666016 40
1657483517965 68.18690490722656 41
1657483518222 70.3812255859375 42
1657483518480 73.74173736572266 43
1657483518732 75.55498504638672 44
1657483518986 78.02444458007812 45
1657483519241 85.02737426757812 46
1657483519495 83.5499267578125 47
1657483519750 82.435791015625 48
1657483520004 79.51319885253906 49
1657483520260 78.48696899414062 50
1657483520516 76.83303833007812 51
1657483520772 74.02406311035156 52
1657483521021 72.8395767211914 53
1657483521273 70.66976165771484 54
1657483521523 68.88861846923828 55
1657483521777 67.63550567626953 56
1657483522031 67.81999969482422 57
1657483522285 67.04210662841797 58
1657483522537 64.4026107788086 59
1657483522792 64.30522155761719 60
1657483523047 64.0513687133789 61
1657483523304 64.36549377441406 62
1657483523558 63.27472686767578 63
1657483523813 63.74187469482422 64
1657483524068 65.99544525146484 65
1657483524321 66.59539031982422 66
1657483524576 65.70514678955078 67
1657483524830 66.74432373046875 68
