1657483507110 0.06518902629613876 0
1657483507579 0.05924176797270775 1
1657483508030 0.11088120192289352 2
1657483508288 0.17452824115753174 3
1657483508545 0.31895074248313904 4
1657483508801 0.634790301322937 5
1657483509053 0.9688892364501953 6
1657483509307 0.9993172883987427 7
1657483509559 0.9999642372131348 8
1657483509815 0.9999655485153198 9
1657483510071 0.9999444484710693 10
1657483510326 0.9999822378158569 11
1657483510579 0.9999955892562866 12
1657483510834 0.9999998807907104 13
1657483511090 1.0 14
1657483511343 1.0 15
1657483511599 1.0 16
1657483511853 0.9999982118606567 17
1657483512108 0.9999799728393555 18
1657483512362 0.9999041557312012 19
1657483512618 0.9995508790016174 20
1657483512877 0.998773992061615 21
1657483513135 0.9937533736228943 22
1657483513390 0.9695304036140442 23
1657483513641 0.6007063984870911 24
1657483513896 0.1604185551404953 25
1657483514150 0.18705643713474274 26
1657483514405 0.25362470746040344 27
1657483514662 0.36051735281944275 28
1657483514915 0.4643607437610626 29
1657483515170 0.5781857371330261 30
1657483515424 0.7225556969642639 31
1657483515682 0.5817841291427612 32
1657483515936 0.9110164046287537 33
1657483516186 0.9991905093193054 34
1657483516437 0.9999752044677734 35
1657483516688 0.9999971389770508 36
1657483516940 0.9999996423721313 37
1657483517198 1.0 38
1657483517456 1.0 39
1657483517710 1.0 40
1657483517964 1.0 41
1657483518220 1.0 42
1657483518479 1.0 43
1657483518731 1.0 44
1657483518985 1.0 45
1657483519240 1.0 46
1657483519494 1.0 47
1657483519749 1.0 48
1657483520003 1.0 49
1657483520258 1.0 50
1657483520515 1.0 51
1657483520771 1.0 52
1657483521020 1.0 53
1657483521272 1.0 54
1657483521522 1.0 55
1657483521776 1.0 56
1657483522030 1.0 57
1657483522284 1.0 58
1657483522536 1.0 59
1657483522790 1.0 60
1657483523046 1.0 61
1657483523303 1.0 62
1657483523557 1.0 63
1657483523812 1.0 64
1657483524066 1.0 65
1657483524320 1.0 66
1657483524575 1.0 67
1657483524829 1.0 68
