1657485980953 0.06518902629613876 0
1657485981342 0.044625163078308105 1
1657485981735 0.11062128841876984 2
1657485982038 0.17254380881786346 3
1657485982312 0.30662789940834045 4
1657485982585 0.5817484855651855 5
1657485982855 0.9320558309555054 6
1657485983119 0.9955859184265137 7
1657485983392 0.9992330074310303 8
1657485983666 0.9980096220970154 9
1657485983932 0.9930826425552368 10
1657485984206 0.9953091740608215 11
1657485984472 0.9967511892318726 12
1657485984738 0.9991610050201416 13
1657485985007 0.9993958473205566 14
1657485985269 0.9965420365333557 15
1657485985539 0.9376532435417175 16
1657485985806 0.4299446940422058 17
1657485986078 0.006266031414270401 18
1657485986353 2.2996708139544353e-05 19
1657485986618 1.3770478801689023e-07 20
1657485986893 1.3843521884382426e-08 21
1657485987160 2.040520996615669e-08 22
1657485987427 1.235627792084415e-06 23
1657485987694 8.364566747331992e-05 24
1657485987962 0.008644100278615952 25
1657485988229 0.29067280888557434 26
1657485988500 0.4882082939147949 27
1657485988765 0.41536983847618103 28
1657485989040 0.16284498572349548 29
1657485989314 0.015372547321021557 30
1657485989584 0.0005150171928107738 31
1657485989853 3.3022501156665385e-05 32
1657485990119 1.3468444194586482e-05 33
1657485990380 4.0192589949583635e-05 34
1657485990649 0.0003008638450410217 35
1657485990919 0.003567431354895234 36
1657485991186 0.015531238168478012 37
1657485991452 0.05281487852334976 38
1657485991724 0.08893973380327225 39
1657485991984 0.09814975410699844 40
1657485992256 0.04665413498878479 41
1657485992548 0.01997845619916916 42
1657485992817 0.011788535863161087 43
1657485993081 0.004424807615578175 44
1657485993352 0.00032306561479344964 45
1657485993626 5.594468893832527e-05 46
1657485993897 5.621969648927916e-06 47
1657485994169 2.6525424345891224e-06 48
1657485994442 2.833172175087384e-06 49
1657485994715 9.641297765483614e-06 50
1657485994985 3.488591573841404e-06 51
1657485995255 4.296618385524198e-07 52
1657485995519 2.708194912770523e-08 53
1657485995785 2.7019708692677114e-09 54
1657485996051 6.941525687587102e-10 55
1657485996323 5.183664608665595e-10 56
1657485996587 4.1186448695995637e-10 57
1657485996854 3.8783368183636924e-10 58
1657485997120 3.080612431816121e-10 59
1657485997389 1.2315336250789954e-10 60
1657485997650 2.2377258032668657e-11 61
1657485997917 9.480731304190027e-12 62
1657485998184 7.297022361352212e-12 63
1657485998451 2.5948160720795643e-12 64
1657485998723 1.661353780241237e-12 65
1657485998988 1.019293048402925e-12 66
1657485999250 1.686042798432208e-12 67
1657485999516 1.0671958108887658e-12 68
