1657485980954 0.0 0
1657485981344 0.026742130517959595 1
1657485981737 0.10646621882915497 2
1657485982041 0.4576764702796936 3
1657485982313 1.2608115673065186 4
1657485982587 2.751654863357544 5
1657485982857 5.274096488952637 6
1657485983120 8.10208511352539 7
1657485983393 9.599713325500488 8
1657485983667 9.528614044189453 9
1657485983933 8.953733444213867 10
1657485984207 9.412480354309082 11
1657485984473 11.298179626464844 12
1657485984739 13.647865295410156 13
1657485985009 14.737961769104004 14
1657485985271 13.99004077911377 15
1657485985541 11.79518985748291 16
1657485985807 8.801250457763672 17
1657485986080 4.439759731292725 18
1657485986355 -1.0131399631500244 19
1657485986620 -5.536630153656006 20
1657485986894 -7.829090118408203 21
1657485987162 -7.419099807739258 22
1657485987428 -4.681586265563965 23
1657485987695 -0.6556875109672546 24
1657485987964 3.208665609359741 25
1657485988230 5.554957389831543 26
1657485988501 6.715975761413574 27
1657485988767 6.723036289215088 28
1657485989042 5.3035807609558105 29
1657485989315 2.261500597000122 30
1657485989586 -1.3441282510757446 31
1657485989855 -3.9970486164093018 32
1657485990121 -4.766676425933838 33
1657485990381 -3.7357585430145264 34
1657485990650 -1.5272051095962524 35
1657485990920 0.8022994995117188 36
1657485991187 2.59712815284729 37
1657485991453 3.5051167011260986 38
1657485991725 3.320504665374756 39
1657485991986 2.5297129154205322 40
1657485992257 1.5186896324157715 41
1657485992549 0.4115777611732483 42
1657485992818 -0.5847141742706299 43
1657485993082 -1.3673409223556519 44
1657485993353 -1.7923859357833862 45
1657485993627 -1.6833356618881226 46
1657485993898 -0.9403084516525269 47
1657485994170 0.03723439946770668 48
1657485994444 0.8003928065299988 49
1657485994716 1.0510339736938477 50
1657485994987 0.7566047310829163 51
1657485995257 0.12438591569662094 52
1657485995520 -0.5598708391189575 53
1657485995786 -1.047589898109436 54
1657485996052 -1.2486419677734375 55
1657485996324 -1.1498173475265503 56
1657485996589 -0.839081346988678 57
1657485996855 -0.48848170042037964 58
1657485997122 -0.14878416061401367 59
1657485997390 0.06068192422389984 60
1657485997651 0.1038193479180336 61
1657485997918 0.0011585154570639133 62
1657485998186 -0.2160917967557907 63
1657485998452 -0.5207982659339905 64
1657485998724 -0.7926135659217834 65
1657485998990 -0.9746432900428772 66
1657485999251 -1.0607259273529053 67
1657485999518 -1.016067624092102 68
