1657485980964 0.011652863584458828 0
1657485981354 0.01210657600313425 1
1657485981747 0.011212261393666267 2
1657485982050 0.010901419445872307 3
1657485982323 0.010722145438194275 4
1657485982596 0.01112338900566101 5
1657485982866 0.010905303992331028 6
1657485983130 0.01067330501973629 7
1657485983403 0.01005296129733324 8
1657485983677 0.011175347492098808 9
1657485983942 0.011087645776569843 10
1657485984217 0.010979498736560345 11
1657485984483 0.010997327044606209 12
1657485984749 0.010040491819381714 13
1657485985018 0.01007097028195858 14
1657485985281 0.009417777881026268 15
1657485985550 0.009413192979991436 16
1657485985817 0.009156295098364353 17
1657485986089 0.009021229110658169 18
1657485986365 0.008785092271864414 19
1657485986629 0.008693509735167027 20
1657485986903 0.008233804255723953 21
1657485987171 0.008658557198941708 22
1657485987438 0.008862124755978584 23
1657485987705 0.009069498628377914 24
1657485987973 0.009069133549928665 25
1657485988240 0.009915954433381557 26
1657485988511 0.010264592245221138 27
1657485988776 0.01029007788747549 28
1657485989051 0.01075015775859356 29
1657485989325 0.010674781166017056 30
1657485989595 0.010449161753058434 31
1657485989864 0.009933504275977612 32
1657485990130 0.009311509318649769 33
1657485990391 0.009154791943728924 34
1657485990660 0.00847237091511488 35
1657485990930 0.008216924965381622 36
1657485991197 0.008799850009381771 37
1657485991463 0.008756128139793873 38
1657485991734 0.007017133291810751 39
1657485991995 0.006247812882065773 40
1657485992267 0.005959245376288891 41
1657485992559 0.00571484537795186 42
1657485992828 0.006105094216763973 43
1657485993092 0.007139721419662237 44
1657485993362 0.00744603993371129 45
1657485993636 0.010438885539770126 46
1657485993908 0.0107534509152174 47
1657485994179 0.010794714093208313 48
1657485994453 0.01097507681697607 49
1657485994726 0.010582453571259975 50
1657485994996 0.010090159252285957 51
1657485995266 0.00963747501373291 52
1657485995530 0.008983046747744083 53
1657485995796 0.00882579293102026 54
1657485996062 0.0083902757614851 55
1657485996334 0.008037194609642029 56
1657485996598 0.0069399019703269005 57
1657485996865 0.007235200144350529 58
1657485997131 0.006876726634800434 59
1657485997400 0.00639315415173769 60
1657485997660 0.005613917950540781 61
1657485997928 0.005774011369794607 62
1657485998195 0.006531211547553539 63
1657485998461 0.0061680288054049015 64
1657485998733 0.005825509782880545 65
1657485998999 0.006304375361651182 66
1657485999261 0.00727997999638319 67
1657485999527 0.007544585503637791 68
