1657485980965 0.0 0
1657485981356 3.036142349243164 1
1657485981748 7.520806789398193 2
1657485982051 10.943811416625977 3
1657485982324 12.347086906433105 4
1657485982597 11.846580505371094 5
1657485982867 10.74080753326416 6
1657485983131 11.028736114501953 7
1657485983404 12.267279624938965 8
1657485983678 13.96640396118164 9
1657485983944 16.401472091674805 10
1657485984218 18.399206161499023 11
1657485984484 19.52377700805664 12
1657485984750 19.931203842163086 13
1657485985019 19.885053634643555 14
1657485985282 18.928531646728516 15
1657485985551 17.202823638916016 16
1657485985818 14.74156379699707 17
1657485986091 11.385293960571289 18
1657485986366 9.171271324157715 19
1657485986631 10.034357070922852 20
1657485986905 11.459352493286133 21
1657485987172 11.667031288146973 22
1657485987439 11.1336030960083 23
1657485987706 11.09306526184082 24
1657485987974 12.172076225280762 25
1657485988241 13.276605606079102 26
1657485988512 13.658368110656738 27
1657485988778 13.291925430297852 28
1657485989052 12.299689292907715 29
1657485989326 11.446571350097656 30
1657485989596 12.12820816040039 31
1657485989865 13.757892608642578 32
1657485990131 14.977585792541504 33
1657485990392 15.496354103088379 34
1657485990661 15.743508338928223 35
1657485990931 16.05748748779297 36
1657485991198 16.271390914916992 37
1657485991464 16.032289505004883 38
1657485991735 15.142313957214355 39
1657485991996 14.113102912902832 40
1657485992268 13.079506874084473 41
1657485992560 12.058510780334473 42
1657485992829 11.037643432617188 43
1657485993093 10.136837005615234 44
1657485993364 10.245261192321777 45
1657485993638 12.350183486938477 46
1657485993909 15.386829376220703 47
1657485994180 17.682706832885742 48
1657485994454 19.310869216918945 49
1657485994727 21.062152862548828 50
1657485994997 22.736221313476562 51
1657485995267 23.984928131103516 52
1657485995531 24.90888214111328 53
1657485995797 25.776165008544922 54
1657485996063 26.733671188354492 55
1657485996335 27.78526496887207 56
1657485996599 28.878602981567383 57
1657485996866 29.864452362060547 58
1657485997132 30.782371520996094 59
1657485997401 31.57840347290039 60
1657485997661 32.35018539428711 61
1657485997929 33.10877227783203 62
1657485998196 33.91874694824219 63
1657485998463 34.742862701416016 64
1657485998735 35.44120407104492 65
1657485999000 36.0609245300293 66
1657485999262 36.61386489868164 67
1657485999528 36.96909713745117 68
