1657485980966 0.0 0
1657485981357 0.026742130517959595 1
1657485981749 0.12470448017120361 2
1657485982052 0.4576764702796936 3
1657485982325 1.2608115673065186 4
1657485982598 2.751654863357544 5
1657485982868 5.274096488952637 6
1657485983132 8.10208511352539 7
1657485983405 9.599713325500488 8
1657485983679 9.528614044189453 9
1657485983945 8.953733444213867 10
1657485984219 9.412480354309082 11
1657485984485 11.298179626464844 12
1657485984751 13.647865295410156 13
1657485985020 14.737961769104004 14
1657485985283 13.99004077911377 15
1657485985552 11.79518985748291 16
1657485985819 8.801250457763672 17
1657485986092 4.439759731292725 18
1657485986367 0.6058878302574158 19
1657485986632 1.0410022735595703 20
1657485986906 1.5375696420669556 21
1657485987174 1.9183310270309448 22
1657485987440 2.379577398300171 23
1657485987707 2.1666910648345947 24
1657485987976 3.208665609359741 25
1657485988242 5.554957389831543 26
1657485988513 6.715975761413574 27
1657485988779 6.723036289215088 28
1657485989053 5.548742294311523 29
1657485989327 6.321835517883301 30
1657485989597 7.253331661224365 31
1657485989866 8.162703514099121 32
1657485990132 8.911823272705078 33
1657485990393 9.472284317016602 34
1657485990662 9.891242027282715 35
1657485990932 10.145551681518555 36
1657485991199 10.216541290283203 37
1657485991465 10.03308391571045 38
1657485991737 9.446651458740234 39
1657485991997 8.618756294250488 40
1657485992269 7.614990234375 41
1657485992561 6.484526634216309 42
1657485992830 5.058449745178223 43
1657485993094 2.9750113487243652 44
1657485993365 4.470048427581787 45
1657485993639 7.315253734588623 46
1657485993910 10.43950366973877 47
1657485994181 12.177933692932129 48
1657485994455 12.413447380065918 49
1657485994728 12.151676177978516 50
1657485994998 12.59310531616211 51
1657485995268 14.020198822021484 52
1657485995532 15.842710494995117 53
1657485995798 17.225664138793945 54
1657485996064 17.855194091796875 55
1657485996336 17.847148895263672 56
1657485996600 17.68471908569336 57
1657485996867 17.81548500061035 58
1657485997133 18.44285774230957 59
1657485997402 19.45702362060547 60
1657485997663 20.553991317749023 61
1657485997930 21.41978645324707 62
1657485998197 22.068552017211914 63
1657485998464 22.489896774291992 64
1657485998736 22.665019989013672 65
1657485999001 22.750486373901367 66
1657485999263 22.895416259765625 67
1657485999529 23.21217918395996 68
