1657485980963 0.5826432108879089 0
1657485981353 0.6053287982940674 1
1657485981746 0.5606130957603455 2
1657485982049 0.545071005821228 3
1657485982322 0.5361073017120361 4
1657485982595 0.5561694502830505 5
1657485982865 0.5452651977539062 6
1657485983129 0.5336652398109436 7
1657485983402 0.5026480555534363 8
1657485983676 0.5587673783302307 9
1657485983941 0.55438232421875 10
1657485984216 0.5489749312400818 11
1657485984482 0.5498663783073425 12
1657485984747 0.5020245909690857 13
1657485985017 0.5035485029220581 14
1657485985280 0.4708889126777649 15
1657485985549 0.47065967321395874 16
1657485985816 0.4578147530555725 17
1657485986088 0.4510614573955536 18
1657485986363 0.43925461173057556 19
1657485986628 0.4346754848957062 20
1657485986902 0.41169020533561707 21
1657485987170 0.43292784690856934 22
1657485987436 0.4431062340736389 23
1657485987703 0.4534749388694763 24
1657485987972 0.45345669984817505 25
1657485988239 0.4957977533340454 26
1657485988510 0.5132296085357666 27
1657485988775 0.5145038962364197 28
1657485989050 0.5375078916549683 29
1657485989324 0.5337390899658203 30
1657485989594 0.5224580764770508 31
1657485989863 0.4966752231121063 32
1657485990129 0.4655754864215851 33
1657485990390 0.45773962140083313 34
1657485990659 0.4236185550689697 35
1657485990929 0.4108462631702423 36
1657485991196 0.4399925172328949 37
1657485991462 0.4378064274787903 38
1657485991733 0.3508566617965698 39
1657485991994 0.31239065527915955 40
1657485992266 0.2979622781276703 41
1657485992558 0.28574228286743164 42
1657485992827 0.305254727602005 43
1657485993091 0.35698607563972473 44
1657485993361 0.37230199575424194 45
1657485993635 0.5219442844390869 46
1657485993907 0.5376725792884827 47
1657485994178 0.539735734462738 48
1657485994452 0.5487538576126099 49
1657485994725 0.5291227102279663 50
1657485994995 0.5045079588890076 51
1657485995265 0.4818737804889679 52
1657485995529 0.4491523504257202 53
1657485995795 0.44128966331481934 54
1657485996061 0.4195137917995453 55
1657485996333 0.40185976028442383 56
1657485996597 0.34699511528015137 57
1657485996864 0.3617600202560425 58
1657485997130 0.34383633732795715 59
1657485997399 0.31965771317481995 60
1657485997659 0.28069591522216797 61
1657485997927 0.28870058059692383 62
1657485998194 0.3265605866909027 63
1657485998460 0.3084014356136322 64
1657485998732 0.2912755012512207 65
1657485998998 0.3152187764644623 66
1657485999260 0.36399900913238525 67
1657485999526 0.3772292733192444 68
