1657485980960 4.945489883422852 0
1657485981350 4.628969192504883 1
1657485981742 5.338456153869629 2
1657485982046 5.5791425704956055 3
1657485982319 5.72028923034668 4
1657485982592 5.501220703125 5
1657485982862 5.588585376739502 6
1657485983126 5.699963092803955 7
1657485983399 6.265076637268066 8
1657485983672 5.491558074951172 9
1657485983938 5.3373918533325195 10
1657485984213 5.55694580078125 11
1657485984479 5.008918762207031 12
1657485984744 6.334540843963623 13
1657485985014 6.604435443878174 14
1657485985276 6.907073020935059 15
1657485985546 6.73732852935791 16
1657485985813 6.9368486404418945 17
1657485986085 7.32749080657959 18
1657485986360 7.760468006134033 19
1657485986625 7.842499732971191 20
1657485986899 8.176217079162598 21
1657485987167 7.881974697113037 22
1657485987433 7.963989734649658 23
1657485987700 7.647932052612305 24
1657485987969 7.726744651794434 25
1657485988236 6.778115272521973 26
1657485988507 6.464194297790527 27
1657485988772 6.290230751037598 28
1657485989047 5.796422004699707 29
1657485989320 5.333103656768799 30
1657485989591 5.730841636657715 31
1657485989860 5.924683094024658 32
1657485990126 6.458364963531494 33
1657485990386 6.44963264465332 34
1657485990656 7.073030948638916 35
1657485990926 7.135159015655518 36
1657485991192 6.651759147644043 37
1657485991458 6.69996452331543 38
1657485991730 7.9430317878723145 39
1657485991991 8.48668098449707 40
1657485992263 8.676446914672852 41
1657485992555 8.910076141357422 42
1657485992823 8.790947914123535 43
1657485993088 8.23830795288086 44
1657485993358 8.140825271606445 45
1657485993632 6.079981803894043 46
1657485993904 5.528508186340332 47
1657485994175 5.488808631896973 48
1657485994449 5.011496067047119 49
1657485994722 5.514077186584473 50
1657485994992 6.038118362426758 51
1657485995262 6.1143269538879395 52
1657485995526 6.663490295410156 53
1657485995791 6.964791774749756 54
1657485996058 7.272259712219238 55
1657485996330 7.607668876647949 56
1657485996594 8.318090438842773 57
1657485996860 8.098931312561035 58
1657485997127 8.230548858642578 59
1657485997395 8.574712753295898 60
1657485997656 8.98975944519043 61
1657485997923 8.959135055541992 62
1657485998191 8.531354904174805 63
1657485998457 8.752145767211914 64
1657485998729 9.103862762451172 65
1657485998995 8.81035327911377 66
1657485999257 8.15323543548584 67
1657485999523 8.0891752243042 68
