1657485980961 4.945489883422852 0
1657485981351 4.341599941253662 1
1657485981744 5.338456153869629 2
1657485982047 5.5791425704956055 3
1657485982320 5.72028923034668 4
1657485982593 5.501220703125 5
1657485982863 5.588585376739502 6
1657485983127 5.589856147766113 7
1657485983400 5.6717400550842285 8
1657485983673 4.332096099853516 9
1657485983939 3.7256999015808105 10
1657485984214 3.7695939540863037 11
1657485984480 2.4485585689544678 12
1657485984745 2.3498997688293457 13
1657485985015 1.555469274520874 14
1657485985278 1.1150994300842285 15
1657485985547 0.34804803133010864 16
1657485985814 0.5780065655708313 17
1657485986086 0.5142865180969238 18
1657485986361 0.6617014408111572 19
1657485986626 0.34472256898880005 20
1657485986900 0.7905586361885071 21
1657485987168 0.5973716974258423 22
1657485987434 1.3678491115570068 23
1657485987701 1.3344565629959106 24
1657485987970 2.1723742485046387 25
1657485988237 3.3015363216400146 26
1657485988508 3.628983736038208 27
1657485988773 4.065743446350098 28
1657485989048 4.212503910064697 29
1657485989322 4.837245941162109 30
1657485989592 5.2352190017700195 31
1657485989861 5.753726959228516 32
1657485990127 6.111337184906006 33
1657485990388 6.288783073425293 34
1657485990657 6.384023189544678 35
1657485990927 6.477055549621582 36
1657485991194 6.018179893493652 37
1657485991460 6.160788536071777 38
1657485991731 6.981902599334717 39
1657485991992 7.334769248962402 40
1657485992264 6.733331680297852 41
1657485992556 6.436183452606201 42
1657485992824 6.737204551696777 43
1657485993089 6.677341461181641 44
1657485993359 6.395545482635498 45
1657485993633 2.44931697845459 46
1657485993905 2.6347804069519043 47
1657485994176 3.509835720062256 48
1657485994450 3.5038299560546875 49
1657485994723 4.379732131958008 50
1657485994993 4.711170196533203 51
1657485995263 5.2386298179626465 52
1657485995527 5.641674995422363 53
1657485995792 5.508762359619141 54
1657485996059 5.2877655029296875 55
1657485996331 5.224297046661377 56
1657485996595 5.231564521789551 57
1657485996861 4.732453346252441 58
1657485997128 4.921469211578369 59
1657485997396 5.153463363647461 60
1657485997657 4.916956424713135 61
1657485997925 4.996003150939941 62
1657485998192 5.1724443435668945 63
1657485998458 5.085335731506348 64
1657485998730 5.438107490539551 65
1657485998996 4.923572540283203 66
1657485999258 5.000741958618164 67
1657485999524 4.751433372497559 68
