1657485980955 0.10959871113300323 0
1657485981345 0.0964990109205246 1
1657485981738 0.15997964143753052 2
1657485982042 0.22587548196315765 3
1657485982315 0.34949082136154175 4
1657485982588 0.5979680418968201 5
1657485982858 0.932528555393219 6
1657485983121 0.9955880045890808 7
1657485983395 0.999233067035675 8
1657485983668 0.9980096220970154 9
1657485983934 0.9930828213691711 10
1657485984209 0.9953092336654663 11
1657485984474 0.9967511892318726 12
1657485984740 0.9991610050201416 13
1657485985010 0.9993958473205566 14
1657485985272 0.9965421557426453 15
1657485985542 0.9377018213272095 16
1657485985808 0.4395870566368103 17
1657485986081 0.1707044243812561 18
1657485986356 0.20412136614322662 19
1657485986621 0.23960532248020172 20
1657485986895 0.3061443567276001 21
1657485987163 0.3665602207183838 22
1657485987429 0.22238045930862427 23
1657485987696 0.2336881309747696 24
1657485987965 0.3368852436542511 25
1657485988231 0.46184542775154114 26
1657485988502 0.6254423260688782 27
1657485988768 0.6710377931594849 28
1657485989043 0.799936056137085 29
1657485989316 0.9343411922454834 30
1657485989587 0.9631236791610718 31
1657485989856 0.9763545393943787 32
1657485990122 0.9820757508277893 33
1657485990382 0.9843390583992004 34
1657485990651 0.9847502112388611 35
1657485990921 0.9798300862312317 36
1657485991188 0.9710228443145752 37
1657485991454 0.9329936504364014 38
1657485991726 0.8878836631774902 39
1657485991987 0.8339509963989258 40
1657485992258 0.7680352330207825 41
1657485992551 0.5973083972930908 42
1657485992819 0.5305290818214417 43
1657485993084 0.7607378363609314 44
1657485993354 0.970536470413208 45
1657485993628 0.844788134098053 46
1657485993899 0.9950178265571594 47
1657485994171 0.9996839761734009 48
1657485994445 0.9998809099197388 49
1657485994718 0.999862551689148 50
1657485994988 0.99992835521698 51
1657485995258 0.999976634979248 52
1657485995522 0.9999980926513672 53
1657485995787 0.9999998807907104 54
1657485996054 1.0 55
1657485996325 1.0 56
1657485996590 1.0 57
1657485996856 1.0 58
1657485997123 1.0 59
1657485997391 1.0 60
1657485997652 1.0 61
1657485997919 1.0 62
1657485998187 1.0 63
1657485998453 1.0 64
1657485998725 1.0 65
1657485998991 1.0 66
1657485999253 1.0 67
1657485999519 1.0 68
