1657485980962 4.945489883422852 0
1657485981352 4.36834192276001 1
1657485981745 5.44492244720459 2
1657485982048 6.036818981170654 3
1657485982321 6.981101036071777 4
1657485982594 8.252875328063965 5
1657485982864 10.862682342529297 6
1657485983128 13.691941261291504 7
1657485983401 15.271453857421875 8
1657485983674 13.860710144042969 9
1657485983940 12.679433822631836 10
1657485984215 13.182074546813965 11
1657485984481 13.74673843383789 12
1657485984746 15.997764587402344 13
1657485985016 16.29343032836914 14
1657485985279 15.105140686035156 15
1657485985548 12.143238067626953 16
1657485985815 9.379257202148438 17
1657485986087 4.954046249389648 18
1657485986362 -0.3514385223388672 19
1657485986627 -5.1919074058532715 20
1657485986901 -7.038531303405762 21
1657485987169 -6.821728229522705 22
1657485987435 -3.313737154006958 23
1657485987702 0.678769052028656 24
1657485987971 5.381039619445801 25
1657485988238 8.856493949890137 26
1657485988509 10.344959259033203 27
1657485988774 10.788780212402344 28
1657485989049 9.516084671020508 29
1657485989323 7.098746299743652 30
1657485989593 3.8910908699035645 31
1657485989862 1.7566783428192139 32
1657485990128 1.344660758972168 33
1657485990389 2.5530245304107666 34
1657485990658 4.856818199157715 35
1657485990928 7.279355049133301 36
1657485991195 8.615307807922363 37
1657485991461 9.665904998779297 38
1657485991732 10.302407264709473 39
1657485991993 9.864481925964355 40
1657485992265 8.252021789550781 41
1657485992557 6.847761154174805 42
1657485992826 6.152490615844727 43
1657485993090 5.310000419616699 44
1657485993360 4.603159427642822 45
1657485993634 0.7659813165664673 46
1657485993906 1.6944719552993774 47
1657485994177 3.547070026397705 48
1657485994451 4.304222583770752 49
1657485994724 5.4307661056518555 50
1657485994994 5.467774868011475 51
1657485995264 5.363015651702881 52
1657485995528 5.081804275512695 53
1657485995793 4.461172580718994 54
1657485996060 4.03912353515625 55
1657485996332 4.074479579925537 56
1657485996596 4.392483234405518 57
1657485996862 4.243971824645996 58
1657485997129 4.7726850509643555 59
1657485997398 5.214145183563232 60
1657485997658 5.02077579498291 61
1657485997926 4.997161865234375 62
1657485998193 4.956352710723877 63
1657485998459 4.564537525177002 64
1657485998731 4.645493984222412 65
1657485998997 3.9489293098449707 66
1657485999259 3.940016031265259 67
1657485999525 3.735365867614746 68
