1657485980956 0.06518902629613876 0
1657485981346 0.05924176797270775 1
1657485981739 0.11062128841876984 2
1657485982043 0.17254380881786346 3
1657485982316 0.30662789940834045 4
1657485982589 0.5817484855651855 5
1657485982859 0.9320558309555054 6
1657485983122 0.9955859184265137 7
1657485983396 0.9992330074310303 8
1657485983669 0.9980096220970154 9
1657485983935 0.9930826425552368 10
1657485984210 0.9953091740608215 11
1657485984475 0.9967511892318726 12
1657485984741 0.9991610050201416 13
1657485985011 0.9993958473205566 14
1657485985273 0.9965420365333557 15
1657485985543 0.9376532435417175 16
1657485985809 0.4299446940422058 17
1657485986082 0.07970765233039856 18
1657485986357 0.13194960355758667 19
1657485986622 0.178575336933136 20
1657485986896 0.2229827642440796 21
1657485987164 0.33775264024734497 22
1657485987430 0.1615763157606125 23
1657485987697 0.1813926100730896 24
1657485987966 0.3083666265010834 25
1657485988232 0.3516738712787628 26
1657485988503 0.4882082939147949 27
1657485988769 0.5269106030464172 28
1657485989044 0.783149003982544 29
1657485989317 0.934197187423706 30
1657485989588 0.9631107449531555 31
1657485989857 0.9763477444648743 32
1657485990123 0.9820698499679565 33
1657485990383 0.9843341708183289 34
1657485990652 0.9847429990768433 35
1657485990923 0.9798137545585632 36
1657485991189 0.9708926677703857 37
1657485991455 0.9314888715744019 38
1657485991727 0.883354663848877 39
1657485991988 0.8275271654129028 40
1657485992259 0.7606779932975769 41
1657485992552 0.5420739054679871 42
1657485992820 0.4515632390975952 43
1657485993085 0.7574796080589294 44
1657485993355 0.9705039262771606 45
1657485993629 0.8446236848831177 46
1657485993901 0.9950177073478699 47
1657485994172 0.9996839761734009 48
1657485994446 0.9998809099197388 49
1657485994719 0.999862551689148 50
1657485994989 0.99992835521698 51
1657485995259 0.999976634979248 52
1657485995523 0.9999980926513672 53
1657485995788 0.9999998807907104 54
1657485996055 1.0 55
1657485996326 1.0 56
1657485996591 1.0 57
1657485996857 1.0 58
1657485997124 1.0 59
1657485997392 1.0 60
1657485997653 1.0 61
1657485997920 1.0 62
1657485998188 1.0 63
1657485998454 1.0 64
1657485998726 1.0 65
1657485998992 1.0 66
1657485999254 1.0 67
1657485999520 1.0 68
