1657485980957 32.840763092041016 0
1657485981347 31.057641983032227 1
1657485981740 34.69743347167969 2
1657485982044 37.4278564453125 3
1657485982317 39.69646072387695 4
1657485982590 39.61895751953125 5
1657485982860 40.14774703979492 6
1657485983124 41.0410270690918 7
1657485983397 43.130184173583984 8
1657485983670 43.636680603027344 9
1657485983936 47.915252685546875 10
1657485984211 52.40070724487305 11
1657485984477 55.869693756103516 12
1657485984742 68.05144500732422 13
1657485985012 67.41886138916016 14
1657485985274 72.9491958618164 15
1657485985544 71.85755157470703 16
1657485985811 74.03839874267578 17
1657485986083 77.35321807861328 18
1657485986358 78.15631866455078 19
1657485986623 79.234619140625 20
1657485986897 80.96012878417969 21
1657485987165 78.87837982177734 22
1657485987431 84.2003173828125 23
1657485987698 81.80577087402344 24
1657485987967 81.0704345703125 25
1657485988234 71.0311508178711 26
1657485988504 69.17867279052734 27
1657485988770 65.48006439208984 28
1657485989045 59.25213623046875 29
1657485989318 55.13847351074219 30
1657485989589 50.082481384277344 31
1657485989858 51.14590072631836 32
1657485990124 51.4756965637207 33
1657485990384 50.47093200683594 34
1657485990653 51.39374542236328 35
1657485990924 51.59890365600586 36
1657485991190 49.03538131713867 37
1657485991456 48.6545524597168 38
1657485991728 51.756385803222656 39
1657485991989 53.42680740356445 40
1657485992260 52.088836669921875 41
1657485992553 52.05860900878906 42
1657485992821 53.66096878051758 43
1657485993086 53.48104476928711 44
1657485993356 54.55695724487305 45
1657485993630 64.43402862548828 46
1657485993902 61.438331604003906 47
1657485994173 59.683189392089844 48
1657485994447 56.89030838012695 49
1657485994720 57.295440673828125 50
1657485994990 58.09776306152344 51
1657485995260 57.501487731933594 52
1657485995524 58.798484802246094 53
1657485995789 58.5988655090332 54
1657485996056 58.70307159423828 55
1657485996327 59.20542526245117 56
1657485996592 61.2632942199707 57
1657485996858 62.00719451904297 58
1657485997125 60.58419418334961 59
1657485997393 61.833072662353516 60
1657485997654 62.969642639160156 61
1657485997921 64.21165466308594 62
1657485998189 63.81604766845703 63
1657485998455 65.18599700927734 64
1657485998727 67.96782684326172 65
1657485998993 69.01470184326172 66
1657485999255 68.23800659179688 67
1657485999521 69.4783706665039 68
