1657485980959 4.945489883422852 0
1657485981349 4.651670932769775 1
1657485981741 5.44492244720459 2
1657485982045 6.036818981170654 3
1657485982318 6.981101036071777 4
1657485982591 8.252875328063965 5
1657485982861 10.862682342529297 6
1657485983125 13.691941261291504 7
1657485983398 15.271453857421875 8
1657485983671 13.860710144042969 9
1657485983937 12.679433822631836 10
1657485984212 13.182074546813965 11
1657485984478 13.74673843383789 12
1657485984743 15.997764587402344 13
1657485985013 16.29343032836914 14
1657485985275 15.105140686035156 15
1657485985545 12.143238067626953 16
1657485985812 9.379257202148438 17
1657485986084 7.4972686767578125 18
1657485986359 8.303385734558105 19
1657485986624 8.883502006530762 20
1657485986898 9.556256294250488 21
1657485987166 9.800305366516113 22
1657485987432 8.467416763305664 23
1657485987699 8.36059856414795 24
1657485987968 8.955451965332031 25
1657485988235 9.04699993133545 26
1657485988506 10.344959259033203 27
1657485988771 11.026641845703125 28
1657485989046 11.08660888671875 29
1657485989319 11.205850601196289 30
1657485989590 11.424814224243164 31
1657485989859 12.051063537597656 32
1657485990125 12.541728973388672 33
1657485990385 12.659062385559082 34
1657485990654 12.950296401977539 35
1657485990925 12.894871711730957 36
1657485991191 12.750670433044434 37
1657485991457 12.535896301269531 38
1657485991729 12.598175048828125 39
1657485991990 11.996429443359375 40
1657485992262 11.04347038269043 41
1657485992554 10.14850902557373 42
1657485992822 9.798078536987305 43
1657485993087 10.452770233154297 44
1657485993357 12.61087417602539 45
1657485993631 10.388264656066895 46
1657485993903 13.778306007385254 47
1657485994174 16.38674545288086 48
1657485994448 17.078216552734375 49
1657485994721 16.980083465576172 50
1657485994991 18.033716201782227 51
1657485995261 20.02326011657715 52
1657485995525 22.506200790405273 53
1657485995790 24.19045639038086 54
1657485996057 25.127452850341797 55
1657485996329 25.454818725585938 56
1657485996593 26.002809524536133 57
1657485996859 25.914417266845703 58
1657485997126 26.67340660095215 59
1657485997394 28.031736373901367 60
1657485997655 29.543750762939453 61
1657485997922 30.378921508789062 62
1657485998190 30.59990692138672 63
1657485998456 31.242042541503906 64
1657485998728 31.768882751464844 65
1657485998994 31.560840606689453 66
1657485999256 31.04865264892578 67
1657485999522 31.301353454589844 68
